"C","SETP.WORLD","DVD_DISPATCH_UNIT_SCADA","AEMO","PUBLIC","X2024.03.07","X09.00.22","X0000000413028868","X","X0000000413028821"
"I","DISPATCH","UNIT_SCADA",1,"SETTLEMENTDATE","DUID","SCADAVALUE",NA,NA,NA
"D","DISPATCH","UNIT_SCADA",1,"2024/02/02 03:30:00","MLSP1","0.0310",NA,NA,NA
"D","DISPATCH","UNIT_SCADA",1,"2024/02/02 03:30:00","MLWF1","5.8650",NA,NA,NA
"D","DISPATCH","UNIT_SCADA",1,"2024/02/02 03:30:00","PALOONA","0",NA,NA,NA
"D","DISPATCH","UNIT_SCADA",1,"2024/02/02 03:30:00","PIONEER","-0.40",NA,NA,NA
"D","DISPATCH","UNIT_SCADA",1,"2024/02/02 03:30:00","PORTWF","55.299999",NA,NA,NA
"D","DISPATCH","UNIT_SCADA",1,"2024/02/02 03:30:00","REPULSE","7.162585",NA,NA,NA
"D","DISPATCH","UNIT_SCADA",1,"2024/02/02 03:30:00","ROWALLAN","0",NA,NA,NA
"D","DISPATCH","UNIT_SCADA",1,"2024/02/02 03:30:00","ROYALLA1","0",NA,NA,NA
"D","DISPATCH","UNIT_SCADA",1,"2024/02/02 03:30:00","RPCG","12.50",NA,NA,NA
"D","DISPATCH","UNIT_SCADA",1,"2024/02/02 03:30:00","RUBICON","0.81",NA,NA,NA
"D","DISPATCH","UNIT_SCADA",1,"2024/02/02 03:30:00","SHOAL1","19.9750",NA,NA,NA
"D","DISPATCH","UNIT_SCADA",1,"2024/02/02 03:30:00","WAUBRAWF","167.781998",NA,NA,NA
"D","DISPATCH","UNIT_SCADA",1,"2024/02/02 03:30:00","WOOLNTH1","128.139999",NA,NA,NA
"D","DISPATCH","UNIT_SCADA",1,"2024/02/02 03:30:00","YAMBUKWF","19.40",NA,NA,NA
"D","DISPATCH","UNIT_SCADA",1,"2024/02/02 03:30:00","YSWF1","22.50",NA,NA,NA
"D","DISPATCH","UNIT_SCADA",1,"2024/02/02 03:40:00","BARCSF1","0",NA,NA,NA
"D","DISPATCH","UNIT_SCADA",1,"2024/02/02 03:40:00","BUTLERSG","9.099998",NA,NA,NA
"D","DISPATCH","UNIT_SCADA",1,"2024/02/02 03:40:00","BWTR1","14.8616",NA,NA,NA
"D","DISPATCH","UNIT_SCADA",1,"2024/02/02 03:40:00","CAPTL_WF","0",NA,NA,NA
"D","DISPATCH","UNIT_SCADA",1,"2024/02/02 03:40:00","CHALLHWF","20.10",NA,NA,NA
"D","DISPATCH","UNIT_SCADA",1,"2024/02/02 03:40:00","CLOVER","-0.11",NA,NA,NA
"D","DISPATCH","UNIT_SCADA",1,"2024/02/02 03:40:00","CLUNY","4.610209",NA,NA,NA
"D","DISPATCH","UNIT_SCADA",1,"2024/02/02 03:40:00","CONDONG1","-0.73",NA,NA,NA
"D","DISPATCH","UNIT_SCADA",1,"2024/02/02 03:40:00","CULLRGWF","12.37",NA,NA,NA
"D","DISPATCH","UNIT_SCADA",1,"2024/02/02 03:40:00","DIAPURWF1","0",NA,NA,NA
"D","DISPATCH","UNIT_SCADA",1,"2024/02/02 03:40:00","ERGT01","0",NA,NA,NA
"D","DISPATCH","UNIT_SCADA",1,"2024/02/02 03:40:00","GB01","0",NA,NA,NA
"D","DISPATCH","UNIT_SCADA",1,"2024/02/02 03:40:00","GERMCRK","15.5920",NA,NA,NA
"D","DISPATCH","UNIT_SCADA",1,"2024/02/02 03:40:00","GRIFSF1","0",NA,NA,NA
"D","DISPATCH","UNIT_SCADA",1,"2024/02/02 03:40:00","HUGSF1","-0.1480",NA,NA,NA
"D","DISPATCH","UNIT_SCADA",1,"2024/02/02 03:40:00","KEPBG1","0",NA,NA,NA
"D","DISPATCH","UNIT_SCADA",1,"2024/02/02 03:40:00","LRSF1","-0.03",NA,NA,NA
"D","DISPATCH","UNIT_SCADA",1,"2024/02/02 03:40:00","MBAHNTH","46.181244",NA,NA,NA
"D","DISPATCH","UNIT_SCADA",1,"2024/02/02 03:40:00","MLSP1","0.0310",NA,NA,NA
"D","DISPATCH","UNIT_SCADA",1,"2024/02/02 03:40:00","MLWF1","5.1150",NA,NA,NA
"D","DISPATCH","UNIT_SCADA",1,"2024/02/02 03:40:00","PALOONA","0",NA,NA,NA
"D","DISPATCH","UNIT_SCADA",1,"2024/02/02 03:40:00","PIONEER","-0.40",NA,NA,NA
"D","DISPATCH","UNIT_SCADA",1,"2024/02/02 03:40:00","PORTWF","43.099998",NA,NA,NA
"D","DISPATCH","UNIT_SCADA",1,"2024/02/02 03:40:00","REPULSE","7.047837",NA,NA,NA
"D","DISPATCH","UNIT_SCADA",1,"2024/02/02 03:40:00","ROWALLAN","0",NA,NA,NA
"D","DISPATCH","UNIT_SCADA",1,"2024/02/02 03:40:00","ROYALLA1","0",NA,NA,NA
"D","DISPATCH","UNIT_SCADA",1,"2024/02/02 03:40:00","RPCG","12.50",NA,NA,NA
"D","DISPATCH","UNIT_SCADA",1,"2024/02/02 03:40:00","RUBICON","0.72",NA,NA,NA
"D","DISPATCH","UNIT_SCADA",1,"2024/02/02 03:40:00","SHOAL1","20",NA,NA,NA
"D","DISPATCH","UNIT_SCADA",1,"2024/02/02 03:40:00","WAUBRAWF","165.369995",NA,NA,NA
"D","DISPATCH","UNIT_SCADA",1,"2024/02/02 03:40:00","WOOLNTH1","124.330002",NA,NA,NA
"D","DISPATCH","UNIT_SCADA",1,"2024/02/02 03:40:00","YAMBUKWF","18",NA,NA,NA
"D","DISPATCH","UNIT_SCADA",1,"2024/02/02 03:40:00","YSWF1","24",NA,NA,NA
"D","DISPATCH","UNIT_SCADA",1,"2024/02/02 03:45:00","BARCSF1","0",NA,NA,NA
"D","DISPATCH","UNIT_SCADA",1,"2024/02/02 03:45:00","BUTLERSG","8.999998",NA,NA,NA
"D","DISPATCH","UNIT_SCADA",1,"2024/02/02 03:45:00","BWTR1","14.0042",NA,NA,NA
"D","DISPATCH","UNIT_SCADA",1,"2024/02/02 03:45:00","CAPTL_WF","0",NA,NA,NA
"D","DISPATCH","UNIT_SCADA",1,"2024/02/02 03:45:00","CHALLHWF","19.60",NA,NA,NA
"D","DISPATCH","UNIT_SCADA",1,"2024/02/02 03:45:00","CLOVER","-0.10",NA,NA,NA
"D","DISPATCH","UNIT_SCADA",1,"2024/02/02 03:45:00","CLUNY","4.590982",NA,NA,NA
"D","DISPATCH","UNIT_SCADA",1,"2024/02/02 03:45:00","CONDONG1","-0.72",NA,NA,NA
"D","DISPATCH","UNIT_SCADA",1,"2024/02/02 03:45:00","CULLRGWF","12.71",NA,NA,NA
"D","DISPATCH","UNIT_SCADA",1,"2024/02/02 03:45:00","DIAPURWF1","0",NA,NA,NA
"D","DISPATCH","UNIT_SCADA",1,"2024/02/02 03:45:00","ERGT01","0",NA,NA,NA
"D","DISPATCH","UNIT_SCADA",1,"2024/02/02 03:45:00","GB01","0",NA,NA,NA
"D","DISPATCH","UNIT_SCADA",1,"2024/02/02 03:45:00","GERMCRK","16.007999",NA,NA,NA
"D","DISPATCH","UNIT_SCADA",1,"2024/02/02 03:45:00","GRIFSF1","0",NA,NA,NA
"D","DISPATCH","UNIT_SCADA",1,"2024/02/02 03:45:00","HUGSF1","-0.1480",NA,NA,NA
"D","DISPATCH","UNIT_SCADA",1,"2024/02/02 03:45:00","KEPBG1","0",NA,NA,NA
"D","DISPATCH","UNIT_SCADA",1,"2024/02/02 03:45:00","LRSF1","-0.03",NA,NA,NA
"D","DISPATCH","UNIT_SCADA",1,"2024/02/02 03:45:00","MBAHNTH","46.293747",NA,NA,NA
"D","DISPATCH","UNIT_SCADA",1,"2024/02/02 03:45:00","MLSP1","0.0310",NA,NA,NA
"D","DISPATCH","UNIT_SCADA",1,"2024/02/02 03:45:00","MLWF1","4.6050",NA,NA,NA
"D","DISPATCH","UNIT_SCADA",1,"2024/02/02 03:45:00","PALOONA","0",NA,NA,NA
"D","DISPATCH","UNIT_SCADA",1,"2024/02/02 03:45:00","PIONEER","-0.40",NA,NA,NA
"D","DISPATCH","UNIT_SCADA",1,"2024/02/02 03:45:00","PORTWF","41.099998",NA,NA,NA
"D","DISPATCH","UNIT_SCADA",1,"2024/02/02 03:45:00","REPULSE","7.257801",NA,NA,NA
"D","DISPATCH","UNIT_SCADA",1,"2024/02/02 03:45:00","ROWALLAN","0",NA,NA,NA
"D","DISPATCH","UNIT_SCADA",1,"2024/02/02 03:45:00","ROYALLA1","0",NA,NA,NA
"D","DISPATCH","UNIT_SCADA",1,"2024/02/02 03:45:00","RPCG","12.50",NA,NA,NA
"D","DISPATCH","UNIT_SCADA",1,"2024/02/02 03:45:00","RUBICON","0.81",NA,NA,NA
"D","DISPATCH","UNIT_SCADA",1,"2024/02/02 03:45:00","SHOAL1","20",NA,NA,NA
"D","DISPATCH","UNIT_SCADA",1,"2024/02/02 03:45:00","WAUBRAWF","162.011002",NA,NA,NA
"D","DISPATCH","UNIT_SCADA",1,"2024/02/02 03:45:00","WOOLNTH1","125.239990",NA,NA,NA
"D","DISPATCH","UNIT_SCADA",1,"2024/02/02 03:45:00","YAMBUKWF","18.299999",NA,NA,NA
"D","DISPATCH","UNIT_SCADA",1,"2024/02/02 03:45:00","YSWF1","23",NA,NA,NA
"D","DISPATCH","UNIT_SCADA",1,"2024/02/02 03:50:00","BARCSF1","0",NA,NA,NA
"D","DISPATCH","UNIT_SCADA",1,"2024/02/02 03:50:00","BUTLERSG","8.999998",NA,NA,NA
"D","DISPATCH","UNIT_SCADA",1,"2024/02/02 03:50:00","BWTR1","14.0042",NA,NA,NA
"D","DISPATCH","UNIT_SCADA",1,"2024/02/02 03:50:00","CAPTL_WF","0",NA,NA,NA
"D","DISPATCH","UNIT_SCADA",1,"2024/02/02 03:50:00","CHALLHWF","18.799999",NA,NA,NA
"D","DISPATCH","UNIT_SCADA",1,"2024/02/02 03:50:00","CLOVER","-0.11",NA,NA,NA
"D","DISPATCH","UNIT_SCADA",1,"2024/02/02 03:50:00","CLUNY","4.610209",NA,NA,NA
"D","DISPATCH","UNIT_SCADA",1,"2024/02/02 03:50:00","CONDONG1","-0.72",NA,NA,NA
"D","DISPATCH","UNIT_SCADA",1,"2024/02/02 03:50:00","CULLRGWF","13.79",NA,NA,NA
"D","DISPATCH","UNIT_SCADA",1,"2024/02/02 03:50:00","DIAPURWF1","0",NA,NA,NA
"D","DISPATCH","UNIT_SCADA",1,"2024/02/02 03:50:00","ERGT01","0",NA,NA,NA
"D","DISPATCH","UNIT_SCADA",1,"2024/02/02 03:50:00","GB01","0",NA,NA,NA
"D","DISPATCH","UNIT_SCADA",1,"2024/02/02 03:50:00","GERMCRK","16.125999",NA,NA,NA
"D","DISPATCH","UNIT_SCADA",1,"2024/02/02 03:50:00","GRIFSF1","0",NA,NA,NA
"D","DISPATCH","UNIT_SCADA",1,"2024/02/02 03:50:00","HUGSF1","-0.1480",NA,NA,NA
"D","DISPATCH","UNIT_SCADA",1,"2024/02/02 03:50:00","KEPBG1","0",NA,NA,NA
"D","DISPATCH","UNIT_SCADA",1,"2024/02/02 03:50:00","LRSF1","-0.03",NA,NA,NA
"D","DISPATCH","UNIT_SCADA",1,"2024/02/02 03:50:00","MBAHNTH","46.593750",NA,NA,NA
"D","DISPATCH","UNIT_SCADA",1,"2024/02/02 03:50:00","MLSP1","0.0310",NA,NA,NA
"D","DISPATCH","UNIT_SCADA",1,"2024/02/02 03:50:00","MLWF1","5.01",NA,NA,NA
"D","DISPATCH","UNIT_SCADA",1,"2024/02/02 03:50:00","PALOONA","0",NA,NA,NA
"D","DISPATCH","UNIT_SCADA",1,"2024/02/02 03:50:00","PIONEER","-0.40",NA,NA,NA
"D","DISPATCH","UNIT_SCADA",1,"2024/02/02 03:50:00","PORTWF","41.200001",NA,NA,NA
"D","DISPATCH","UNIT_SCADA",1,"2024/02/02 03:50:00","REPULSE","7.263905",NA,NA,NA
"D","DISPATCH","UNIT_SCADA",1,"2024/02/02 03:50:00","ROWALLAN","0",NA,NA,NA
"D","DISPATCH","UNIT_SCADA",1,"2024/02/02 03:50:00","ROYALLA1","0",NA,NA,NA
"D","DISPATCH","UNIT_SCADA",1,"2024/02/02 03:50:00","RPCG","12.50",NA,NA,NA
"D","DISPATCH","UNIT_SCADA",1,"2024/02/02 03:50:00","RUBICON","0.81",NA,NA,NA
"D","DISPATCH","UNIT_SCADA",1,"2024/02/02 03:50:00","SHOAL1","19.9750",NA,NA,NA
"D","DISPATCH","UNIT_SCADA",1,"2024/02/02 03:50:00","WAUBRAWF","162.656998",NA,NA,NA
"D","DISPATCH","UNIT_SCADA",1,"2024/02/02 03:50:00","WOOLNTH1","126.989998",NA,NA,NA
"D","DISPATCH","UNIT_SCADA",1,"2024/02/02 03:50:00","YAMBUKWF","18.299999",NA,NA,NA
"D","DISPATCH","UNIT_SCADA",1,"2024/02/02 03:50:00","YSWF1","19.299999",NA,NA,NA
"D","DISPATCH","UNIT_SCADA",1,"2024/02/02 03:55:00","BARCSF1","0",NA,NA,NA
"D","DISPATCH","UNIT_SCADA",1,"2024/02/02 03:55:00","BUTLERSG","9.099998",NA,NA,NA
"D","DISPATCH","UNIT_SCADA",1,"2024/02/02 03:55:00","BWTR1","14.0042",NA,NA,NA
"D","DISPATCH","UNIT_SCADA",1,"2024/02/02 03:55:00","CAPTL_WF","0",NA,NA,NA
"D","DISPATCH","UNIT_SCADA",1,"2024/02/02 03:55:00","CHALLHWF","21.299999",NA,NA,NA
"D","DISPATCH","UNIT_SCADA",1,"2024/02/02 03:55:00","CLOVER","-0.10",NA,NA,NA
"D","DISPATCH","UNIT_SCADA",1,"2024/02/02 03:55:00","CLUNY","4.567178",NA,NA,NA
"D","DISPATCH","UNIT_SCADA",1,"2024/02/02 03:55:00","CONDONG1","-0.72",NA,NA,NA
"D","DISPATCH","UNIT_SCADA",1,"2024/02/02 03:55:00","CULLRGWF","14.22",NA,NA,NA
"D","DISPATCH","UNIT_SCADA",1,"2024/02/02 03:55:00","DIAPURWF1","0",NA,NA,NA
"D","DISPATCH","UNIT_SCADA",1,"2024/02/02 03:55:00","ERGT01","0",NA,NA,NA
"D","DISPATCH","UNIT_SCADA",1,"2024/02/02 03:55:00","GB01","0",NA,NA,NA
"D","DISPATCH","UNIT_SCADA",1,"2024/02/02 03:55:00","GERMCRK","16.4090",NA,NA,NA
"D","DISPATCH","UNIT_SCADA",1,"2024/02/02 03:55:00","GRIFSF1","0",NA,NA,NA
"D","DISPATCH","UNIT_SCADA",1,"2024/02/02 03:55:00","HUGSF1","-0.1480",NA,NA,NA
"D","DISPATCH","UNIT_SCADA",1,"2024/02/02 03:55:00","KEPBG1","0",NA,NA,NA
"D","DISPATCH","UNIT_SCADA",1,"2024/02/02 03:55:00","LRSF1","-0.03",NA,NA,NA
"D","DISPATCH","UNIT_SCADA",1,"2024/02/02 03:55:00","MBAHNTH","46.387497",NA,NA,NA
"D","DISPATCH","UNIT_SCADA",1,"2024/02/02 03:55:00","MLSP1","0.0310",NA,NA,NA
"D","DISPATCH","UNIT_SCADA",1,"2024/02/02 03:55:00","MLWF1","4.05",NA,NA,NA
"D","DISPATCH","UNIT_SCADA",1,"2024/02/02 03:55:00","PALOONA","0",NA,NA,NA
"D","DISPATCH","UNIT_SCADA",1,"2024/02/02 03:55:00","PIONEER","-0.40",NA,NA,NA
"D","DISPATCH","UNIT_SCADA",1,"2024/02/02 03:55:00","PORTWF","41.099998",NA,NA,NA
"D","DISPATCH","UNIT_SCADA",1,"2024/02/02 03:55:00","REPULSE","7.390860",NA,NA,NA
"D","DISPATCH","UNIT_SCADA",1,"2024/02/02 03:55:00","ROWALLAN","0",NA,NA,NA
"D","DISPATCH","UNIT_SCADA",1,"2024/02/02 03:55:00","ROYALLA1","0",NA,NA,NA
"D","DISPATCH","UNIT_SCADA",1,"2024/02/02 03:55:00","RPCG","12.50",NA,NA,NA
"D","DISPATCH","UNIT_SCADA",1,"2024/02/02 03:55:00","RUBICON","0.81",NA,NA,NA
"D","DISPATCH","UNIT_SCADA",1,"2024/02/02 03:55:00","SHOAL1","19.9750",NA,NA,NA
"D","DISPATCH","UNIT_SCADA",1,"2024/02/02 03:55:00","WAUBRAWF","164.697006",NA,NA,NA
"D","DISPATCH","UNIT_SCADA",1,"2024/02/02 03:55:00","WOOLNTH1","126.519997",NA,NA,NA
"D","DISPATCH","UNIT_SCADA",1,"2024/02/02 03:55:00","YAMBUKWF","17.299999",NA,NA,NA
"D","DISPATCH","UNIT_SCADA",1,"2024/02/02 03:55:00","YSWF1","18.799999",NA,NA,NA
"D","DISPATCH","UNIT_SCADA",1,"2024/02/02 04:00:00","BARCSF1","0",NA,NA,NA
"D","DISPATCH","UNIT_SCADA",1,"2024/02/02 04:00:00","BUTLERSG","8.999998",NA,NA,NA
"D","DISPATCH","UNIT_SCADA",1,"2024/02/02 04:00:00","BWTR1","14.0042",NA,NA,NA
"D","DISPATCH","UNIT_SCADA",1,"2024/02/02 04:00:00","CAPTL_WF","0",NA,NA,NA
"D","DISPATCH","UNIT_SCADA",1,"2024/02/02 04:00:00","CHALLHWF","20.50",NA,NA,NA
"D","DISPATCH","UNIT_SCADA",1,"2024/02/02 04:00:00","CLOVER","-0.11",NA,NA,NA
"D","DISPATCH","UNIT_SCADA",1,"2024/02/02 04:00:00","CLUNY","4.571755",NA,NA,NA
"D","DISPATCH","UNIT_SCADA",1,"2024/02/02 04:00:00","CONDONG1","-0.72",NA,NA,NA
"D","DISPATCH","UNIT_SCADA",1,"2024/02/02 04:00:00","CULLRGWF","14.22",NA,NA,NA
"D","DISPATCH","UNIT_SCADA",1,"2024/02/02 04:00:00","DIAPURWF1","0",NA,NA,NA
"D","DISPATCH","UNIT_SCADA",1,"2024/02/02 04:00:00","ERGT01","0",NA,NA,NA
"D","DISPATCH","UNIT_SCADA",1,"2024/02/02 04:00:00","GB01","0",NA,NA,NA
"D","DISPATCH","UNIT_SCADA",1,"2024/02/02 04:00:00","GERMCRK","16.5770",NA,NA,NA
"D","DISPATCH","UNIT_SCADA",1,"2024/02/02 04:00:00","GRIFSF1","0",NA,NA,NA
"D","DISPATCH","UNIT_SCADA",1,"2024/02/02 04:00:00","HUGSF1","-0.1480",NA,NA,NA
"D","DISPATCH","UNIT_SCADA",1,"2024/02/02 04:00:00","KEPBG1","0",NA,NA,NA
"D","DISPATCH","UNIT_SCADA",1,"2024/02/02 04:00:00","LRSF1","-0.03",NA,NA,NA
"D","DISPATCH","UNIT_SCADA",1,"2024/02/02 04:00:00","MBAHNTH","46.387497",NA,NA,NA
"D","DISPATCH","UNIT_SCADA",1,"2024/02/02 04:00:00","MLSP1","0.0310",NA,NA,NA
"D","DISPATCH","UNIT_SCADA",1,"2024/02/02 04:00:00","MLWF1","4.1250",NA,NA,NA
"D","DISPATCH","UNIT_SCADA",1,"2024/02/02 04:00:00","PALOONA","0",NA,NA,NA
"D","DISPATCH","UNIT_SCADA",1,"2024/02/02 04:00:00","PIONEER","-0.40",NA,NA,NA
"D","DISPATCH","UNIT_SCADA",1,"2024/02/02 04:00:00","PORTWF","43.299999",NA,NA,NA
"D","DISPATCH","UNIT_SCADA",1,"2024/02/02 04:00:00","REPULSE","7.359121",NA,NA,NA
"D","DISPATCH","UNIT_SCADA",1,"2024/02/02 04:00:00","ROWALLAN","0",NA,NA,NA
"D","DISPATCH","UNIT_SCADA",1,"2024/02/02 04:00:00","ROYALLA1","0",NA,NA,NA
"D","DISPATCH","UNIT_SCADA",1,"2024/02/02 04:00:00","RPCG","12.50",NA,NA,NA
"D","DISPATCH","UNIT_SCADA",1,"2024/02/02 04:00:00","RUBICON","0.81",NA,NA,NA
"D","DISPATCH","UNIT_SCADA",1,"2024/02/02 04:00:00","SHOAL1","19.9750",NA,NA,NA
"D","DISPATCH","UNIT_SCADA",1,"2024/02/02 04:00:00","WAUBRAWF","164.613998",NA,NA,NA
"D","DISPATCH","UNIT_SCADA",1,"2024/02/02 04:00:00","WOOLNTH1","125.699997",NA,NA,NA
"D","DISPATCH","UNIT_SCADA",1,"2024/02/02 04:00:00","YAMBUKWF","18.200001",NA,NA,NA
"D","DISPATCH","UNIT_SCADA",1,"2024/02/02 04:00:00","YSWF1","17.50",NA,NA,NA
"D","DISPATCH","UNIT_SCADA",1,"2024/02/02 04:05:00","BARCSF1","0",NA,NA,NA
"D","DISPATCH","UNIT_SCADA",1,"2024/02/02 04:05:00","BUTLERSG","9.099998",NA,NA,NA
"D","DISPATCH","UNIT_SCADA",1,"2024/02/02 04:05:00","BWTR1","14.0042",NA,NA,NA
"D","DISPATCH","UNIT_SCADA",1,"2024/02/02 04:05:00","CAPTL_WF","0",NA,NA,NA
"D","DISPATCH","UNIT_SCADA",1,"2024/02/02 04:05:00","CHALLHWF","20.299999",NA,NA,NA
"D","DISPATCH","UNIT_SCADA",1,"2024/02/02 04:05:00","CLOVER","-0.10",NA,NA,NA
"D","DISPATCH","UNIT_SCADA",1,"2024/02/02 04:05:00","CLUNY","4.605630",NA,NA,NA
"D","DISPATCH","UNIT_SCADA",1,"2024/02/02 04:05:00","CONDONG1","-0.72",NA,NA,NA
"D","DISPATCH","UNIT_SCADA",1,"2024/02/02 04:05:00","CULLRGWF","14.58",NA,NA,NA
"D","DISPATCH","UNIT_SCADA",1,"2024/02/02 04:05:00","DIAPURWF1","0",NA,NA,NA
"D","DISPATCH","UNIT_SCADA",1,"2024/02/02 04:05:00","ERGT01","0",NA,NA,NA
"D","DISPATCH","UNIT_SCADA",1,"2024/02/02 04:05:00","GB01","0",NA,NA,NA
"D","DISPATCH","UNIT_SCADA",1,"2024/02/02 04:05:00","GERMCRK","15.9660",NA,NA,NA
"D","DISPATCH","UNIT_SCADA",1,"2024/02/02 04:05:00","GRIFSF1","0",NA,NA,NA
"D","DISPATCH","UNIT_SCADA",1,"2024/02/02 04:05:00","HUGSF1","-0.1480",NA,NA,NA
"D","DISPATCH","UNIT_SCADA",1,"2024/02/02 04:05:00","KEPBG1","0",NA,NA,NA
"D","DISPATCH","UNIT_SCADA",1,"2024/02/02 04:05:00","LRSF1","-0.03",NA,NA,NA
"D","DISPATCH","UNIT_SCADA",1,"2024/02/02 04:05:00","MBAHNTH","46.462494",NA,NA,NA
"D","DISPATCH","UNIT_SCADA",1,"2024/02/02 04:05:00","MLSP1","0.0310",NA,NA,NA
"D","DISPATCH","UNIT_SCADA",1,"2024/02/02 04:05:00","MLWF1","3.4050",NA,NA,NA
"D","DISPATCH","UNIT_SCADA",1,"2024/02/02 04:05:00","PALOONA","0",NA,NA,NA
"D","DISPATCH","UNIT_SCADA",1,"2024/02/02 04:05:00","PIONEER","-0.40",NA,NA,NA
"D","DISPATCH","UNIT_SCADA",1,"2024/02/02 04:05:00","PORTWF","42.099998",NA,NA,NA
"D","DISPATCH","UNIT_SCADA",1,"2024/02/02 04:05:00","REPULSE","7.365225",NA,NA,NA
"D","DISPATCH","UNIT_SCADA",1,"2024/02/02 04:05:00","ROWALLAN","0",NA,NA,NA
"D","DISPATCH","UNIT_SCADA",1,"2024/02/02 04:05:00","ROYALLA1","0",NA,NA,NA
"D","DISPATCH","UNIT_SCADA",1,"2024/02/02 04:05:00","RPCG","12.50",NA,NA,NA
"D","DISPATCH","UNIT_SCADA",1,"2024/02/02 04:05:00","RUBICON","0.81",NA,NA,NA
"D","DISPATCH","UNIT_SCADA",1,"2024/02/02 04:05:00","SHOAL1","19.9750",NA,NA,NA
"D","DISPATCH","UNIT_SCADA",1,"2024/02/02 04:05:00","WAUBRAWF","164.738998",NA,NA,NA
"D","DISPATCH","UNIT_SCADA",1,"2024/02/02 04:05:00","WOOLNTH1","126.839996",NA,NA,NA
"D","DISPATCH","UNIT_SCADA",1,"2024/02/02 04:05:00","YAMBUKWF","16.90",NA,NA,NA
"D","DISPATCH","UNIT_SCADA",1,"2024/02/02 04:05:00","YSWF1","19.50",NA,NA,NA
"D","DISPATCH","UNIT_SCADA",1,"2024/02/02 04:10:00","BARCSF1","0",NA,NA,NA
"D","DISPATCH","UNIT_SCADA",1,"2024/02/02 04:10:00","BUTLERSG","8.999998",NA,NA,NA
"D","DISPATCH","UNIT_SCADA",1,"2024/02/02 04:10:00","BWTR1","14.0042",NA,NA,NA
"D","DISPATCH","UNIT_SCADA",1,"2024/02/02 04:10:00","CAPTL_WF","0",NA,NA,NA
"D","DISPATCH","UNIT_SCADA",1,"2024/02/02 04:10:00","CHALLHWF","22.799999",NA,NA,NA
"D","DISPATCH","UNIT_SCADA",1,"2024/02/02 04:10:00","CLOVER","-0.10",NA,NA,NA
"D","DISPATCH","UNIT_SCADA",1,"2024/02/02 04:10:00","CLUNY","4.605630",NA,NA,NA
"D","DISPATCH","UNIT_SCADA",1,"2024/02/02 04:10:00","CONDONG1","-0.72",NA,NA,NA
"D","DISPATCH","UNIT_SCADA",1,"2024/02/02 04:10:00","CULLRGWF","15.05",NA,NA,NA
"D","DISPATCH","UNIT_SCADA",1,"2024/02/02 04:10:00","DIAPURWF1","0",NA,NA,NA
"D","DISPATCH","UNIT_SCADA",1,"2024/02/02 04:10:00","ERGT01","0",NA,NA,NA
"D","DISPATCH","UNIT_SCADA",1,"2024/02/02 04:10:00","GB01","0",NA,NA,NA
"D","DISPATCH","UNIT_SCADA",1,"2024/02/02 04:10:00","GERMCRK","8.3920",NA,NA,NA
"D","DISPATCH","UNIT_SCADA",1,"2024/02/02 04:10:00","GRIFSF1","0",NA,NA,NA
"D","DISPATCH","UNIT_SCADA",1,"2024/02/02 04:10:00","HUGSF1","-0.1480",NA,NA,NA
"D","DISPATCH","UNIT_SCADA",1,"2024/02/02 04:10:00","KEPBG1","0",NA,NA,NA
"D","DISPATCH","UNIT_SCADA",1,"2024/02/02 04:10:00","LRSF1","-0.03",NA,NA,NA
"D","DISPATCH","UNIT_SCADA",1,"2024/02/02 04:10:00","MBAHNTH","46.781250",NA,NA,NA
"D","DISPATCH","UNIT_SCADA",1,"2024/02/02 04:10:00","MLSP1","0.0310",NA,NA,NA
"D","DISPATCH","UNIT_SCADA",1,"2024/02/02 04:10:00","MLWF1","3.0750",NA,NA,NA
"D","DISPATCH","UNIT_SCADA",1,"2024/02/02 04:10:00","PALOONA","0",NA,NA,NA
"D","DISPATCH","UNIT_SCADA",1,"2024/02/02 04:10:00","PIONEER","-0.40",NA,NA,NA
"D","DISPATCH","UNIT_SCADA",1,"2024/02/02 04:10:00","PORTWF","44.599998",NA,NA,NA
"D","DISPATCH","UNIT_SCADA",1,"2024/02/02 04:10:00","REPULSE","7.212635",NA,NA,NA
"D","DISPATCH","UNIT_SCADA",1,"2024/02/02 04:10:00","ROWALLAN","0",NA,NA,NA
"D","DISPATCH","UNIT_SCADA",1,"2024/02/02 04:10:00","ROYALLA1","0",NA,NA,NA
"D","DISPATCH","UNIT_SCADA",1,"2024/02/02 04:10:00","RPCG","11.40",NA,NA,NA
"D","DISPATCH","UNIT_SCADA",1,"2024/02/02 04:10:00","RUBICON","0.72",NA,NA,NA
"D","DISPATCH","UNIT_SCADA",1,"2024/02/02 04:10:00","SHOAL1","19.9750",NA,NA,NA
"D","DISPATCH","UNIT_SCADA",1,"2024/02/02 04:10:00","WAUBRAWF","164.893005",NA,NA,NA
"D","DISPATCH","UNIT_SCADA",1,"2024/02/02 04:10:00","WOOLNTH1","126.240005",NA,NA,NA
"D","DISPATCH","UNIT_SCADA",1,"2024/02/02 04:10:00","YAMBUKWF","14.90",NA,NA,NA
"D","DISPATCH","UNIT_SCADA",1,"2024/02/02 04:10:00","YSWF1","19.90",NA,NA,NA
"D","DISPATCH","UNIT_SCADA",1,"2024/02/02 04:15:00","BARCSF1","0",NA,NA,NA
"D","DISPATCH","UNIT_SCADA",1,"2024/02/02 04:15:00","BUTLERSG","8.999998",NA,NA,NA
"D","DISPATCH","UNIT_SCADA",1,"2024/02/02 04:15:00","BWTR1","14.0042",NA,NA,NA
"D","DISPATCH","UNIT_SCADA",1,"2024/02/02 04:15:00","CAPTL_WF","7.603631",NA,NA,NA
"D","DISPATCH","UNIT_SCADA",1,"2024/02/02 04:15:00","CHALLHWF","21.599998",NA,NA,NA
"D","DISPATCH","UNIT_SCADA",1,"2024/02/02 04:15:00","CLOVER","-0.10",NA,NA,NA
"D","DISPATCH","UNIT_SCADA",1,"2024/02/02 04:15:00","CLUNY","4.590982",NA,NA,NA
"D","DISPATCH","UNIT_SCADA",1,"2024/02/02 04:15:00","CONDONG1","-0.73",NA,NA,NA
"D","DISPATCH","UNIT_SCADA",1,"2024/02/02 04:15:00","CULLRGWF","15.62",NA,NA,NA
"D","DISPATCH","UNIT_SCADA",1,"2024/02/02 04:15:00","DIAPURWF1","0",NA,NA,NA
"D","DISPATCH","UNIT_SCADA",1,"2024/02/02 04:15:00","ERGT01","0",NA,NA,NA
"D","DISPATCH","UNIT_SCADA",1,"2024/02/02 04:15:00","GB01","0",NA,NA,NA
"D","DISPATCH","UNIT_SCADA",1,"2024/02/02 04:15:00","GERMCRK","-0.57",NA,NA,NA
"D","DISPATCH","UNIT_SCADA",1,"2024/02/02 04:15:00","GRIFSF1","0",NA,NA,NA
"D","DISPATCH","UNIT_SCADA",1,"2024/02/02 04:15:00","HUGSF1","-0.1480",NA,NA,NA
"D","DISPATCH","UNIT_SCADA",1,"2024/02/02 04:15:00","KEPBG1","0",NA,NA,NA
"D","DISPATCH","UNIT_SCADA",1,"2024/02/02 04:15:00","LRSF1","-0.03",NA,NA,NA
"D","DISPATCH","UNIT_SCADA",1,"2024/02/02 04:15:00","MBAHNTH","46.706253",NA,NA,NA
"D","DISPATCH","UNIT_SCADA",1,"2024/02/02 04:15:00","MLSP1","0.0310",NA,NA,NA
"D","DISPATCH","UNIT_SCADA",1,"2024/02/02 04:15:00","MLWF1","3.0750",NA,NA,NA
"D","DISPATCH","UNIT_SCADA",1,"2024/02/02 04:15:00","PALOONA","0",NA,NA,NA
"D","DISPATCH","UNIT_SCADA",1,"2024/02/02 04:15:00","PIONEER","-0.40",NA,NA,NA
"D","DISPATCH","UNIT_SCADA",1,"2024/02/02 04:15:00","PORTWF","44.50",NA,NA,NA
"D","DISPATCH","UNIT_SCADA",1,"2024/02/02 04:15:00","REPULSE","7.346914",NA,NA,NA
"D","DISPATCH","UNIT_SCADA",1,"2024/02/02 04:15:00","ROWALLAN","0",NA,NA,NA
"D","DISPATCH","UNIT_SCADA",1,"2024/02/02 04:15:00","ROYALLA1","0",NA,NA,NA
"D","DISPATCH","UNIT_SCADA",1,"2024/02/02 04:15:00","RPCG","11.40",NA,NA,NA
"D","DISPATCH","UNIT_SCADA",1,"2024/02/02 04:15:00","RUBICON","0.81",NA,NA,NA
"D","DISPATCH","UNIT_SCADA",1,"2024/02/02 04:15:00","SHOAL1","19.9750",NA,NA,NA
"D","DISPATCH","UNIT_SCADA",1,"2024/02/02 04:15:00","WAUBRAWF","169.964996",NA,NA,NA
"D","DISPATCH","UNIT_SCADA",1,"2024/02/02 04:15:00","WOOLNTH1","127.690002",NA,NA,NA
"D","DISPATCH","UNIT_SCADA",1,"2024/02/02 04:15:00","YAMBUKWF","14.70",NA,NA,NA
"D","DISPATCH","UNIT_SCADA",1,"2024/02/02 04:15:00","YSWF1","17.40",NA,NA,NA
"D","DISPATCH","UNIT_SCADA",1,"2024/02/02 04:20:00","BARCSF1","0",NA,NA,NA
"D","DISPATCH","UNIT_SCADA",1,"2024/02/02 04:20:00","BUTLERSG","8.999998",NA,NA,NA
"D","DISPATCH","UNIT_SCADA",1,"2024/02/02 04:20:00","BWTR1","14.0042",NA,NA,NA
"D","DISPATCH","UNIT_SCADA",1,"2024/02/02 04:20:00","CAPTL_WF","13.238483",NA,NA,NA
"D","DISPATCH","UNIT_SCADA",1,"2024/02/02 04:20:00","CHALLHWF","18.700001",NA,NA,NA
"D","DISPATCH","UNIT_SCADA",1,"2024/02/02 04:20:00","CLOVER","-0.10",NA,NA,NA
"D","DISPATCH","UNIT_SCADA",1,"2024/02/02 04:20:00","CLUNY","8.091096",NA,NA,NA
"D","DISPATCH","UNIT_SCADA",1,"2024/02/02 04:20:00","CONDONG1","-0.73",NA,NA,NA
"D","DISPATCH","UNIT_SCADA",1,"2024/02/02 04:20:00","CULLRGWF","15.14",NA,NA,NA
"D","DISPATCH","UNIT_SCADA",1,"2024/02/02 04:20:00","DIAPURWF1","0",NA,NA,NA
"D","DISPATCH","UNIT_SCADA",1,"2024/02/02 04:20:00","ERGT01","0",NA,NA,NA
"D","DISPATCH","UNIT_SCADA",1,"2024/02/02 04:20:00","GB01","0",NA,NA,NA
"D","DISPATCH","UNIT_SCADA",1,"2024/02/02 04:20:00","GERMCRK","-0.3890",NA,NA,NA
"D","DISPATCH","UNIT_SCADA",1,"2024/02/02 04:20:00","GRIFSF1","0",NA,NA,NA
"D","DISPATCH","UNIT_SCADA",1,"2024/02/02 08:10:00","CLOVER","-0.10",NA,NA,NA
"D","DISPATCH","UNIT_SCADA",1,"2024/02/02 08:10:00","CLUNY","5.005722",NA,NA,NA
"D","DISPATCH","UNIT_SCADA",1,"2024/02/02 08:10:00","CONDONG1","-0.89",NA,NA,NA
"D","DISPATCH","UNIT_SCADA",1,"2024/02/02 08:10:00","CULLRGWF","14.15",NA,NA,NA
"D","DISPATCH","UNIT_SCADA",1,"2024/02/02 08:10:00","DIAPURWF1","0",NA,NA,NA
"D","DISPATCH","UNIT_SCADA",1,"2024/02/02 08:10:00","ERGT01","0",NA,NA,NA
"D","DISPATCH","UNIT_SCADA",1,"2024/02/02 08:10:00","GB01","0",NA,NA,NA
"D","DISPATCH","UNIT_SCADA",1,"2024/02/02 08:10:00","GERMCRK","10.0280",NA,NA,NA
"D","DISPATCH","UNIT_SCADA",1,"2024/02/02 08:10:00","GRIFSF1","27.020075",NA,NA,NA
"D","DISPATCH","UNIT_SCADA",1,"2024/02/02 08:10:00","HUGSF1","2.3330",NA,NA,NA
"D","DISPATCH","UNIT_SCADA",1,"2024/02/02 08:10:00","KEPBG1","0",NA,NA,NA
"D","DISPATCH","UNIT_SCADA",1,"2024/02/02 08:10:00","LRSF1","9.957001",NA,NA,NA
"D","DISPATCH","UNIT_SCADA",1,"2024/02/02 08:10:00","MBAHNTH","44.212494",NA,NA,NA
"D","DISPATCH","UNIT_SCADA",1,"2024/02/02 08:10:00","MLSP1","6.0250",NA,NA,NA
"D","DISPATCH","UNIT_SCADA",1,"2024/02/02 08:10:00","MLWF1","4.7850",NA,NA,NA
"D","DISPATCH","UNIT_SCADA",1,"2024/02/02 08:10:00","PALOONA","0",NA,NA,NA
"D","DISPATCH","UNIT_SCADA",1,"2024/02/02 08:10:00","PIONEER","-0.60",NA,NA,NA
"D","DISPATCH","UNIT_SCADA",1,"2024/02/02 08:10:00","PORTWF","16.799999",NA,NA,NA
"D","DISPATCH","UNIT_SCADA",1,"2024/02/02 08:10:00","REPULSE","7.930419",NA,NA,NA
"D","DISPATCH","UNIT_SCADA",1,"2024/02/02 08:10:00","ROWALLAN","0",NA,NA,NA
"D","DISPATCH","UNIT_SCADA",1,"2024/02/02 08:10:00","ROYALLA1","8.9820",NA,NA,NA
"D","DISPATCH","UNIT_SCADA",1,"2024/02/02 08:10:00","RPCG","17.50",NA,NA,NA
"D","DISPATCH","UNIT_SCADA",1,"2024/02/02 08:10:00","RUBICON","0.81",NA,NA,NA
"D","DISPATCH","UNIT_SCADA",1,"2024/02/02 08:10:00","SHOAL1","25.85",NA,NA,NA
"D","DISPATCH","UNIT_SCADA",1,"2024/02/02 08:10:00","WAUBRAWF","167.658005",NA,NA,NA
"D","DISPATCH","UNIT_SCADA",1,"2024/02/02 08:10:00","WOOLNTH1","117.50",NA,NA,NA
"D","DISPATCH","UNIT_SCADA",1,"2024/02/02 08:10:00","YAMBUKWF","6.90",NA,NA,NA
"D","DISPATCH","UNIT_SCADA",1,"2024/02/02 08:10:00","YSWF1","15.70",NA,NA,NA
"D","DISPATCH","UNIT_SCADA",1,"2024/02/02 08:15:00","BARCSF1","13.50",NA,NA,NA
"D","DISPATCH","UNIT_SCADA",1,"2024/02/02 08:15:00","BUTLERSG","8.999998",NA,NA,NA
"D","DISPATCH","UNIT_SCADA",1,"2024/02/02 08:15:00","BWTR1","14.690120",NA,NA,NA
"D","DISPATCH","UNIT_SCADA",1,"2024/02/02 08:15:00","CAPTL_WF","0",NA,NA,NA
"D","DISPATCH","UNIT_SCADA",1,"2024/02/02 08:15:00","CHALLHWF","13.40",NA,NA,NA
"D","DISPATCH","UNIT_SCADA",1,"2024/02/02 08:15:00","CLOVER","-0.10",NA,NA,NA
"D","DISPATCH","UNIT_SCADA",1,"2024/02/02 08:15:00","CLUNY","5.043259",NA,NA,NA
"D","DISPATCH","UNIT_SCADA",1,"2024/02/02 08:15:00","CONDONG1","-0.86",NA,NA,NA
"D","DISPATCH","UNIT_SCADA",1,"2024/02/02 08:15:00","CULLRGWF","12.62",NA,NA,NA
"D","DISPATCH","UNIT_SCADA",1,"2024/02/02 08:15:00","DIAPURWF1","0",NA,NA,NA
"D","DISPATCH","UNIT_SCADA",1,"2024/02/02 08:15:00","ERGT01","0",NA,NA,NA
"D","DISPATCH","UNIT_SCADA",1,"2024/02/02 08:15:00","GB01","0",NA,NA,NA
"D","DISPATCH","UNIT_SCADA",1,"2024/02/02 08:15:00","GERMCRK","10.0390",NA,NA,NA
"D","DISPATCH","UNIT_SCADA",1,"2024/02/02 08:15:00","GRIFSF1","27.020075",NA,NA,NA
"D","DISPATCH","UNIT_SCADA",1,"2024/02/02 08:15:00","HUGSF1","2.1260",NA,NA,NA
"D","DISPATCH","UNIT_SCADA",1,"2024/02/02 08:15:00","KEPBG1","0",NA,NA,NA
"D","DISPATCH","UNIT_SCADA",1,"2024/02/02 08:15:00","LRSF1","9.957001",NA,NA,NA
"D","DISPATCH","UNIT_SCADA",1,"2024/02/02 08:15:00","MBAHNTH","44.25",NA,NA,NA
"D","DISPATCH","UNIT_SCADA",1,"2024/02/02 08:15:00","MLSP1","6.2760",NA,NA,NA
"D","DISPATCH","UNIT_SCADA",1,"2024/02/02 08:15:00","MLWF1","4.74",NA,NA,NA
"D","DISPATCH","UNIT_SCADA",1,"2024/02/02 08:15:00","PALOONA","0",NA,NA,NA
"D","DISPATCH","UNIT_SCADA",1,"2024/02/02 08:15:00","PIONEER","-0.60",NA,NA,NA
"D","DISPATCH","UNIT_SCADA",1,"2024/02/02 08:15:00","PORTWF","17.200001",NA,NA,NA
"D","DISPATCH","UNIT_SCADA",1,"2024/02/02 08:15:00","REPULSE","7.898680",NA,NA,NA
"D","DISPATCH","UNIT_SCADA",1,"2024/02/02 08:15:00","ROWALLAN","0",NA,NA,NA
"D","DISPATCH","UNIT_SCADA",1,"2024/02/02 08:15:00","ROYALLA1","9.8210",NA,NA,NA
"D","DISPATCH","UNIT_SCADA",1,"2024/02/02 08:15:00","RPCG","16.10",NA,NA,NA
"D","DISPATCH","UNIT_SCADA",1,"2024/02/02 08:15:00","RUBICON","0.81",NA,NA,NA
"D","DISPATCH","UNIT_SCADA",1,"2024/02/02 08:15:00","SHOAL1","26",NA,NA,NA
"D","DISPATCH","UNIT_SCADA",1,"2024/02/02 08:15:00","WAUBRAWF","164.1810",NA,NA,NA
"D","DISPATCH","UNIT_SCADA",1,"2024/02/02 08:15:00","WOOLNTH1","114.699997",NA,NA,NA
"D","DISPATCH","UNIT_SCADA",1,"2024/02/02 08:15:00","YAMBUKWF","7.20",NA,NA,NA
"D","DISPATCH","UNIT_SCADA",1,"2024/02/02 08:15:00","YSWF1","16",NA,NA,NA
"D","DISPATCH","UNIT_SCADA",1,"2024/02/02 08:20:00","BARCSF1","13.300001",NA,NA,NA
"D","DISPATCH","UNIT_SCADA",1,"2024/02/02 08:20:00","BUTLERSG","9.099998",NA,NA,NA
"D","DISPATCH","UNIT_SCADA",1,"2024/02/02 08:20:00","BWTR1","14.690120",NA,NA,NA
"D","DISPATCH","UNIT_SCADA",1,"2024/02/02 08:20:00","CAPTL_WF","0",NA,NA,NA
"D","DISPATCH","UNIT_SCADA",1,"2024/02/02 08:20:00","CHALLHWF","10.50",NA,NA,NA
"D","DISPATCH","UNIT_SCADA",1,"2024/02/02 08:20:00","CLOVER","-0.10",NA,NA,NA
"D","DISPATCH","UNIT_SCADA",1,"2024/02/02 08:20:00","CLUNY","5.000229",NA,NA,NA
"D","DISPATCH","UNIT_SCADA",1,"2024/02/02 08:20:00","CONDONG1","-0.86",NA,NA,NA
"D","DISPATCH","UNIT_SCADA",1,"2024/02/02 08:20:00","CULLRGWF","11.60",NA,NA,NA
"D","DISPATCH","UNIT_SCADA",1,"2024/02/02 08:20:00","DIAPURWF1","0",NA,NA,NA
"D","DISPATCH","UNIT_SCADA",1,"2024/02/02 08:20:00","ERGT01","0",NA,NA,NA
"D","DISPATCH","UNIT_SCADA",1,"2024/02/02 08:20:00","GB01","0",NA,NA,NA
"D","DISPATCH","UNIT_SCADA",1,"2024/02/02 08:20:00","GERMCRK","9.8560",NA,NA,NA
"D","DISPATCH","UNIT_SCADA",1,"2024/02/02 08:20:00","GRIFSF1","27.012535",NA,NA,NA
"D","DISPATCH","UNIT_SCADA",1,"2024/02/02 08:20:00","HUGSF1","2.3690",NA,NA,NA
"D","DISPATCH","UNIT_SCADA",1,"2024/02/02 08:20:00","KEPBG1","0",NA,NA,NA
"D","DISPATCH","UNIT_SCADA",1,"2024/02/02 08:20:00","LRSF1","9.957001",NA,NA,NA
"D","DISPATCH","UNIT_SCADA",1,"2024/02/02 08:20:00","MBAHNTH","44.043747",NA,NA,NA
"D","DISPATCH","UNIT_SCADA",1,"2024/02/02 08:20:00","MLSP1","6.4770",NA,NA,NA
"D","DISPATCH","UNIT_SCADA",1,"2024/02/02 08:20:00","MLWF1","4.50",NA,NA,NA
"D","DISPATCH","UNIT_SCADA",1,"2024/02/02 08:20:00","PALOONA","0",NA,NA,NA
"D","DISPATCH","UNIT_SCADA",1,"2024/02/02 08:20:00","PIONEER","-0.60",NA,NA,NA
"D","DISPATCH","UNIT_SCADA",1,"2024/02/02 08:20:00","PORTWF","17.799999",NA,NA,NA
"D","DISPATCH","UNIT_SCADA",1,"2024/02/02 08:20:00","REPULSE","7.835203",NA,NA,NA
"D","DISPATCH","UNIT_SCADA",1,"2024/02/02 08:20:00","ROWALLAN","0",NA,NA,NA
"D","DISPATCH","UNIT_SCADA",1,"2024/02/02 08:20:00","ROYALLA1","10.169001",NA,NA,NA
"D","DISPATCH","UNIT_SCADA",1,"2024/02/02 08:20:00","RPCG","17.60",NA,NA,NA
"D","DISPATCH","UNIT_SCADA",1,"2024/02/02 08:20:00","RUBICON","0.81",NA,NA,NA
"D","DISPATCH","UNIT_SCADA",1,"2024/02/02 08:20:00","SHOAL1","26",NA,NA,NA
"D","DISPATCH","UNIT_SCADA",1,"2024/02/02 08:20:00","WAUBRAWF","164.046005",NA,NA,NA
"D","DISPATCH","UNIT_SCADA",1,"2024/02/02 08:20:00","WOOLNTH1","119.039993",NA,NA,NA
"D","DISPATCH","UNIT_SCADA",1,"2024/02/02 08:20:00","YAMBUKWF","6.50",NA,NA,NA
"D","DISPATCH","UNIT_SCADA",1,"2024/02/02 08:20:00","YSWF1","16.40",NA,NA,NA
"D","DISPATCH","UNIT_SCADA",1,"2024/02/02 08:25:00","BARCSF1","13.50",NA,NA,NA
"D","DISPATCH","UNIT_SCADA",1,"2024/02/02 08:25:00","BUTLERSG","8.999998",NA,NA,NA
"D","DISPATCH","UNIT_SCADA",1,"2024/02/02 08:25:00","BWTR1","14.690120",NA,NA,NA
"D","DISPATCH","UNIT_SCADA",1,"2024/02/02 08:25:00","CAPTL_WF","0",NA,NA,NA
"D","DISPATCH","UNIT_SCADA",1,"2024/02/02 08:25:00","CHALLHWF","13.20",NA,NA,NA
"D","DISPATCH","UNIT_SCADA",1,"2024/02/02 08:25:00","CLOVER","-0.10",NA,NA,NA
"D","DISPATCH","UNIT_SCADA",1,"2024/02/02 08:25:00","CLUNY","4.995651",NA,NA,NA
"D","DISPATCH","UNIT_SCADA",1,"2024/02/02 08:25:00","CONDONG1","-0.87",NA,NA,NA
"D","DISPATCH","UNIT_SCADA",1,"2024/02/02 08:25:00","CULLRGWF","11.34",NA,NA,NA
"D","DISPATCH","UNIT_SCADA",1,"2024/02/02 08:25:00","DIAPURWF1","0",NA,NA,NA
"D","DISPATCH","UNIT_SCADA",1,"2024/02/02 08:25:00","ERGT01","0",NA,NA,NA
"D","DISPATCH","UNIT_SCADA",1,"2024/02/02 08:25:00","GB01","0",NA,NA,NA
"D","DISPATCH","UNIT_SCADA",1,"2024/02/02 08:25:00","GERMCRK","9.9490",NA,NA,NA
"D","DISPATCH","UNIT_SCADA",1,"2024/02/02 08:25:00","GRIFSF1","27.025730",NA,NA,NA
"D","DISPATCH","UNIT_SCADA",1,"2024/02/02 08:25:00","HUGSF1","2.2650",NA,NA,NA
"D","DISPATCH","UNIT_SCADA",1,"2024/02/02 08:25:00","KEPBG1","0",NA,NA,NA
"D","DISPATCH","UNIT_SCADA",1,"2024/02/02 08:25:00","LRSF1","9.957001",NA,NA,NA
"D","DISPATCH","UNIT_SCADA",1,"2024/02/02 08:25:00","MBAHNTH","43.743744",NA,NA,NA
"D","DISPATCH","UNIT_SCADA",1,"2024/02/02 08:25:00","MLSP1","6.6780",NA,NA,NA
"D","DISPATCH","UNIT_SCADA",1,"2024/02/02 08:25:00","MLWF1","5.19",NA,NA,NA
"D","DISPATCH","UNIT_SCADA",1,"2024/02/02 08:25:00","PALOONA","0",NA,NA,NA
"D","DISPATCH","UNIT_SCADA",1,"2024/02/02 08:25:00","PIONEER","-0.60",NA,NA,NA
"D","DISPATCH","UNIT_SCADA",1,"2024/02/02 08:25:00","PORTWF","18.799999",NA,NA,NA
"D","DISPATCH","UNIT_SCADA",1,"2024/02/02 08:25:00","REPULSE","7.968261",NA,NA,NA
"D","DISPATCH","UNIT_SCADA",1,"2024/02/02 08:25:00","ROWALLAN","0",NA,NA,NA
"D","DISPATCH","UNIT_SCADA",1,"2024/02/02 08:25:00","ROYALLA1","10.55",NA,NA,NA
"D","DISPATCH","UNIT_SCADA",1,"2024/02/02 08:25:00","RPCG","17.60",NA,NA,NA
"D","DISPATCH","UNIT_SCADA",1,"2024/02/02 08:25:00","RUBICON","0.81",NA,NA,NA
"D","DISPATCH","UNIT_SCADA",1,"2024/02/02 08:25:00","SHOAL1","26",NA,NA,NA
"D","DISPATCH","UNIT_SCADA",1,"2024/02/02 08:25:00","WAUBRAWF","163.707001",NA,NA,NA
"D","DISPATCH","UNIT_SCADA",1,"2024/02/02 08:25:00","WOOLNTH1","119.550003",NA,NA,NA
"D","DISPATCH","UNIT_SCADA",1,"2024/02/02 08:25:00","YAMBUKWF","6",NA,NA,NA
"D","DISPATCH","UNIT_SCADA",1,"2024/02/02 08:25:00","YSWF1","16.200001",NA,NA,NA
"D","DISPATCH","UNIT_SCADA",1,"2024/02/02 08:30:00","BARCSF1","13.50",NA,NA,NA
"D","DISPATCH","UNIT_SCADA",1,"2024/02/02 08:30:00","BUTLERSG","9.099998",NA,NA,NA
"D","DISPATCH","UNIT_SCADA",1,"2024/02/02 08:30:00","BWTR1","14.690120",NA,NA,NA
"D","DISPATCH","UNIT_SCADA",1,"2024/02/02 08:30:00","CAPTL_WF","0",NA,NA,NA
"D","DISPATCH","UNIT_SCADA",1,"2024/02/02 08:30:00","CHALLHWF","11.80",NA,NA,NA
"D","DISPATCH","UNIT_SCADA",1,"2024/02/02 08:30:00","CLOVER","-0.10",NA,NA,NA
"D","DISPATCH","UNIT_SCADA",1,"2024/02/02 08:30:00","CLUNY","4.991074",NA,NA,NA
"D","DISPATCH","UNIT_SCADA",1,"2024/02/02 08:30:00","CONDONG1","-0.87",NA,NA,NA
"D","DISPATCH","UNIT_SCADA",1,"2024/02/02 08:30:00","CULLRGWF","11.79",NA,NA,NA
"D","DISPATCH","UNIT_SCADA",1,"2024/02/02 08:30:00","DIAPURWF1","0",NA,NA,NA
"D","DISPATCH","UNIT_SCADA",1,"2024/02/02 08:30:00","ERGT01","0",NA,NA,NA
"D","DISPATCH","UNIT_SCADA",1,"2024/02/02 08:30:00","GB01","0",NA,NA,NA
"D","DISPATCH","UNIT_SCADA",1,"2024/02/02 08:30:00","GERMCRK","9.9020",NA,NA,NA
"D","DISPATCH","UNIT_SCADA",1,"2024/02/02 08:30:00","GRIFSF1","27.004993",NA,NA,NA
"D","DISPATCH","UNIT_SCADA",1,"2024/02/02 08:30:00","HUGSF1","2.0640",NA,NA,NA
"D","DISPATCH","UNIT_SCADA",1,"2024/02/02 08:30:00","KEPBG1","0",NA,NA,NA
"D","DISPATCH","UNIT_SCADA",1,"2024/02/02 08:30:00","LRSF1","9.957001",NA,NA,NA
"D","DISPATCH","UNIT_SCADA",1,"2024/02/02 08:30:00","MBAHNTH","43.593750",NA,NA,NA
"D","DISPATCH","UNIT_SCADA",1,"2024/02/02 08:30:00","MLSP1","6.99",NA,NA,NA
"D","DISPATCH","UNIT_SCADA",1,"2024/02/02 08:30:00","MLWF1","5.5650",NA,NA,NA
"D","DISPATCH","UNIT_SCADA",1,"2024/02/02 08:30:00","PALOONA","0",NA,NA,NA
"D","DISPATCH","UNIT_SCADA",1,"2024/02/02 08:30:00","PIONEER","-0.60",NA,NA,NA
"D","DISPATCH","UNIT_SCADA",1,"2024/02/02 08:30:00","PORTWF","18.10",NA,NA,NA
"D","DISPATCH","UNIT_SCADA",1,"2024/02/02 08:30:00","REPULSE","7.739986",NA,NA,NA
"D","DISPATCH","UNIT_SCADA",1,"2024/02/02 08:30:00","ROWALLAN","0",NA,NA,NA
"D","DISPATCH","UNIT_SCADA",1,"2024/02/02 08:30:00","ROYALLA1","10.893001",NA,NA,NA
"D","DISPATCH","UNIT_SCADA",1,"2024/02/02 08:30:00","RPCG","16.200001",NA,NA,NA
"D","DISPATCH","UNIT_SCADA",1,"2024/02/02 08:30:00","RUBICON","0.81",NA,NA,NA
"D","DISPATCH","UNIT_SCADA",1,"2024/02/02 08:30:00","SHOAL1","26",NA,NA,NA
"D","DISPATCH","UNIT_SCADA",1,"2024/02/02 08:30:00","WAUBRAWF","159.731995",NA,NA,NA
"D","DISPATCH","UNIT_SCADA",1,"2024/02/02 08:30:00","WOOLNTH1","119.050003",NA,NA,NA
"D","DISPATCH","UNIT_SCADA",1,"2024/02/02 08:30:00","YAMBUKWF","7.20",NA,NA,NA
"D","DISPATCH","UNIT_SCADA",1,"2024/02/02 08:30:00","YSWF1","12.40",NA,NA,NA
"D","DISPATCH","UNIT_SCADA",1,"2024/02/02 08:35:00","BARCSF1","13.50",NA,NA,NA
"D","DISPATCH","UNIT_SCADA",1,"2024/02/02 08:35:00","BUTLERSG","9.099998",NA,NA,NA
"D","DISPATCH","UNIT_SCADA",1,"2024/02/02 08:35:00","BWTR1","15.376040",NA,NA,NA
"D","DISPATCH","UNIT_SCADA",1,"2024/02/02 08:35:00","CAPTL_WF","0",NA,NA,NA
"D","DISPATCH","UNIT_SCADA",1,"2024/02/02 08:35:00","CHALLHWF","11.90",NA,NA,NA
"D","DISPATCH","UNIT_SCADA",1,"2024/02/02 08:35:00","CLOVER","-0.10",NA,NA,NA
"D","DISPATCH","UNIT_SCADA",1,"2024/02/02 08:35:00","CLUNY","4.962692",NA,NA,NA
"D","DISPATCH","UNIT_SCADA",1,"2024/02/02 08:35:00","CONDONG1","-0.88",NA,NA,NA
"D","DISPATCH","UNIT_SCADA",1,"2024/02/02 08:35:00","CULLRGWF","10.57",NA,NA,NA
"D","DISPATCH","UNIT_SCADA",1,"2024/02/02 08:35:00","DIAPURWF1","0",NA,NA,NA
"D","DISPATCH","UNIT_SCADA",1,"2024/02/02 08:35:00","ERGT01","0",NA,NA,NA
"D","DISPATCH","UNIT_SCADA",1,"2024/02/02 08:35:00","GB01","0",NA,NA,NA
"D","DISPATCH","UNIT_SCADA",1,"2024/02/02 08:35:00","GERMCRK","10.1520",NA,NA,NA
"D","DISPATCH","UNIT_SCADA",1,"2024/02/02 08:35:00","GRIFSF1","27.012535",NA,NA,NA
"D","DISPATCH","UNIT_SCADA",1,"2024/02/02 08:35:00","HUGSF1","2.5260",NA,NA,NA
"D","DISPATCH","UNIT_SCADA",1,"2024/02/02 08:35:00","KEPBG1","0",NA,NA,NA
"D","DISPATCH","UNIT_SCADA",1,"2024/02/02 08:35:00","LRSF1","9.957001",NA,NA,NA
"D","DISPATCH","UNIT_SCADA",1,"2024/02/02 08:35:00","MBAHNTH","44.775009",NA,NA,NA
"D","DISPATCH","UNIT_SCADA",1,"2024/02/02 08:35:00","MLSP1","7.1910",NA,NA,NA
"D","DISPATCH","UNIT_SCADA",1,"2024/02/02 08:35:00","MLWF1","5.2350",NA,NA,NA
"D","DISPATCH","UNIT_SCADA",1,"2024/02/02 08:35:00","PALOONA","0",NA,NA,NA
"D","DISPATCH","UNIT_SCADA",1,"2024/02/02 08:35:00","PIONEER","-0.60",NA,NA,NA
"D","DISPATCH","UNIT_SCADA",1,"2024/02/02 08:35:00","PORTWF","20.200001",NA,NA,NA
"D","DISPATCH","UNIT_SCADA",1,"2024/02/02 08:35:00","REPULSE","7.968261",NA,NA,NA
"D","DISPATCH","UNIT_SCADA",1,"2024/02/02 08:35:00","ROWALLAN","0",NA,NA,NA
"D","DISPATCH","UNIT_SCADA",1,"2024/02/02 08:35:00","ROYALLA1","11.226001",NA,NA,NA
"D","DISPATCH","UNIT_SCADA",1,"2024/02/02 08:35:00","RPCG","16.200001",NA,NA,NA
"D","DISPATCH","UNIT_SCADA",1,"2024/02/02 08:35:00","RUBICON","0.81",NA,NA,NA
"D","DISPATCH","UNIT_SCADA",1,"2024/02/02 08:35:00","SHOAL1","25.825001",NA,NA,NA
"D","DISPATCH","UNIT_SCADA",1,"2024/02/02 08:35:00","WAUBRAWF","159.891998",NA,NA,NA
"D","DISPATCH","UNIT_SCADA",1,"2024/02/02 08:35:00","WOOLNTH1","119.089996",NA,NA,NA
"D","DISPATCH","UNIT_SCADA",1,"2024/02/02 08:35:00","YAMBUKWF","6.70",NA,NA,NA
"D","DISPATCH","UNIT_SCADA",1,"2024/02/02 08:35:00","YSWF1","13.30",NA,NA,NA
"D","DISPATCH","UNIT_SCADA",1,"2024/02/02 08:40:00","BARCSF1","13.50",NA,NA,NA
"D","DISPATCH","UNIT_SCADA",1,"2024/02/02 08:40:00","BUTLERSG","8.999998",NA,NA,NA
"D","DISPATCH","UNIT_SCADA",1,"2024/02/02 08:40:00","BWTR1","15.376040",NA,NA,NA
"D","DISPATCH","UNIT_SCADA",1,"2024/02/02 08:40:00","CAPTL_WF","0",NA,NA,NA
"D","DISPATCH","UNIT_SCADA",1,"2024/02/02 08:40:00","CHALLHWF","10.50",NA,NA,NA
"D","DISPATCH","UNIT_SCADA",1,"2024/02/02 08:40:00","CLOVER","-0.09",NA,NA,NA
"D","DISPATCH","UNIT_SCADA",1,"2024/02/02 08:40:00","CLUNY","5.047837",NA,NA,NA
"D","DISPATCH","UNIT_SCADA",1,"2024/02/02 08:40:00","CONDONG1","-0.86",NA,NA,NA
"D","DISPATCH","UNIT_SCADA",1,"2024/02/02 08:40:00","CULLRGWF","11.34",NA,NA,NA
"D","DISPATCH","UNIT_SCADA",1,"2024/02/02 08:40:00","DIAPURWF1","0",NA,NA,NA
"D","DISPATCH","UNIT_SCADA",1,"2024/02/02 08:40:00","ERGT01","0",NA,NA,NA
"D","DISPATCH","UNIT_SCADA",1,"2024/02/02 08:40:00","GB01","0",NA,NA,NA
"D","DISPATCH","UNIT_SCADA",1,"2024/02/02 08:40:00","GERMCRK","10.1310",NA,NA,NA
"D","DISPATCH","UNIT_SCADA",1,"2024/02/02 08:40:00","GRIFSF1","27.020075",NA,NA,NA
"D","DISPATCH","UNIT_SCADA",1,"2024/02/02 08:40:00","HUGSF1","4.3230",NA,NA,NA
"D","DISPATCH","UNIT_SCADA",1,"2024/02/02 08:40:00","KEPBG1","0",NA,NA,NA
"D","DISPATCH","UNIT_SCADA",1,"2024/02/02 08:40:00","LRSF1","9.957001",NA,NA,NA
"D","DISPATCH","UNIT_SCADA",1,"2024/02/02 08:40:00","MBAHNTH","44.418747",NA,NA,NA
"D","DISPATCH","UNIT_SCADA",1,"2024/02/02 08:40:00","MLSP1","7.3920",NA,NA,NA
"D","DISPATCH","UNIT_SCADA",1,"2024/02/02 08:40:00","MLWF1","5.10",NA,NA,NA
"D","DISPATCH","UNIT_SCADA",1,"2024/02/02 08:40:00","PALOONA","0",NA,NA,NA
"D","DISPATCH","UNIT_SCADA",1,"2024/02/02 08:40:00","PIONEER","-0.60",NA,NA,NA
"D","DISPATCH","UNIT_SCADA",1,"2024/02/02 08:40:00","PORTWF","21.50",NA,NA,NA
"D","DISPATCH","UNIT_SCADA",1,"2024/02/02 08:40:00","REPULSE","8.140383",NA,NA,NA
"D","DISPATCH","UNIT_SCADA",1,"2024/02/02 08:40:00","ROWALLAN","0",NA,NA,NA
"D","DISPATCH","UNIT_SCADA",1,"2024/02/02 08:40:00","ROYALLA1","11.5130",NA,NA,NA
"D","DISPATCH","UNIT_SCADA",1,"2024/02/02 08:40:00","RPCG","17.700001",NA,NA,NA
"D","DISPATCH","UNIT_SCADA",1,"2024/02/02 08:40:00","RUBICON","0.81",NA,NA,NA
"D","DISPATCH","UNIT_SCADA",1,"2024/02/02 08:40:00","SHOAL1","25.85",NA,NA,NA
"D","DISPATCH","UNIT_SCADA",1,"2024/02/02 08:40:00","WAUBRAWF","156.554993",NA,NA,NA
"D","DISPATCH","UNIT_SCADA",1,"2024/02/02 08:40:00","WOOLNTH1","119.660004",NA,NA,NA
"D","DISPATCH","UNIT_SCADA",1,"2024/02/02 08:40:00","YAMBUKWF","6.70",NA,NA,NA
"D","DISPATCH","UNIT_SCADA",1,"2024/02/02 08:40:00","YSWF1","13.80",NA,NA,NA
"D","DISPATCH","UNIT_SCADA",1,"2024/02/02 08:45:00","BARCSF1","13.50",NA,NA,NA
"D","DISPATCH","UNIT_SCADA",1,"2024/02/02 08:45:00","BUTLERSG","9.099998",NA,NA,NA
"D","DISPATCH","UNIT_SCADA",1,"2024/02/02 08:45:00","BWTR1","15.376040",NA,NA,NA
"D","DISPATCH","UNIT_SCADA",1,"2024/02/02 08:45:00","CAPTL_WF","0",NA,NA,NA
"D","DISPATCH","UNIT_SCADA",1,"2024/02/02 08:45:00","CHALLHWF","11.20",NA,NA,NA
"D","DISPATCH","UNIT_SCADA",1,"2024/02/02 08:45:00","CLOVER","-0.11",NA,NA,NA
"D","DISPATCH","UNIT_SCADA",1,"2024/02/02 08:45:00","CLUNY","5.000229",NA,NA,NA
"D","DISPATCH","UNIT_SCADA",1,"2024/02/02 08:45:00","CONDONG1","-0.86",NA,NA,NA
"D","DISPATCH","UNIT_SCADA",1,"2024/02/02 08:45:00","CULLRGWF","9.79",NA,NA,NA
"D","DISPATCH","UNIT_SCADA",1,"2024/02/02 08:45:00","DIAPURWF1","0",NA,NA,NA
"D","DISPATCH","UNIT_SCADA",1,"2024/02/02 08:45:00","ERGT01","0",NA,NA,NA
"D","DISPATCH","UNIT_SCADA",1,"2024/02/02 08:45:00","GB01","0",NA,NA,NA
"D","DISPATCH","UNIT_SCADA",1,"2024/02/02 08:45:00","GERMCRK","9.8170",NA,NA,NA
"D","DISPATCH","UNIT_SCADA",1,"2024/02/02 08:45:00","GRIFSF1","27.020075",NA,NA,NA
"D","DISPATCH","UNIT_SCADA",1,"2024/02/02 08:45:00","HUGSF1","4.9470",NA,NA,NA
"D","DISPATCH","UNIT_SCADA",1,"2024/02/02 08:45:00","KEPBG1","0",NA,NA,NA
"D","DISPATCH","UNIT_SCADA",1,"2024/02/02 08:45:00","LRSF1","9.957001",NA,NA,NA
"D","DISPATCH","UNIT_SCADA",1,"2024/02/02 08:45:00","MBAHNTH","44.418747",NA,NA,NA
"D","DISPATCH","UNIT_SCADA",1,"2024/02/02 08:45:00","MLSP1","7.5930",NA,NA,NA
"D","DISPATCH","UNIT_SCADA",1,"2024/02/02 08:45:00","MLWF1","5.9550",NA,NA,NA
"D","DISPATCH","UNIT_SCADA",1,"2024/02/02 08:45:00","PALOONA","0",NA,NA,NA
"D","DISPATCH","UNIT_SCADA",1,"2024/02/02 08:45:00","PIONEER","-0.60",NA,NA,NA
"D","DISPATCH","UNIT_SCADA",1,"2024/02/02 08:45:00","PORTWF","20.200001",NA,NA,NA
"D","DISPATCH","UNIT_SCADA",1,"2024/02/02 08:45:00","REPULSE","7.892577",NA,NA,NA
"D","DISPATCH","UNIT_SCADA",1,"2024/02/02 08:45:00","ROWALLAN","0",NA,NA,NA
"D","DISPATCH","UNIT_SCADA",1,"2024/02/02 08:45:00","ROYALLA1","11.795001",NA,NA,NA
"D","DISPATCH","UNIT_SCADA",1,"2024/02/02 08:45:00","RPCG","17.700001",NA,NA,NA
"D","DISPATCH","UNIT_SCADA",1,"2024/02/02 08:45:00","RUBICON","0.81",NA,NA,NA
"D","DISPATCH","UNIT_SCADA",1,"2024/02/02 08:45:00","SHOAL1","25.85",NA,NA,NA
"D","DISPATCH","UNIT_SCADA",1,"2024/02/02 08:45:00","WAUBRAWF","156.9310",NA,NA,NA
"D","DISPATCH","UNIT_SCADA",1,"2024/02/02 08:45:00","WOOLNTH1","119.799995",NA,NA,NA
"D","DISPATCH","UNIT_SCADA",1,"2024/02/02 08:45:00","YAMBUKWF","7",NA,NA,NA
"D","DISPATCH","UNIT_SCADA",1,"2024/02/02 08:45:00","YSWF1","12.80",NA,NA,NA
"D","DISPATCH","UNIT_SCADA",1,"2024/02/02 08:50:00","BARCSF1","13.50",NA,NA,NA
"D","DISPATCH","UNIT_SCADA",1,"2024/02/02 08:50:00","BUTLERSG","8.999998",NA,NA,NA
"D","DISPATCH","UNIT_SCADA",1,"2024/02/02 08:50:00","BWTR1","15.376040",NA,NA,NA
"D","DISPATCH","UNIT_SCADA",1,"2024/02/02 08:50:00","CAPTL_WF","0",NA,NA,NA
"D","DISPATCH","UNIT_SCADA",1,"2024/02/02 08:50:00","CHALLHWF","11.20",NA,NA,NA
"D","DISPATCH","UNIT_SCADA",1,"2024/02/02 08:50:00","CLOVER","-0.09",NA,NA,NA
"D","DISPATCH","UNIT_SCADA",1,"2024/02/02 08:50:00","CLUNY","4.967269",NA,NA,NA
"D","DISPATCH","UNIT_SCADA",1,"2024/02/02 08:50:00","CONDONG1","-0.86",NA,NA,NA
"D","DISPATCH","UNIT_SCADA",1,"2024/02/02 08:50:00","CULLRGWF","9.53",NA,NA,NA
"D","DISPATCH","UNIT_SCADA",1,"2024/02/02 08:50:00","DIAPURWF1","0",NA,NA,NA
"D","DISPATCH","UNIT_SCADA",1,"2024/02/02 08:50:00","ERGT01","0",NA,NA,NA
"D","DISPATCH","UNIT_SCADA",1,"2024/02/02 08:50:00","GB01","0",NA,NA,NA
"D","DISPATCH","UNIT_SCADA",1,"2024/02/02 08:50:00","GERMCRK","9.8250",NA,NA,NA
"D","DISPATCH","UNIT_SCADA",1,"2024/02/02 08:50:00","GRIFSF1","27.025730",NA,NA,NA
"D","DISPATCH","UNIT_SCADA",1,"2024/02/02 08:50:00","HUGSF1","3.0780",NA,NA,NA
"D","DISPATCH","UNIT_SCADA",1,"2024/02/02 08:50:00","KEPBG1","0",NA,NA,NA
"D","DISPATCH","UNIT_SCADA",1,"2024/02/02 08:50:00","LRSF1","9.957001",NA,NA,NA
"D","DISPATCH","UNIT_SCADA",1,"2024/02/02 08:50:00","MBAHNTH","44.100006",NA,NA,NA
"D","DISPATCH","UNIT_SCADA",1,"2024/02/02 08:50:00","MLSP1","7.7940",NA,NA,NA
"D","DISPATCH","UNIT_SCADA",1,"2024/02/02 08:50:00","MLWF1","5.16",NA,NA,NA
"D","DISPATCH","UNIT_SCADA",1,"2024/02/02 08:50:00","PALOONA","0",NA,NA,NA
"D","DISPATCH","UNIT_SCADA",1,"2024/02/02 08:50:00","PIONEER","-0.60",NA,NA,NA
"D","DISPATCH","UNIT_SCADA",1,"2024/02/02 08:50:00","PORTWF","21.10",NA,NA,NA
"D","DISPATCH","UNIT_SCADA",1,"2024/02/02 08:50:00","REPULSE","7.860838",NA,NA,NA
"D","DISPATCH","UNIT_SCADA",1,"2024/02/02 08:50:00","ROWALLAN","0",NA,NA,NA
"D","DISPATCH","UNIT_SCADA",1,"2024/02/02 08:50:00","ROYALLA1","12.1120",NA,NA,NA
"D","DISPATCH","UNIT_SCADA",1,"2024/02/02 08:50:00","RPCG","14.10",NA,NA,NA
"D","DISPATCH","UNIT_SCADA",1,"2024/02/02 08:50:00","RUBICON","0.81",NA,NA,NA
"D","DISPATCH","UNIT_SCADA",1,"2024/02/02 08:50:00","SHOAL1","25.8750",NA,NA,NA
"D","DISPATCH","UNIT_SCADA",1,"2024/02/02 08:50:00","WAUBRAWF","160.910995",NA,NA,NA
"D","DISPATCH","UNIT_SCADA",1,"2024/02/02 08:50:00","WOOLNTH1","118.860001",NA,NA,NA
"D","DISPATCH","UNIT_SCADA",1,"2024/02/01 00:05:00","BARCSF1","0.10",NA,NA,NA
"D","DISPATCH","UNIT_SCADA",1,"2024/02/01 00:05:00","BUTLERSG","9.099998",NA,NA,NA
"D","DISPATCH","UNIT_SCADA",1,"2024/02/01 00:05:00","BWTR1","14.061360",NA,NA,NA
"D","DISPATCH","UNIT_SCADA",1,"2024/02/01 00:05:00","CAPTL_WF","9.634912",NA,NA,NA
"D","DISPATCH","UNIT_SCADA",1,"2024/02/01 00:05:00","CHALLHWF","10",NA,NA,NA
"D","DISPATCH","UNIT_SCADA",1,"2024/02/01 00:05:00","CLOVER","-0.02",NA,NA,NA
"D","DISPATCH","UNIT_SCADA",1,"2024/02/01 00:05:00","CLUNY","5.166857",NA,NA,NA
"D","DISPATCH","UNIT_SCADA",1,"2024/02/01 00:05:00","CONDONG1","-0.88",NA,NA,NA
"D","DISPATCH","UNIT_SCADA",1,"2024/02/01 00:05:00","CULLRGWF","10.45",NA,NA,NA
"D","DISPATCH","UNIT_SCADA",1,"2024/02/01 00:05:00","DIAPURWF1","0",NA,NA,NA
"D","DISPATCH","UNIT_SCADA",1,"2024/02/01 00:05:00","ERGT01","0",NA,NA,NA
"D","DISPATCH","UNIT_SCADA",1,"2024/02/01 00:05:00","GB01","0",NA,NA,NA
"D","DISPATCH","UNIT_SCADA",1,"2024/02/01 00:05:00","GERMCRK","15.2720",NA,NA,NA
"D","DISPATCH","UNIT_SCADA",1,"2024/02/01 00:05:00","GRIFSF1","0",NA,NA,NA
"D","DISPATCH","UNIT_SCADA",1,"2024/02/01 00:05:00","HUGSF1","-0.0490",NA,NA,NA
"D","DISPATCH","UNIT_SCADA",1,"2024/02/01 00:05:00","KEPBG1","0",NA,NA,NA
"D","DISPATCH","UNIT_SCADA",1,"2024/02/01 00:05:00","LRSF1","0.0480",NA,NA,NA
"D","DISPATCH","UNIT_SCADA",1,"2024/02/01 00:05:00","MBAHNTH","45.224991",NA,NA,NA
"D","DISPATCH","UNIT_SCADA",1,"2024/02/01 00:05:00","MLSP1","0.0140",NA,NA,NA
"D","DISPATCH","UNIT_SCADA",1,"2024/02/01 00:05:00","MLWF1","2.40",NA,NA,NA
"D","DISPATCH","UNIT_SCADA",1,"2024/02/01 00:05:00","PALOONA","1.25",NA,NA,NA
"D","DISPATCH","UNIT_SCADA",1,"2024/02/01 00:05:00","PIONEER","-0.40",NA,NA,NA
"D","DISPATCH","UNIT_SCADA",1,"2024/02/01 00:05:00","PORTWF","7.60",NA,NA,NA
"D","DISPATCH","UNIT_SCADA",1,"2024/02/01 00:05:00","REPULSE","9.346457",NA,NA,NA
"D","DISPATCH","UNIT_SCADA",1,"2024/02/01 00:05:00","ROWALLAN","0",NA,NA,NA
"D","DISPATCH","UNIT_SCADA",1,"2024/02/01 00:05:00","ROYALLA1","0",NA,NA,NA
"D","DISPATCH","UNIT_SCADA",1,"2024/02/01 00:05:00","RPCG","-0.20",NA,NA,NA
"D","DISPATCH","UNIT_SCADA",1,"2024/02/01 00:05:00","RUBICON","0.72",NA,NA,NA
"D","DISPATCH","UNIT_SCADA",1,"2024/02/01 00:05:00","SHOAL1","11.90",NA,NA,NA
"D","DISPATCH","UNIT_SCADA",1,"2024/02/01 00:05:00","WAUBRAWF","97.126999",NA,NA,NA
"D","DISPATCH","UNIT_SCADA",1,"2024/02/01 00:05:00","WOOLNTH1","80.809998",NA,NA,NA
"D","DISPATCH","UNIT_SCADA",1,"2024/02/01 00:05:00","YAMBUKWF","1.80",NA,NA,NA
"D","DISPATCH","UNIT_SCADA",1,"2024/02/01 00:05:00","YSWF1","1.90",NA,NA,NA
"D","DISPATCH","UNIT_SCADA",1,"2024/02/01 00:30:00","BARCSF1","0.10",NA,NA,NA
"D","DISPATCH","UNIT_SCADA",1,"2024/02/01 00:30:00","BUTLERSG","8.999998",NA,NA,NA
"D","DISPATCH","UNIT_SCADA",1,"2024/02/01 00:30:00","BWTR1","14.404320",NA,NA,NA
"D","DISPATCH","UNIT_SCADA",1,"2024/02/01 00:30:00","CAPTL_WF","11.142748",NA,NA,NA
"D","DISPATCH","UNIT_SCADA",1,"2024/02/01 00:30:00","CHALLHWF","10.60",NA,NA,NA
"D","DISPATCH","UNIT_SCADA",1,"2024/02/01 00:30:00","CLOVER","-0.01",NA,NA,NA
"D","DISPATCH","UNIT_SCADA",1,"2024/02/01 00:30:00","CLUNY","5.262074",NA,NA,NA
"D","DISPATCH","UNIT_SCADA",1,"2024/02/01 00:30:00","CONDONG1","-0.87",NA,NA,NA
"D","DISPATCH","UNIT_SCADA",1,"2024/02/01 00:30:00","CULLRGWF","10.42",NA,NA,NA
"D","DISPATCH","UNIT_SCADA",1,"2024/02/01 00:30:00","DIAPURWF1","0",NA,NA,NA
"D","DISPATCH","UNIT_SCADA",1,"2024/02/01 00:30:00","ERGT01","0",NA,NA,NA
"D","DISPATCH","UNIT_SCADA",1,"2024/02/01 00:30:00","GB01","0",NA,NA,NA
"D","DISPATCH","UNIT_SCADA",1,"2024/02/01 00:30:00","GERMCRK","15.2390",NA,NA,NA
"D","DISPATCH","UNIT_SCADA",1,"2024/02/01 00:30:00","GRIFSF1","0",NA,NA,NA
"D","DISPATCH","UNIT_SCADA",1,"2024/02/01 00:30:00","HUGSF1","-0.0490",NA,NA,NA
"D","DISPATCH","UNIT_SCADA",1,"2024/02/01 00:30:00","KEPBG1","0",NA,NA,NA
"D","DISPATCH","UNIT_SCADA",1,"2024/02/01 00:30:00","LRSF1","0.0480",NA,NA,NA
"D","DISPATCH","UNIT_SCADA",1,"2024/02/01 00:30:00","MBAHNTH","45.262497",NA,NA,NA
"D","DISPATCH","UNIT_SCADA",1,"2024/02/01 00:30:00","MLSP1","0.0140",NA,NA,NA
"D","DISPATCH","UNIT_SCADA",1,"2024/02/01 00:30:00","MLWF1","1.5750",NA,NA,NA
"D","DISPATCH","UNIT_SCADA",1,"2024/02/01 00:30:00","PALOONA","0",NA,NA,NA
"D","DISPATCH","UNIT_SCADA",1,"2024/02/01 00:30:00","PIONEER","-0.40",NA,NA,NA
"D","DISPATCH","UNIT_SCADA",1,"2024/02/01 00:30:00","PORTWF","10.70",NA,NA,NA
"D","DISPATCH","UNIT_SCADA",1,"2024/02/01 00:30:00","REPULSE","9.199969",NA,NA,NA
"D","DISPATCH","UNIT_SCADA",1,"2024/02/01 00:30:00","ROWALLAN","0",NA,NA,NA
"D","DISPATCH","UNIT_SCADA",1,"2024/02/01 00:30:00","ROYALLA1","0",NA,NA,NA
"D","DISPATCH","UNIT_SCADA",1,"2024/02/01 00:30:00","RPCG","-0.20",NA,NA,NA
"D","DISPATCH","UNIT_SCADA",1,"2024/02/01 00:30:00","RUBICON","0.72",NA,NA,NA
"D","DISPATCH","UNIT_SCADA",1,"2024/02/01 00:30:00","SHOAL1","11.9250",NA,NA,NA
"D","DISPATCH","UNIT_SCADA",1,"2024/02/01 00:30:00","WAUBRAWF","93.525002",NA,NA,NA
"D","DISPATCH","UNIT_SCADA",1,"2024/02/01 00:30:00","WOOLNTH1","81.589996",NA,NA,NA
"D","DISPATCH","UNIT_SCADA",1,"2024/02/01 00:30:00","YAMBUKWF","1.20",NA,NA,NA
"D","DISPATCH","UNIT_SCADA",1,"2024/02/01 00:30:00","YSWF1","4.20",NA,NA,NA
"D","DISPATCH","UNIT_SCADA",1,"2024/02/01 01:35:00","BARCSF1","0.10",NA,NA,NA
"D","DISPATCH","UNIT_SCADA",1,"2024/02/01 01:35:00","BUTLERSG","8.999998",NA,NA,NA
"D","DISPATCH","UNIT_SCADA",1,"2024/02/01 01:35:00","BWTR1","14.175680",NA,NA,NA
"D","DISPATCH","UNIT_SCADA",1,"2024/02/01 01:35:00","CAPTL_WF","0",NA,NA,NA
"D","DISPATCH","UNIT_SCADA",1,"2024/02/01 01:35:00","CHALLHWF","0",NA,NA,NA
"D","DISPATCH","UNIT_SCADA",1,"2024/02/01 01:35:00","CLOVER","-0.02",NA,NA,NA
"D","DISPATCH","UNIT_SCADA",1,"2024/02/01 01:35:00","CLUNY","5.196155",NA,NA,NA
"D","DISPATCH","UNIT_SCADA",1,"2024/02/01 01:35:00","CONDONG1","-0.88",NA,NA,NA
"D","DISPATCH","UNIT_SCADA",1,"2024/02/01 01:35:00","CULLRGWF","11.10",NA,NA,NA
"D","DISPATCH","UNIT_SCADA",1,"2024/02/01 01:35:00","DIAPURWF1","0",NA,NA,NA
"D","DISPATCH","UNIT_SCADA",1,"2024/02/01 01:35:00","ERGT01","0",NA,NA,NA
"D","DISPATCH","UNIT_SCADA",1,"2024/02/01 01:35:00","GB01","0",NA,NA,NA
"D","DISPATCH","UNIT_SCADA",1,"2024/02/01 01:35:00","GERMCRK","15.1670",NA,NA,NA
"D","DISPATCH","UNIT_SCADA",1,"2024/02/01 01:35:00","GRIFSF1","0",NA,NA,NA
"D","DISPATCH","UNIT_SCADA",1,"2024/02/01 01:35:00","HUGSF1","-0.0490",NA,NA,NA
"D","DISPATCH","UNIT_SCADA",1,"2024/02/01 01:35:00","KEPBG1","0",NA,NA,NA
"D","DISPATCH","UNIT_SCADA",1,"2024/02/01 01:35:00","LRSF1","0.0480",NA,NA,NA
"D","DISPATCH","UNIT_SCADA",1,"2024/02/01 01:35:00","MBAHNTH","45.318756",NA,NA,NA
"D","DISPATCH","UNIT_SCADA",1,"2024/02/01 01:35:00","MLSP1","0.0140",NA,NA,NA
"D","DISPATCH","UNIT_SCADA",1,"2024/02/01 01:35:00","MLWF1","0.39",NA,NA,NA
"D","DISPATCH","UNIT_SCADA",1,"2024/02/01 01:35:00","PALOONA","0",NA,NA,NA
"D","DISPATCH","UNIT_SCADA",1,"2024/02/01 01:35:00","PIONEER","-0.40",NA,NA,NA
"D","DISPATCH","UNIT_SCADA",1,"2024/02/01 01:35:00","PORTWF","17.60",NA,NA,NA
"D","DISPATCH","UNIT_SCADA",1,"2024/02/01 01:35:00","REPULSE","9.092546",NA,NA,NA
"D","DISPATCH","UNIT_SCADA",1,"2024/02/01 01:35:00","ROWALLAN","0",NA,NA,NA
"D","DISPATCH","UNIT_SCADA",1,"2024/02/01 01:35:00","ROYALLA1","0",NA,NA,NA
"D","DISPATCH","UNIT_SCADA",1,"2024/02/01 01:35:00","RPCG","-0.20",NA,NA,NA
"D","DISPATCH","UNIT_SCADA",1,"2024/02/01 01:35:00","RUBICON","0.72",NA,NA,NA
"D","DISPATCH","UNIT_SCADA",1,"2024/02/01 01:35:00","SHOAL1","11.95",NA,NA,NA
"D","DISPATCH","UNIT_SCADA",1,"2024/02/01 01:35:00","WAUBRAWF","62.646999",NA,NA,NA
"D","DISPATCH","UNIT_SCADA",1,"2024/02/01 01:35:00","WOOLNTH1","78.059998",NA,NA,NA
"D","DISPATCH","UNIT_SCADA",1,"2024/02/01 01:35:00","YAMBUKWF","1.20",NA,NA,NA
"D","DISPATCH","UNIT_SCADA",1,"2024/02/01 01:35:00","YSWF1","2.40",NA,NA,NA
"D","DISPATCH","UNIT_SCADA",1,"2024/02/01 03:05:00","BARCSF1","0.10",NA,NA,NA
"D","DISPATCH","UNIT_SCADA",1,"2024/02/01 03:05:00","BUTLERSG","9.099998",NA,NA,NA
"D","DISPATCH","UNIT_SCADA",1,"2024/02/01 03:05:00","BWTR1","14.0042",NA,NA,NA
"D","DISPATCH","UNIT_SCADA",1,"2024/02/01 03:05:00","CAPTL_WF","0",NA,NA,NA
"D","DISPATCH","UNIT_SCADA",1,"2024/02/01 03:05:00","CHALLHWF","0",NA,NA,NA
"D","DISPATCH","UNIT_SCADA",1,"2024/02/01 03:05:00","CLOVER","-0.02",NA,NA,NA
"D","DISPATCH","UNIT_SCADA",1,"2024/02/01 03:05:00","CLUNY","5.176929",NA,NA,NA
"D","DISPATCH","UNIT_SCADA",1,"2024/02/01 03:05:00","CONDONG1","-0.88",NA,NA,NA
"D","DISPATCH","UNIT_SCADA",1,"2024/02/01 03:05:00","CULLRGWF","5.42",NA,NA,NA
"D","DISPATCH","UNIT_SCADA",1,"2024/02/01 03:05:00","DIAPURWF1","0",NA,NA,NA
"D","DISPATCH","UNIT_SCADA",1,"2024/02/01 03:05:00","ERGT01","0",NA,NA,NA
"D","DISPATCH","UNIT_SCADA",1,"2024/02/01 03:05:00","GB01","0",NA,NA,NA
"D","DISPATCH","UNIT_SCADA",1,"2024/02/01 03:05:00","GERMCRK","16.2090",NA,NA,NA
"D","DISPATCH","UNIT_SCADA",1,"2024/02/01 03:05:00","GRIFSF1","0",NA,NA,NA
"D","DISPATCH","UNIT_SCADA",1,"2024/02/01 03:05:00","HUGSF1","-0.0490",NA,NA,NA
"D","DISPATCH","UNIT_SCADA",1,"2024/02/01 03:05:00","KEPBG1","0",NA,NA,NA
"D","DISPATCH","UNIT_SCADA",1,"2024/02/01 03:05:00","LRSF1","0.0480",NA,NA,NA
"D","DISPATCH","UNIT_SCADA",1,"2024/02/01 03:05:00","MBAHNTH","44.962494",NA,NA,NA
"D","DISPATCH","UNIT_SCADA",1,"2024/02/01 03:05:00","MLSP1","0.0140",NA,NA,NA
"D","DISPATCH","UNIT_SCADA",1,"2024/02/01 03:05:00","MLWF1","2.19",NA,NA,NA
"D","DISPATCH","UNIT_SCADA",1,"2024/02/01 03:05:00","PALOONA","0",NA,NA,NA
"D","DISPATCH","UNIT_SCADA",1,"2024/02/01 03:05:00","PIONEER","-0.40",NA,NA,NA
"D","DISPATCH","UNIT_SCADA",1,"2024/02/01 03:05:00","PORTWF","51.299999",NA,NA,NA
"D","DISPATCH","UNIT_SCADA",1,"2024/02/01 03:05:00","REPULSE","9.270771",NA,NA,NA
"D","DISPATCH","UNIT_SCADA",1,"2024/02/01 03:05:00","ROWALLAN","0",NA,NA,NA
"D","DISPATCH","UNIT_SCADA",1,"2024/02/01 03:05:00","ROYALLA1","0",NA,NA,NA
"D","DISPATCH","UNIT_SCADA",1,"2024/02/01 03:05:00","RPCG","-0.20",NA,NA,NA
"D","DISPATCH","UNIT_SCADA",1,"2024/02/01 03:05:00","RUBICON","0.72",NA,NA,NA
"D","DISPATCH","UNIT_SCADA",1,"2024/02/01 03:05:00","SHOAL1","11.9250",NA,NA,NA
"D","DISPATCH","UNIT_SCADA",1,"2024/02/01 03:05:00","WAUBRAWF","40.502998",NA,NA,NA
"D","DISPATCH","UNIT_SCADA",1,"2024/02/01 03:05:00","WOOLNTH1","103.43",NA,NA,NA
"D","DISPATCH","UNIT_SCADA",1,"2024/02/01 03:05:00","YAMBUKWF","5.60",NA,NA,NA
"D","DISPATCH","UNIT_SCADA",1,"2024/02/01 03:05:00","YSWF1","4.50",NA,NA,NA
"D","DISPATCH","UNIT_SCADA",1,"2024/02/01 06:15:00","BARCSF1","0.10",NA,NA,NA
"D","DISPATCH","UNIT_SCADA",1,"2024/02/01 06:15:00","BUTLERSG","9.099998",NA,NA,NA
"D","DISPATCH","UNIT_SCADA",1,"2024/02/01 06:15:00","BWTR1","15.376040",NA,NA,NA
"D","DISPATCH","UNIT_SCADA",1,"2024/02/01 06:15:00","CAPTL_WF","0",NA,NA,NA
"D","DISPATCH","UNIT_SCADA",1,"2024/02/01 06:15:00","CHALLHWF","4.50",NA,NA,NA
"D","DISPATCH","UNIT_SCADA",1,"2024/02/01 06:15:00","CLOVER","23.959999",NA,NA,NA
"D","DISPATCH","UNIT_SCADA",1,"2024/02/01 06:15:00","CLUNY","4.700847",NA,NA,NA
"D","DISPATCH","UNIT_SCADA",1,"2024/02/01 06:15:00","CONDONG1","-0.89",NA,NA,NA
"D","DISPATCH","UNIT_SCADA",1,"2024/02/01 06:15:00","CULLRGWF","1.88",NA,NA,NA
"D","DISPATCH","UNIT_SCADA",1,"2024/02/01 06:15:00","DIAPURWF1","0",NA,NA,NA
"D","DISPATCH","UNIT_SCADA",1,"2024/02/01 06:15:00","ERGT01","0",NA,NA,NA
"D","DISPATCH","UNIT_SCADA",1,"2024/02/01 06:15:00","GB01","0",NA,NA,NA
"D","DISPATCH","UNIT_SCADA",1,"2024/02/01 06:15:00","GERMCRK","11.3740",NA,NA,NA
"D","DISPATCH","UNIT_SCADA",1,"2024/02/01 06:15:00","GRIFSF1","3.676887",NA,NA,NA
"D","DISPATCH","UNIT_SCADA",1,"2024/02/01 06:15:00","HUGSF1","-0.0490",NA,NA,NA
"D","DISPATCH","UNIT_SCADA",1,"2024/02/01 06:15:00","KEPBG1","0",NA,NA,NA
"D","DISPATCH","UNIT_SCADA",1,"2024/02/01 06:15:00","LRSF1","0.0480",NA,NA,NA
"D","DISPATCH","UNIT_SCADA",1,"2024/02/01 06:15:00","MBAHNTH","42.018753",NA,NA,NA
"D","DISPATCH","UNIT_SCADA",1,"2024/02/01 06:15:00","MLSP1","0.3220",NA,NA,NA
"D","DISPATCH","UNIT_SCADA",1,"2024/02/01 06:15:00","PALOONA","0",NA,NA,NA
"D","DISPATCH","UNIT_SCADA",1,"2024/02/01 06:15:00","PIONEER","-0.70",NA,NA,NA
"D","DISPATCH","UNIT_SCADA",1,"2024/02/01 06:15:00","PORTWF","53.50",NA,NA,NA
"D","DISPATCH","UNIT_SCADA",1,"2024/02/01 06:15:00","REPULSE","7.003891",NA,NA,NA
"D","DISPATCH","UNIT_SCADA",1,"2024/02/01 06:15:00","ROWALLAN","0",NA,NA,NA
"D","DISPATCH","UNIT_SCADA",1,"2024/02/01 06:15:00","ROYALLA1","0.5260",NA,NA,NA
"D","DISPATCH","UNIT_SCADA",1,"2024/02/01 06:15:00","RPCG","-0.20",NA,NA,NA
"D","DISPATCH","UNIT_SCADA",1,"2024/02/01 06:15:00","RUBICON","0.72",NA,NA,NA
"D","DISPATCH","UNIT_SCADA",1,"2024/02/01 06:15:00","SHOAL1","20.0250",NA,NA,NA
"D","DISPATCH","UNIT_SCADA",1,"2024/02/01 06:15:00","WAUBRAWF","67.970001",NA,NA,NA
"D","DISPATCH","UNIT_SCADA",1,"2024/02/01 06:15:00","WOOLNTH1","116.369995",NA,NA,NA
"D","DISPATCH","UNIT_SCADA",1,"2024/02/01 06:15:00","YAMBUKWF","2.60",NA,NA,NA
"D","DISPATCH","UNIT_SCADA",1,"2024/02/01 06:15:00","YSWF1","8.50",NA,NA,NA
"D","DISPATCH","UNIT_SCADA",1,"2024/02/01 06:20:00","BARCSF1","0.30",NA,NA,NA
"D","DISPATCH","UNIT_SCADA",1,"2024/02/01 06:20:00","BUTLERSG","9.099998",NA,NA,NA
"D","DISPATCH","UNIT_SCADA",1,"2024/02/01 06:20:00","BWTR1","15.318880",NA,NA,NA
"D","DISPATCH","UNIT_SCADA",1,"2024/02/01 06:20:00","CAPTL_WF","0",NA,NA,NA
"D","DISPATCH","UNIT_SCADA",1,"2024/02/01 06:20:00","CHALLHWF","3.60",NA,NA,NA
"D","DISPATCH","UNIT_SCADA",1,"2024/02/01 06:20:00","CLOVER","23.92",NA,NA,NA
"D","DISPATCH","UNIT_SCADA",1,"2024/02/01 06:20:00","CLUNY","4.677043",NA,NA,NA
"D","DISPATCH","UNIT_SCADA",1,"2024/02/01 06:20:00","CONDONG1","-0.90",NA,NA,NA
"D","DISPATCH","UNIT_SCADA",1,"2024/02/01 06:20:00","CULLRGWF","1.89",NA,NA,NA
"D","DISPATCH","UNIT_SCADA",1,"2024/02/01 06:20:00","DIAPURWF1","0",NA,NA,NA
"D","DISPATCH","UNIT_SCADA",1,"2024/02/01 06:20:00","ERGT01","0",NA,NA,NA
"D","DISPATCH","UNIT_SCADA",1,"2024/02/01 06:20:00","GB01","0",NA,NA,NA
"D","DISPATCH","UNIT_SCADA",1,"2024/02/01 06:20:00","GERMCRK","11.4860",NA,NA,NA
"D","DISPATCH","UNIT_SCADA",1,"2024/02/01 06:20:00","GRIFSF1","5.109562",NA,NA,NA
"D","DISPATCH","UNIT_SCADA",1,"2024/02/01 06:20:00","HUGSF1","-0.0490",NA,NA,NA
"D","DISPATCH","UNIT_SCADA",1,"2024/02/01 06:20:00","KEPBG1","0",NA,NA,NA
"D","DISPATCH","UNIT_SCADA",1,"2024/02/01 06:20:00","LRSF1","0.2510",NA,NA,NA
"D","DISPATCH","UNIT_SCADA",1,"2024/02/01 06:20:00","MBAHNTH","42.412491",NA,NA,NA
"D","DISPATCH","UNIT_SCADA",1,"2024/02/01 06:20:00","MLSP1","0.3720",NA,NA,NA
"D","DISPATCH","UNIT_SCADA",1,"2024/02/01 06:20:00","PALOONA","0",NA,NA,NA
"D","DISPATCH","UNIT_SCADA",1,"2024/02/01 06:20:00","PIONEER","-0.70",NA,NA,NA
"D","DISPATCH","UNIT_SCADA",1,"2024/02/01 06:20:00","PORTWF","58.599998",NA,NA,NA
"D","DISPATCH","UNIT_SCADA",1,"2024/02/01 06:20:00","REPULSE","7.009995",NA,NA,NA
"D","DISPATCH","UNIT_SCADA",1,"2024/02/01 06:20:00","ROWALLAN","0",NA,NA,NA
"D","DISPATCH","UNIT_SCADA",1,"2024/02/01 06:20:00","ROYALLA1","0.6440",NA,NA,NA
"D","DISPATCH","UNIT_SCADA",1,"2024/02/01 06:20:00","RPCG","-0.20",NA,NA,NA
"D","DISPATCH","UNIT_SCADA",1,"2024/02/01 06:20:00","RUBICON","0.72",NA,NA,NA
"D","DISPATCH","UNIT_SCADA",1,"2024/02/01 06:20:00","SHOAL1","20.0250",NA,NA,NA
"D","DISPATCH","UNIT_SCADA",1,"2024/02/01 06:20:00","WAUBRAWF","70.3750",NA,NA,NA
"D","DISPATCH","UNIT_SCADA",1,"2024/02/01 06:20:00","WOOLNTH1","129.729996",NA,NA,NA
"D","DISPATCH","UNIT_SCADA",1,"2024/02/01 06:20:00","YAMBUKWF","2.70",NA,NA,NA
"D","DISPATCH","UNIT_SCADA",1,"2024/02/01 06:20:00","YSWF1","7.70",NA,NA,NA
"D","DISPATCH","UNIT_SCADA",1,"2024/02/01 07:00:00","BARCSF1","4.40",NA,NA,NA
"D","DISPATCH","UNIT_SCADA",1,"2024/02/01 07:00:00","BUTLERSG","9.099998",NA,NA,NA
"D","DISPATCH","UNIT_SCADA",1,"2024/02/01 07:00:00","BWTR1","15.318880",NA,NA,NA
"D","DISPATCH","UNIT_SCADA",1,"2024/02/01 07:00:00","CAPTL_WF","0",NA,NA,NA
"D","DISPATCH","UNIT_SCADA",1,"2024/02/01 07:00:00","CHALLHWF","1.30",NA,NA,NA
"D","DISPATCH","UNIT_SCADA",1,"2024/02/01 07:00:00","CLOVER","-0.02",NA,NA,NA
"D","DISPATCH","UNIT_SCADA",1,"2024/02/01 07:00:00","CLUNY","4.686198",NA,NA,NA
"D","DISPATCH","UNIT_SCADA",1,"2024/02/01 07:00:00","CONDONG1","-1",NA,NA,NA
"D","DISPATCH","UNIT_SCADA",1,"2024/02/01 07:00:00","CULLRGWF","1.16",NA,NA,NA
"D","DISPATCH","UNIT_SCADA",1,"2024/02/01 07:00:00","DIAPURWF1","0",NA,NA,NA
"D","DISPATCH","UNIT_SCADA",1,"2024/02/01 07:00:00","ERGT01","0",NA,NA,NA
"D","DISPATCH","UNIT_SCADA",1,"2024/02/01 07:00:00","GB01","0",NA,NA,NA
"D","DISPATCH","UNIT_SCADA",1,"2024/02/01 07:00:00","GERMCRK","8.6360",NA,NA,NA
"D","DISPATCH","UNIT_SCADA",1,"2024/02/01 07:00:00","GRIFSF1","17.415493",NA,NA,NA
"D","DISPATCH","UNIT_SCADA",1,"2024/02/01 07:00:00","HUGSF1","0.1730",NA,NA,NA
"D","DISPATCH","UNIT_SCADA",1,"2024/02/01 07:00:00","KEPBG1","0",NA,NA,NA
"D","DISPATCH","UNIT_SCADA",1,"2024/02/01 07:00:00","LRSF1","3.3320",NA,NA,NA
"D","DISPATCH","UNIT_SCADA",1,"2024/02/01 07:00:00","MBAHNTH","42.449997",NA,NA,NA
"D","DISPATCH","UNIT_SCADA",1,"2024/02/01 07:00:00","MLSP1","0.7740",NA,NA,NA
"D","DISPATCH","UNIT_SCADA",1,"2024/02/01 07:00:00","MLWF1","3.3750",NA,NA,NA
"D","DISPATCH","UNIT_SCADA",1,"2024/02/01 07:00:00","PALOONA","0",NA,NA,NA
"D","DISPATCH","UNIT_SCADA",1,"2024/02/01 07:00:00","PIONEER","-0.70",NA,NA,NA
"D","DISPATCH","UNIT_SCADA",1,"2024/02/01 07:00:00","PORTWF","67",NA,NA,NA
"D","DISPATCH","UNIT_SCADA",1,"2024/02/01 07:00:00","REPULSE","7.073472",NA,NA,NA
"D","DISPATCH","UNIT_SCADA",1,"2024/02/01 07:00:00","ROWALLAN","0",NA,NA,NA
"D","DISPATCH","UNIT_SCADA",1,"2024/02/01 07:00:00","ROYALLA1","1.2510",NA,NA,NA
"D","DISPATCH","UNIT_SCADA",1,"2024/02/01 07:00:00","RPCG","-1.60",NA,NA,NA
"D","DISPATCH","UNIT_SCADA",1,"2024/02/01 07:00:00","RUBICON","0.81",NA,NA,NA
"D","DISPATCH","UNIT_SCADA",1,"2024/02/01 07:00:00","SHOAL1","19.9750",NA,NA,NA
"D","DISPATCH","UNIT_SCADA",1,"2024/02/01 07:00:00","WAUBRAWF","49.238998",NA,NA,NA
"D","DISPATCH","UNIT_SCADA",1,"2024/02/01 07:00:00","WOOLNTH1","125.660004",NA,NA,NA
"D","DISPATCH","UNIT_SCADA",1,"2024/02/01 07:00:00","YAMBUKWF","4.20",NA,NA,NA
"D","DISPATCH","UNIT_SCADA",1,"2024/02/01 07:00:00","YSWF1","10.40",NA,NA,NA
"D","DISPATCH","UNIT_SCADA",1,"2024/02/01 07:10:00","BARCSF1","8",NA,NA,NA
"D","DISPATCH","UNIT_SCADA",1,"2024/02/01 07:10:00","BUTLERSG","8.999998",NA,NA,NA
"D","DISPATCH","UNIT_SCADA",1,"2024/02/01 07:10:00","BWTR1","13.889880",NA,NA,NA
"D","DISPATCH","UNIT_SCADA",1,"2024/02/01 07:10:00","CAPTL_WF","0",NA,NA,NA
"D","DISPATCH","UNIT_SCADA",1,"2024/02/01 07:10:00","CHALLHWF","4.70",NA,NA,NA
"D","DISPATCH","UNIT_SCADA",1,"2024/02/01 07:10:00","CLOVER","0",NA,NA,NA
"D","DISPATCH","UNIT_SCADA",1,"2024/02/01 07:10:00","CLUNY","4.395972",NA,NA,NA
"D","DISPATCH","UNIT_SCADA",1,"2024/02/01 07:10:00","CONDONG1","-0.99",NA,NA,NA
"D","DISPATCH","UNIT_SCADA",1,"2024/02/01 07:10:00","CULLRGWF","0.34",NA,NA,NA
"D","DISPATCH","UNIT_SCADA",1,"2024/02/01 07:10:00","DIAPURWF1","0",NA,NA,NA
"D","DISPATCH","UNIT_SCADA",1,"2024/02/01 07:10:00","ERGT01","0",NA,NA,NA
"D","DISPATCH","UNIT_SCADA",1,"2024/02/01 07:10:00","GB01","0",NA,NA,NA
"D","DISPATCH","UNIT_SCADA",1,"2024/02/01 07:10:00","GERMCRK","9.4720",NA,NA,NA
"D","DISPATCH","UNIT_SCADA",1,"2024/02/01 07:10:00","GRIFSF1","20.237486",NA,NA,NA
"D","DISPATCH","UNIT_SCADA",1,"2024/02/01 07:10:00","HUGSF1","0.2750",NA,NA,NA
"D","DISPATCH","UNIT_SCADA",1,"2024/02/01 07:10:00","KEPBG1","0",NA,NA,NA
"D","DISPATCH","UNIT_SCADA",1,"2024/02/01 07:10:00","LRSF1","6.3110",NA,NA,NA
"D","DISPATCH","UNIT_SCADA",1,"2024/02/01 07:10:00","MBAHNTH","42.581253",NA,NA,NA
"D","DISPATCH","UNIT_SCADA",1,"2024/02/01 07:10:00","MLSP1","0.9240",NA,NA,NA
"D","DISPATCH","UNIT_SCADA",1,"2024/02/01 07:10:00","MLWF1","4.23",NA,NA,NA
"D","DISPATCH","UNIT_SCADA",1,"2024/02/01 07:10:00","PALOONA","0",NA,NA,NA
"D","DISPATCH","UNIT_SCADA",1,"2024/02/01 07:10:00","PIONEER","-0.70",NA,NA,NA
"D","DISPATCH","UNIT_SCADA",1,"2024/02/01 07:10:00","PORTWF","56.400002",NA,NA,NA
"D","DISPATCH","UNIT_SCADA",1,"2024/02/01 07:10:00","REPULSE","6.889143",NA,NA,NA
"D","DISPATCH","UNIT_SCADA",1,"2024/02/01 07:10:00","ROWALLAN","0",NA,NA,NA
"D","DISPATCH","UNIT_SCADA",1,"2024/02/01 07:10:00","ROYALLA1","1.6460",NA,NA,NA
"D","DISPATCH","UNIT_SCADA",1,"2024/02/01 07:10:00","RPCG","-1.60",NA,NA,NA
"D","DISPATCH","UNIT_SCADA",1,"2024/02/01 07:10:00","RUBICON","0.81",NA,NA,NA
"D","DISPATCH","UNIT_SCADA",1,"2024/02/01 07:10:00","SHOAL1","19.9750",NA,NA,NA
"D","DISPATCH","UNIT_SCADA",1,"2024/02/01 07:10:00","WAUBRAWF","58.6670",NA,NA,NA
"D","DISPATCH","UNIT_SCADA",1,"2024/02/01 07:10:00","WOOLNTH1","113.389999",NA,NA,NA
"D","DISPATCH","UNIT_SCADA",1,"2024/02/01 07:10:00","YAMBUKWF","3.70",NA,NA,NA
"D","DISPATCH","UNIT_SCADA",1,"2024/02/01 07:10:00","YSWF1","14.10",NA,NA,NA
"D","DISPATCH","UNIT_SCADA",1,"2024/02/01 07:50:00","BARCSF1","6.70",NA,NA,NA
"D","DISPATCH","UNIT_SCADA",1,"2024/02/01 07:50:00","BUTLERSG","9.099998",NA,NA,NA
"D","DISPATCH","UNIT_SCADA",1,"2024/02/01 07:50:00","BWTR1","15.376040",NA,NA,NA
"D","DISPATCH","UNIT_SCADA",1,"2024/02/01 07:50:00","CAPTL_WF","0",NA,NA,NA
"D","DISPATCH","UNIT_SCADA",1,"2024/02/01 07:50:00","CHALLHWF","4.60",NA,NA,NA
"D","DISPATCH","UNIT_SCADA",1,"2024/02/01 07:50:00","CLOVER","-0.01",NA,NA,NA
"D","DISPATCH","UNIT_SCADA",1,"2024/02/01 07:50:00","CLUNY","2.176699",NA,NA,NA
"D","DISPATCH","UNIT_SCADA",1,"2024/02/01 07:50:00","CONDONG1","-1.02",NA,NA,NA
"D","DISPATCH","UNIT_SCADA",1,"2024/02/01 07:50:00","CULLRGWF","-0.05",NA,NA,NA
"D","DISPATCH","UNIT_SCADA",1,"2024/02/01 07:50:00","DIAPURWF1","0",NA,NA,NA
"D","DISPATCH","UNIT_SCADA",1,"2024/02/01 07:50:00","ERGT01","0",NA,NA,NA
"D","DISPATCH","UNIT_SCADA",1,"2024/02/01 07:50:00","GB01","0",NA,NA,NA
"D","DISPATCH","UNIT_SCADA",1,"2024/02/01 07:50:00","GERMCRK","9.95",NA,NA,NA
"D","DISPATCH","UNIT_SCADA",1,"2024/02/01 07:50:00","GRIFSF1","25.939913",NA,NA,NA
"D","DISPATCH","UNIT_SCADA",1,"2024/02/01 07:50:00","HUGSF1","1.4510",NA,NA,NA
"D","DISPATCH","UNIT_SCADA",1,"2024/02/01 07:50:00","KEPBG1","0",NA,NA,NA
"D","DISPATCH","UNIT_SCADA",1,"2024/02/01 07:50:00","LRSF1","9.818001",NA,NA,NA
"D","DISPATCH","UNIT_SCADA",1,"2024/02/01 07:50:00","MBAHNTH","45.262497",NA,NA,NA
"D","DISPATCH","UNIT_SCADA",1,"2024/02/01 07:50:00","MLSP1","1.5270",NA,NA,NA
"D","DISPATCH","UNIT_SCADA",1,"2024/02/01 07:50:00","MLWF1","3.8250",NA,NA,NA
"D","DISPATCH","UNIT_SCADA",1,"2024/02/01 07:50:00","PALOONA","0",NA,NA,NA
"D","DISPATCH","UNIT_SCADA",1,"2024/02/01 07:50:00","PIONEER","-0.60",NA,NA,NA
"D","DISPATCH","UNIT_SCADA",1,"2024/02/01 07:50:00","PORTWF","69.800003",NA,NA,NA
"D","DISPATCH","UNIT_SCADA",1,"2024/02/01 07:50:00","REPULSE","3.123217",NA,NA,NA
"D","DISPATCH","UNIT_SCADA",1,"2024/02/01 07:50:00","ROWALLAN","0",NA,NA,NA
"D","DISPATCH","UNIT_SCADA",1,"2024/02/01 07:50:00","ROYALLA1","2.4240",NA,NA,NA
"D","DISPATCH","UNIT_SCADA",1,"2024/02/01 07:50:00","RPCG","-1.60",NA,NA,NA
"D","DISPATCH","UNIT_SCADA",1,"2024/02/01 07:50:00","RUBICON","0.81",NA,NA,NA
"D","DISPATCH","UNIT_SCADA",1,"2024/02/01 07:50:00","SHOAL1","0",NA,NA,NA
"D","DISPATCH","UNIT_SCADA",1,"2024/02/01 07:50:00","WAUBRAWF","78.192001",NA,NA,NA
"D","DISPATCH","UNIT_SCADA",1,"2024/02/01 07:50:00","WOOLNTH1","122.739990",NA,NA,NA
"D","DISPATCH","UNIT_SCADA",1,"2024/02/02 04:20:00","HUGSF1","-0.1480",NA,NA,NA
"D","DISPATCH","UNIT_SCADA",1,"2024/02/02 04:20:00","KEPBG1","0",NA,NA,NA
"D","DISPATCH","UNIT_SCADA",1,"2024/02/02 04:20:00","LRSF1","-0.03",NA,NA,NA
"D","DISPATCH","UNIT_SCADA",1,"2024/02/02 04:20:00","MBAHNTH","46.593750",NA,NA,NA
"D","DISPATCH","UNIT_SCADA",1,"2024/02/02 04:20:00","MLSP1","0.0310",NA,NA,NA
"D","DISPATCH","UNIT_SCADA",1,"2024/02/02 04:20:00","MLWF1","2.97",NA,NA,NA
"D","DISPATCH","UNIT_SCADA",1,"2024/02/02 04:20:00","PALOONA","0",NA,NA,NA
"D","DISPATCH","UNIT_SCADA",1,"2024/02/02 04:20:00","PIONEER","-0.40",NA,NA,NA
"D","DISPATCH","UNIT_SCADA",1,"2024/02/02 04:20:00","PORTWF","43.700001",NA,NA,NA
"D","DISPATCH","UNIT_SCADA",1,"2024/02/02 04:20:00","REPULSE","12.876783",NA,NA,NA
"D","DISPATCH","UNIT_SCADA",1,"2024/02/02 04:20:00","ROWALLAN","0",NA,NA,NA
"D","DISPATCH","UNIT_SCADA",1,"2024/02/02 04:20:00","ROYALLA1","0",NA,NA,NA
"D","DISPATCH","UNIT_SCADA",1,"2024/02/02 04:20:00","RPCG","12.50",NA,NA,NA
"D","DISPATCH","UNIT_SCADA",1,"2024/02/02 04:20:00","RUBICON","0.81",NA,NA,NA
"D","DISPATCH","UNIT_SCADA",1,"2024/02/02 04:20:00","SHOAL1","19.9750",NA,NA,NA
"D","DISPATCH","UNIT_SCADA",1,"2024/02/02 04:20:00","WAUBRAWF","170.296005",NA,NA,NA
"D","DISPATCH","UNIT_SCADA",1,"2024/02/02 04:20:00","WOOLNTH1","127.619995",NA,NA,NA
"D","DISPATCH","UNIT_SCADA",1,"2024/02/02 04:20:00","YAMBUKWF","15.70",NA,NA,NA
"D","DISPATCH","UNIT_SCADA",1,"2024/02/02 04:20:00","YSWF1","15.80",NA,NA,NA
"D","DISPATCH","UNIT_SCADA",1,"2024/02/02 04:25:00","BARCSF1","0",NA,NA,NA
"D","DISPATCH","UNIT_SCADA",1,"2024/02/02 04:25:00","BUTLERSG","9.099998",NA,NA,NA
"D","DISPATCH","UNIT_SCADA",1,"2024/02/02 04:25:00","BWTR1","14.747280",NA,NA,NA
"D","DISPATCH","UNIT_SCADA",1,"2024/02/02 04:25:00","CAPTL_WF","20.316717",NA,NA,NA
"D","DISPATCH","UNIT_SCADA",1,"2024/02/02 04:25:00","CHALLHWF","18.10",NA,NA,NA
"D","DISPATCH","UNIT_SCADA",1,"2024/02/02 04:25:00","CLOVER","-0.10",NA,NA,NA
"D","DISPATCH","UNIT_SCADA",1,"2024/02/02 04:25:00","CLUNY","8.310826",NA,NA,NA
"D","DISPATCH","UNIT_SCADA",1,"2024/02/02 04:25:00","CONDONG1","-0.72",NA,NA,NA
"D","DISPATCH","UNIT_SCADA",1,"2024/02/02 04:25:00","CULLRGWF","16.33",NA,NA,NA
"D","DISPATCH","UNIT_SCADA",1,"2024/02/02 04:25:00","DIAPURWF1","0",NA,NA,NA
"D","DISPATCH","UNIT_SCADA",1,"2024/02/02 04:25:00","ERGT01","0",NA,NA,NA
"D","DISPATCH","UNIT_SCADA",1,"2024/02/02 04:25:00","GB01","0",NA,NA,NA
"D","DISPATCH","UNIT_SCADA",1,"2024/02/02 04:25:00","GERMCRK","-0.31",NA,NA,NA
"D","DISPATCH","UNIT_SCADA",1,"2024/02/02 04:25:00","GRIFSF1","0",NA,NA,NA
"D","DISPATCH","UNIT_SCADA",1,"2024/02/02 04:25:00","HUGSF1","-0.1480",NA,NA,NA
"D","DISPATCH","UNIT_SCADA",1,"2024/02/02 04:25:00","KEPBG1","0",NA,NA,NA
"D","DISPATCH","UNIT_SCADA",1,"2024/02/02 04:25:00","LRSF1","-0.03",NA,NA,NA
"D","DISPATCH","UNIT_SCADA",1,"2024/02/02 04:25:00","MBAHNTH","46.143753",NA,NA,NA
"D","DISPATCH","UNIT_SCADA",1,"2024/02/02 04:25:00","MLSP1","0.0310",NA,NA,NA
"D","DISPATCH","UNIT_SCADA",1,"2024/02/02 04:25:00","MLWF1","3.18",NA,NA,NA
"D","DISPATCH","UNIT_SCADA",1,"2024/02/02 04:25:00","PALOONA","0",NA,NA,NA
"D","DISPATCH","UNIT_SCADA",1,"2024/02/02 04:25:00","PIONEER","-0.40",NA,NA,NA
"D","DISPATCH","UNIT_SCADA",1,"2024/02/02 04:25:00","PORTWF","43.900002",NA,NA,NA
"D","DISPATCH","UNIT_SCADA",1,"2024/02/02 04:25:00","REPULSE","13.130693",NA,NA,NA
"D","DISPATCH","UNIT_SCADA",1,"2024/02/02 04:25:00","ROWALLAN","0",NA,NA,NA
"D","DISPATCH","UNIT_SCADA",1,"2024/02/02 04:25:00","ROYALLA1","0",NA,NA,NA
"D","DISPATCH","UNIT_SCADA",1,"2024/02/02 04:25:00","RPCG","11.10",NA,NA,NA
"D","DISPATCH","UNIT_SCADA",1,"2024/02/02 04:25:00","RUBICON","0.81",NA,NA,NA
"D","DISPATCH","UNIT_SCADA",1,"2024/02/02 04:25:00","SHOAL1","19.9750",NA,NA,NA
"D","DISPATCH","UNIT_SCADA",1,"2024/02/02 04:25:00","WAUBRAWF","167.636993",NA,NA,NA
"D","DISPATCH","UNIT_SCADA",1,"2024/02/02 04:25:00","WOOLNTH1","125.190002",NA,NA,NA
"D","DISPATCH","UNIT_SCADA",1,"2024/02/02 04:25:00","YAMBUKWF","15.90",NA,NA,NA
"D","DISPATCH","UNIT_SCADA",1,"2024/02/02 04:25:00","YSWF1","15",NA,NA,NA
"D","DISPATCH","UNIT_SCADA",1,"2024/02/02 04:30:00","BARCSF1","0",NA,NA,NA
"D","DISPATCH","UNIT_SCADA",1,"2024/02/02 04:30:00","BUTLERSG","8.999998",NA,NA,NA
"D","DISPATCH","UNIT_SCADA",1,"2024/02/02 04:30:00","BWTR1","14.747280",NA,NA,NA
"D","DISPATCH","UNIT_SCADA",1,"2024/02/02 04:30:00","CAPTL_WF","21.363607",NA,NA,NA
"D","DISPATCH","UNIT_SCADA",1,"2024/02/02 04:30:00","CHALLHWF","18.200001",NA,NA,NA
"D","DISPATCH","UNIT_SCADA",1,"2024/02/02 04:30:00","CLOVER","-0.10",NA,NA,NA
"D","DISPATCH","UNIT_SCADA",1,"2024/02/02 04:30:00","CLUNY","8.257725",NA,NA,NA
"D","DISPATCH","UNIT_SCADA",1,"2024/02/02 04:30:00","CONDONG1","-0.72",NA,NA,NA
"D","DISPATCH","UNIT_SCADA",1,"2024/02/02 04:30:00","CULLRGWF","16.27",NA,NA,NA
"D","DISPATCH","UNIT_SCADA",1,"2024/02/02 04:30:00","DIAPURWF1","0",NA,NA,NA
"D","DISPATCH","UNIT_SCADA",1,"2024/02/02 04:30:00","ERGT01","0",NA,NA,NA
"D","DISPATCH","UNIT_SCADA",1,"2024/02/02 04:30:00","GB01","0",NA,NA,NA
"D","DISPATCH","UNIT_SCADA",1,"2024/02/02 04:30:00","GERMCRK","-0.3010",NA,NA,NA
"D","DISPATCH","UNIT_SCADA",1,"2024/02/02 04:30:00","GRIFSF1","0",NA,NA,NA
"D","DISPATCH","UNIT_SCADA",1,"2024/02/02 04:30:00","HUGSF1","-0.1480",NA,NA,NA
"D","DISPATCH","UNIT_SCADA",1,"2024/02/02 04:30:00","KEPBG1","0",NA,NA,NA
"D","DISPATCH","UNIT_SCADA",1,"2024/02/02 04:30:00","LRSF1","-0.03",NA,NA,NA
"D","DISPATCH","UNIT_SCADA",1,"2024/02/02 04:30:00","MBAHNTH","46.275009",NA,NA,NA
"D","DISPATCH","UNIT_SCADA",1,"2024/02/02 04:30:00","MLSP1","0.0310",NA,NA,NA
"D","DISPATCH","UNIT_SCADA",1,"2024/02/02 04:30:00","MLWF1","2.97",NA,NA,NA
"D","DISPATCH","UNIT_SCADA",1,"2024/02/02 04:30:00","PALOONA","0",NA,NA,NA
"D","DISPATCH","UNIT_SCADA",1,"2024/02/02 04:30:00","PIONEER","-0.40",NA,NA,NA
"D","DISPATCH","UNIT_SCADA",1,"2024/02/02 04:30:00","PORTWF","45.900002",NA,NA,NA
"D","DISPATCH","UNIT_SCADA",1,"2024/02/02 04:30:00","REPULSE","13.118486",NA,NA,NA
"D","DISPATCH","UNIT_SCADA",1,"2024/02/02 04:30:00","ROWALLAN","0",NA,NA,NA
"D","DISPATCH","UNIT_SCADA",1,"2024/02/02 04:30:00","ROYALLA1","0",NA,NA,NA
"D","DISPATCH","UNIT_SCADA",1,"2024/02/02 04:30:00","RPCG","11.10",NA,NA,NA
"D","DISPATCH","UNIT_SCADA",1,"2024/02/02 04:30:00","RUBICON","0.81",NA,NA,NA
"D","DISPATCH","UNIT_SCADA",1,"2024/02/02 04:30:00","SHOAL1","20",NA,NA,NA
"D","DISPATCH","UNIT_SCADA",1,"2024/02/02 04:30:00","WAUBRAWF","167.406998",NA,NA,NA
"D","DISPATCH","UNIT_SCADA",1,"2024/02/02 04:30:00","WOOLNTH1","123.400002",NA,NA,NA
"D","DISPATCH","UNIT_SCADA",1,"2024/02/02 04:30:00","YAMBUKWF","15.80",NA,NA,NA
"D","DISPATCH","UNIT_SCADA",1,"2024/02/02 04:30:00","YSWF1","14.50",NA,NA,NA
"D","DISPATCH","UNIT_SCADA",1,"2024/02/02 04:35:00","BARCSF1","0",NA,NA,NA
"D","DISPATCH","UNIT_SCADA",1,"2024/02/02 04:35:00","BUTLERSG","8.999998",NA,NA,NA
"D","DISPATCH","UNIT_SCADA",1,"2024/02/02 04:35:00","BWTR1","14.747280",NA,NA,NA
"D","DISPATCH","UNIT_SCADA",1,"2024/02/02 04:35:00","CAPTL_WF","21.035477",NA,NA,NA
"D","DISPATCH","UNIT_SCADA",1,"2024/02/02 04:35:00","CHALLHWF","20.299999",NA,NA,NA
"D","DISPATCH","UNIT_SCADA",1,"2024/02/02 04:35:00","CLOVER","-0.10",NA,NA,NA
"D","DISPATCH","UNIT_SCADA",1,"2024/02/02 04:35:00","CLUNY","8.2916",NA,NA,NA
"D","DISPATCH","UNIT_SCADA",1,"2024/02/02 04:35:00","CONDONG1","-0.71",NA,NA,NA
"D","DISPATCH","UNIT_SCADA",1,"2024/02/02 04:35:00","CULLRGWF","16.73",NA,NA,NA
"D","DISPATCH","UNIT_SCADA",1,"2024/02/02 04:35:00","DIAPURWF1","0",NA,NA,NA
"D","DISPATCH","UNIT_SCADA",1,"2024/02/02 04:35:00","ERGT01","0",NA,NA,NA
"D","DISPATCH","UNIT_SCADA",1,"2024/02/02 04:35:00","GB01","0",NA,NA,NA
"D","DISPATCH","UNIT_SCADA",1,"2024/02/02 04:35:00","GERMCRK","-0.2780",NA,NA,NA
"D","DISPATCH","UNIT_SCADA",1,"2024/02/02 04:35:00","GRIFSF1","0",NA,NA,NA
"D","DISPATCH","UNIT_SCADA",1,"2024/02/02 04:35:00","HUGSF1","-0.1480",NA,NA,NA
"D","DISPATCH","UNIT_SCADA",1,"2024/02/02 04:35:00","KEPBG1","0",NA,NA,NA
"D","DISPATCH","UNIT_SCADA",1,"2024/02/02 04:35:00","LRSF1","-0.03",NA,NA,NA
"D","DISPATCH","UNIT_SCADA",1,"2024/02/02 04:35:00","MBAHNTH","46.050003",NA,NA,NA
"D","DISPATCH","UNIT_SCADA",1,"2024/02/02 04:35:00","MLSP1","0.0310",NA,NA,NA
"D","DISPATCH","UNIT_SCADA",1,"2024/02/02 04:35:00","MLWF1","2.5350",NA,NA,NA
"D","DISPATCH","UNIT_SCADA",1,"2024/02/02 04:35:00","PALOONA","0",NA,NA,NA
"D","DISPATCH","UNIT_SCADA",1,"2024/02/02 04:35:00","PIONEER","-0.40",NA,NA,NA
"D","DISPATCH","UNIT_SCADA",1,"2024/02/02 04:35:00","PORTWF","47.50",NA,NA,NA
"D","DISPATCH","UNIT_SCADA",1,"2024/02/02 04:35:00","REPULSE","13.086747",NA,NA,NA
"D","DISPATCH","UNIT_SCADA",1,"2024/02/02 04:35:00","ROWALLAN","0",NA,NA,NA
"D","DISPATCH","UNIT_SCADA",1,"2024/02/02 04:35:00","ROYALLA1","0",NA,NA,NA
"D","DISPATCH","UNIT_SCADA",1,"2024/02/02 04:35:00","RPCG","11.10",NA,NA,NA
"D","DISPATCH","UNIT_SCADA",1,"2024/02/02 04:35:00","RUBICON","0.81",NA,NA,NA
"D","DISPATCH","UNIT_SCADA",1,"2024/02/02 04:35:00","SHOAL1","20",NA,NA,NA
"D","DISPATCH","UNIT_SCADA",1,"2024/02/02 04:35:00","WAUBRAWF","162.261993",NA,NA,NA
"D","DISPATCH","UNIT_SCADA",1,"2024/02/02 04:35:00","WOOLNTH1","124.639999",NA,NA,NA
"D","DISPATCH","UNIT_SCADA",1,"2024/02/02 04:35:00","YAMBUKWF","15.50",NA,NA,NA
"D","DISPATCH","UNIT_SCADA",1,"2024/02/02 04:35:00","YSWF1","15.30",NA,NA,NA
"D","DISPATCH","UNIT_SCADA",1,"2024/02/02 04:40:00","BARCSF1","0",NA,NA,NA
"D","DISPATCH","UNIT_SCADA",1,"2024/02/02 04:40:00","BUTLERSG","8.999998",NA,NA,NA
"D","DISPATCH","UNIT_SCADA",1,"2024/02/02 04:40:00","BWTR1","14.747280",NA,NA,NA
"D","DISPATCH","UNIT_SCADA",1,"2024/02/02 04:40:00","CAPTL_WF","19.793270",NA,NA,NA
"D","DISPATCH","UNIT_SCADA",1,"2024/02/02 04:40:00","CHALLHWF","20.599998",NA,NA,NA
"D","DISPATCH","UNIT_SCADA",1,"2024/02/02 04:40:00","CLOVER","-0.11",NA,NA,NA
"D","DISPATCH","UNIT_SCADA",1,"2024/02/02 04:40:00","CLUNY","8.253147",NA,NA,NA
"D","DISPATCH","UNIT_SCADA",1,"2024/02/02 04:40:00","CONDONG1","-0.72",NA,NA,NA
"D","DISPATCH","UNIT_SCADA",1,"2024/02/02 04:40:00","CULLRGWF","17.01",NA,NA,NA
"D","DISPATCH","UNIT_SCADA",1,"2024/02/02 04:40:00","DIAPURWF1","0",NA,NA,NA
"D","DISPATCH","UNIT_SCADA",1,"2024/02/02 04:40:00","ERGT01","0",NA,NA,NA
"D","DISPATCH","UNIT_SCADA",1,"2024/02/02 04:40:00","GB01","0",NA,NA,NA
"D","DISPATCH","UNIT_SCADA",1,"2024/02/02 04:40:00","GERMCRK","3.7380",NA,NA,NA
"D","DISPATCH","UNIT_SCADA",1,"2024/02/02 04:40:00","GRIFSF1","0",NA,NA,NA
"D","DISPATCH","UNIT_SCADA",1,"2024/02/02 04:40:00","HUGSF1","-0.1480",NA,NA,NA
"D","DISPATCH","UNIT_SCADA",1,"2024/02/02 04:40:00","KEPBG1","0",NA,NA,NA
"D","DISPATCH","UNIT_SCADA",1,"2024/02/02 04:40:00","LRSF1","-0.03",NA,NA,NA
"D","DISPATCH","UNIT_SCADA",1,"2024/02/02 04:40:00","MBAHNTH","46.387497",NA,NA,NA
"D","DISPATCH","UNIT_SCADA",1,"2024/02/02 04:40:00","MLSP1","0.0310",NA,NA,NA
"D","DISPATCH","UNIT_SCADA",1,"2024/02/02 04:40:00","MLWF1","2.6250",NA,NA,NA
"D","DISPATCH","UNIT_SCADA",1,"2024/02/02 04:40:00","PALOONA","0",NA,NA,NA
"D","DISPATCH","UNIT_SCADA",1,"2024/02/02 04:40:00","PIONEER","-0.40",NA,NA,NA
"D","DISPATCH","UNIT_SCADA",1,"2024/02/02 04:40:00","PORTWF","44.900002",NA,NA,NA
"D","DISPATCH","UNIT_SCADA",1,"2024/02/02 04:40:00","REPULSE","13.003738",NA,NA,NA
"D","DISPATCH","UNIT_SCADA",1,"2024/02/02 04:40:00","ROWALLAN","0",NA,NA,NA
"D","DISPATCH","UNIT_SCADA",1,"2024/02/02 04:40:00","ROYALLA1","0",NA,NA,NA
"D","DISPATCH","UNIT_SCADA",1,"2024/02/02 04:40:00","RPCG","11.10",NA,NA,NA
"D","DISPATCH","UNIT_SCADA",1,"2024/02/02 04:40:00","RUBICON","0.81",NA,NA,NA
"D","DISPATCH","UNIT_SCADA",1,"2024/02/02 04:40:00","SHOAL1","20",NA,NA,NA
"D","DISPATCH","UNIT_SCADA",1,"2024/02/02 04:40:00","WAUBRAWF","159.369995",NA,NA,NA
"D","DISPATCH","UNIT_SCADA",1,"2024/02/02 04:40:00","WOOLNTH1","125.360001",NA,NA,NA
"D","DISPATCH","UNIT_SCADA",1,"2024/02/02 04:40:00","YAMBUKWF","12.60",NA,NA,NA
"D","DISPATCH","UNIT_SCADA",1,"2024/02/02 04:40:00","YSWF1","15.70",NA,NA,NA
"D","DISPATCH","UNIT_SCADA",1,"2024/02/02 04:45:00","BARCSF1","0",NA,NA,NA
"D","DISPATCH","UNIT_SCADA",1,"2024/02/02 04:45:00","BUTLERSG","8.999998",NA,NA,NA
"D","DISPATCH","UNIT_SCADA",1,"2024/02/02 04:45:00","BWTR1","14.747280",NA,NA,NA
"D","DISPATCH","UNIT_SCADA",1,"2024/02/02 04:45:00","CAPTL_WF","21.164387",NA,NA,NA
"D","DISPATCH","UNIT_SCADA",1,"2024/02/02 04:45:00","CHALLHWF","17.60",NA,NA,NA
"D","DISPATCH","UNIT_SCADA",1,"2024/02/02 04:45:00","CLOVER","-0.11",NA,NA,NA
"D","DISPATCH","UNIT_SCADA",1,"2024/02/02 04:45:00","CLUNY","8.276951",NA,NA,NA
"D","DISPATCH","UNIT_SCADA",1,"2024/02/02 04:45:00","CONDONG1","-0.72",NA,NA,NA
"D","DISPATCH","UNIT_SCADA",1,"2024/02/02 04:45:00","CULLRGWF","15.92",NA,NA,NA
"D","DISPATCH","UNIT_SCADA",1,"2024/02/02 04:45:00","DIAPURWF1","0",NA,NA,NA
"D","DISPATCH","UNIT_SCADA",1,"2024/02/02 04:45:00","ERGT01","0",NA,NA,NA
"D","DISPATCH","UNIT_SCADA",1,"2024/02/02 04:45:00","GB01","0",NA,NA,NA
"D","DISPATCH","UNIT_SCADA",1,"2024/02/02 04:45:00","GERMCRK","10.6670",NA,NA,NA
"D","DISPATCH","UNIT_SCADA",1,"2024/02/02 04:45:00","GRIFSF1","0",NA,NA,NA
"D","DISPATCH","UNIT_SCADA",1,"2024/02/02 04:45:00","HUGSF1","-0.1480",NA,NA,NA
"D","DISPATCH","UNIT_SCADA",1,"2024/02/02 04:45:00","KEPBG1","0",NA,NA,NA
"D","DISPATCH","UNIT_SCADA",1,"2024/02/02 04:45:00","LRSF1","-0.03",NA,NA,NA
"D","DISPATCH","UNIT_SCADA",1,"2024/02/02 04:45:00","MBAHNTH","45.881256",NA,NA,NA
"D","DISPATCH","UNIT_SCADA",1,"2024/02/02 04:45:00","MLSP1","0.0310",NA,NA,NA
"D","DISPATCH","UNIT_SCADA",1,"2024/02/02 04:45:00","MLWF1","2.6250",NA,NA,NA
"D","DISPATCH","UNIT_SCADA",1,"2024/02/02 04:45:00","PALOONA","0",NA,NA,NA
"D","DISPATCH","UNIT_SCADA",1,"2024/02/02 04:45:00","PIONEER","-0.40",NA,NA,NA
"D","DISPATCH","UNIT_SCADA",1,"2024/02/02 04:45:00","PORTWF","39.200001",NA,NA,NA
"D","DISPATCH","UNIT_SCADA",1,"2024/02/02 04:45:00","REPULSE","13.098955",NA,NA,NA
"D","DISPATCH","UNIT_SCADA",1,"2024/02/02 04:45:00","ROWALLAN","0",NA,NA,NA
"D","DISPATCH","UNIT_SCADA",1,"2024/02/02 04:45:00","ROYALLA1","0",NA,NA,NA
"D","DISPATCH","UNIT_SCADA",1,"2024/02/02 04:45:00","RPCG","11.10",NA,NA,NA
"D","DISPATCH","UNIT_SCADA",1,"2024/02/02 04:45:00","RUBICON","0.81",NA,NA,NA
"D","DISPATCH","UNIT_SCADA",1,"2024/02/02 04:45:00","SHOAL1","20",NA,NA,NA
"D","DISPATCH","UNIT_SCADA",1,"2024/02/02 04:45:00","WAUBRAWF","152.442001",NA,NA,NA
"D","DISPATCH","UNIT_SCADA",1,"2024/02/02 04:45:00","WOOLNTH1","125.659996",NA,NA,NA
"D","DISPATCH","UNIT_SCADA",1,"2024/02/02 04:45:00","YAMBUKWF","13.70",NA,NA,NA
"D","DISPATCH","UNIT_SCADA",1,"2024/02/02 04:45:00","YSWF1","16.90",NA,NA,NA
"D","DISPATCH","UNIT_SCADA",1,"2024/02/02 04:50:00","BARCSF1","0",NA,NA,NA
"D","DISPATCH","UNIT_SCADA",1,"2024/02/02 04:50:00","BUTLERSG","9.099998",NA,NA,NA
"D","DISPATCH","UNIT_SCADA",1,"2024/02/02 04:50:00","BWTR1","14.690120",NA,NA,NA
"D","DISPATCH","UNIT_SCADA",1,"2024/02/02 04:50:00","CAPTL_WF","21.230793",NA,NA,NA
"D","DISPATCH","UNIT_SCADA",1,"2024/02/02 04:50:00","CHALLHWF","17.299999",NA,NA,NA
"D","DISPATCH","UNIT_SCADA",1,"2024/02/02 04:50:00","CLOVER","-0.10",NA,NA,NA
"D","DISPATCH","UNIT_SCADA",1,"2024/02/02 04:50:00","CLUNY","8.2916",NA,NA,NA
"D","DISPATCH","UNIT_SCADA",1,"2024/02/02 04:50:00","CONDONG1","-0.73",NA,NA,NA
"D","DISPATCH","UNIT_SCADA",1,"2024/02/02 04:50:00","CULLRGWF","15.30",NA,NA,NA
"D","DISPATCH","UNIT_SCADA",1,"2024/02/02 04:50:00","DIAPURWF1","0",NA,NA,NA
"D","DISPATCH","UNIT_SCADA",1,"2024/02/02 04:50:00","ERGT01","0",NA,NA,NA
"D","DISPATCH","UNIT_SCADA",1,"2024/02/02 04:50:00","GB01","0",NA,NA,NA
"D","DISPATCH","UNIT_SCADA",1,"2024/02/02 04:50:00","GERMCRK","11.7220",NA,NA,NA
"D","DISPATCH","UNIT_SCADA",1,"2024/02/02 04:50:00","GRIFSF1","0",NA,NA,NA
"D","DISPATCH","UNIT_SCADA",1,"2024/02/02 04:50:00","HUGSF1","-0.1480",NA,NA,NA
"D","DISPATCH","UNIT_SCADA",1,"2024/02/02 04:50:00","KEPBG1","0",NA,NA,NA
"D","DISPATCH","UNIT_SCADA",1,"2024/02/02 04:50:00","LRSF1","-0.03",NA,NA,NA
"D","DISPATCH","UNIT_SCADA",1,"2024/02/02 04:50:00","MBAHNTH","46.162506",NA,NA,NA
"D","DISPATCH","UNIT_SCADA",1,"2024/02/02 04:50:00","MLSP1","0.0310",NA,NA,NA
"D","DISPATCH","UNIT_SCADA",1,"2024/02/02 04:50:00","MLWF1","2.5950",NA,NA,NA
"D","DISPATCH","UNIT_SCADA",1,"2024/02/02 04:50:00","PALOONA","0",NA,NA,NA
"D","DISPATCH","UNIT_SCADA",1,"2024/02/02 04:50:00","PIONEER","-0.40",NA,NA,NA
"D","DISPATCH","UNIT_SCADA",1,"2024/02/02 04:50:00","PORTWF","37.099998",NA,NA,NA
"D","DISPATCH","UNIT_SCADA",1,"2024/02/02 04:50:00","REPULSE","13.156328",NA,NA,NA
"D","DISPATCH","UNIT_SCADA",1,"2024/02/02 04:50:00","ROWALLAN","0",NA,NA,NA
"D","DISPATCH","UNIT_SCADA",1,"2024/02/02 04:50:00","ROYALLA1","0",NA,NA,NA
"D","DISPATCH","UNIT_SCADA",1,"2024/02/02 04:50:00","RPCG","12.50",NA,NA,NA
"D","DISPATCH","UNIT_SCADA",1,"2024/02/02 04:50:00","RUBICON","0.81",NA,NA,NA
"D","DISPATCH","UNIT_SCADA",1,"2024/02/02 04:50:00","SHOAL1","19.950001",NA,NA,NA
"D","DISPATCH","UNIT_SCADA",1,"2024/02/02 04:50:00","WAUBRAWF","147.1530",NA,NA,NA
"D","DISPATCH","UNIT_SCADA",1,"2024/02/02 04:50:00","WOOLNTH1","127.079994",NA,NA,NA
"D","DISPATCH","UNIT_SCADA",1,"2024/02/02 04:50:00","YAMBUKWF","13.20",NA,NA,NA
"D","DISPATCH","UNIT_SCADA",1,"2024/02/02 04:50:00","YSWF1","19.10",NA,NA,NA
"D","DISPATCH","UNIT_SCADA",1,"2024/02/02 05:00:00","BARCSF1","0",NA,NA,NA
"D","DISPATCH","UNIT_SCADA",1,"2024/02/02 05:00:00","BUTLERSG","8.999998",NA,NA,NA
"D","DISPATCH","UNIT_SCADA",1,"2024/02/02 05:00:00","BWTR1","14.690120",NA,NA,NA
"D","DISPATCH","UNIT_SCADA",1,"2024/02/02 05:00:00","CAPTL_WF","21.887053",NA,NA,NA
"D","DISPATCH","UNIT_SCADA",1,"2024/02/02 05:00:00","CHALLHWF","16.10",NA,NA,NA
"D","DISPATCH","UNIT_SCADA",1,"2024/02/02 05:00:00","CLOVER","-0.10",NA,NA,NA
"D","DISPATCH","UNIT_SCADA",1,"2024/02/02 05:00:00","CLUNY","8.239414",NA,NA,NA
"D","DISPATCH","UNIT_SCADA",1,"2024/02/02 05:00:00","CONDONG1","-0.73",NA,NA,NA
"D","DISPATCH","UNIT_SCADA",1,"2024/02/02 05:00:00","CULLRGWF","14.68",NA,NA,NA
"D","DISPATCH","UNIT_SCADA",1,"2024/02/02 05:00:00","DIAPURWF1","0",NA,NA,NA
"D","DISPATCH","UNIT_SCADA",1,"2024/02/02 05:00:00","ERGT01","0",NA,NA,NA
"D","DISPATCH","UNIT_SCADA",1,"2024/02/02 05:00:00","GB01","0",NA,NA,NA
"D","DISPATCH","UNIT_SCADA",1,"2024/02/02 05:00:00","GERMCRK","11.8540",NA,NA,NA
"D","DISPATCH","UNIT_SCADA",1,"2024/02/02 05:00:00","GRIFSF1","0",NA,NA,NA
"D","DISPATCH","UNIT_SCADA",1,"2024/02/02 05:00:00","HUGSF1","-0.1480",NA,NA,NA
"D","DISPATCH","UNIT_SCADA",1,"2024/02/02 05:00:00","KEPBG1","0",NA,NA,NA
"D","DISPATCH","UNIT_SCADA",1,"2024/02/02 05:00:00","LRSF1","-0.03",NA,NA,NA
"D","DISPATCH","UNIT_SCADA",1,"2024/02/02 05:00:00","MBAHNTH","46.237503",NA,NA,NA
"D","DISPATCH","UNIT_SCADA",1,"2024/02/02 05:00:00","MLSP1","0.0310",NA,NA,NA
"D","DISPATCH","UNIT_SCADA",1,"2024/02/02 05:00:00","MLWF1","2.58",NA,NA,NA
"D","DISPATCH","UNIT_SCADA",1,"2024/02/02 05:00:00","PALOONA","0",NA,NA,NA
"D","DISPATCH","UNIT_SCADA",1,"2024/02/02 05:00:00","PIONEER","-0.40",NA,NA,NA
"D","DISPATCH","UNIT_SCADA",1,"2024/02/02 05:00:00","PORTWF","32.900002",NA,NA,NA
"D","DISPATCH","UNIT_SCADA",1,"2024/02/02 05:00:00","REPULSE","13.124590",NA,NA,NA
"D","DISPATCH","UNIT_SCADA",1,"2024/02/02 05:00:00","ROWALLAN","0",NA,NA,NA
"D","DISPATCH","UNIT_SCADA",1,"2024/02/02 05:00:00","ROYALLA1","0",NA,NA,NA
"D","DISPATCH","UNIT_SCADA",1,"2024/02/02 05:00:00","RPCG","13.80",NA,NA,NA
"D","DISPATCH","UNIT_SCADA",1,"2024/02/02 05:00:00","RUBICON","0.81",NA,NA,NA
"D","DISPATCH","UNIT_SCADA",1,"2024/02/02 05:00:00","SHOAL1","19.950001",NA,NA,NA
"D","DISPATCH","UNIT_SCADA",1,"2024/02/02 05:00:00","WAUBRAWF","133.1380",NA,NA,NA
"D","DISPATCH","UNIT_SCADA",1,"2024/02/02 05:00:00","WOOLNTH1","127.729996",NA,NA,NA
"D","DISPATCH","UNIT_SCADA",1,"2024/02/02 05:00:00","YAMBUKWF","11.90",NA,NA,NA
"D","DISPATCH","UNIT_SCADA",1,"2024/02/02 05:00:00","YSWF1","18.200001",NA,NA,NA
"D","DISPATCH","UNIT_SCADA",1,"2024/02/02 05:05:00","BARCSF1","0",NA,NA,NA
"D","DISPATCH","UNIT_SCADA",1,"2024/02/02 05:05:00","BUTLERSG","9.099998",NA,NA,NA
"D","DISPATCH","UNIT_SCADA",1,"2024/02/02 05:05:00","BWTR1","14.690120",NA,NA,NA
"D","DISPATCH","UNIT_SCADA",1,"2024/02/02 05:05:00","CAPTL_WF","22.937851",NA,NA,NA
"D","DISPATCH","UNIT_SCADA",1,"2024/02/02 05:05:00","CHALLHWF","15.30",NA,NA,NA
"D","DISPATCH","UNIT_SCADA",1,"2024/02/02 05:05:00","CLOVER","-0.10",NA,NA,NA
"D","DISPATCH","UNIT_SCADA",1,"2024/02/02 05:05:00","CLUNY","8.319982",NA,NA,NA
"D","DISPATCH","UNIT_SCADA",1,"2024/02/02 05:05:00","CONDONG1","-0.72",NA,NA,NA
"D","DISPATCH","UNIT_SCADA",1,"2024/02/02 05:05:00","CULLRGWF","14.69",NA,NA,NA
"D","DISPATCH","UNIT_SCADA",1,"2024/02/02 05:05:00","DIAPURWF1","0",NA,NA,NA
"D","DISPATCH","UNIT_SCADA",1,"2024/02/02 05:05:00","ERGT01","0",NA,NA,NA
"D","DISPATCH","UNIT_SCADA",1,"2024/02/02 05:05:00","GB01","0",NA,NA,NA
"D","DISPATCH","UNIT_SCADA",1,"2024/02/02 05:05:00","GERMCRK","11.4270",NA,NA,NA
"D","DISPATCH","UNIT_SCADA",1,"2024/02/02 05:05:00","GRIFSF1","0",NA,NA,NA
"D","DISPATCH","UNIT_SCADA",1,"2024/02/02 05:05:00","HUGSF1","-0.1480",NA,NA,NA
"D","DISPATCH","UNIT_SCADA",1,"2024/02/02 05:05:00","KEPBG1","0",NA,NA,NA
"D","DISPATCH","UNIT_SCADA",1,"2024/02/02 05:05:00","LRSF1","-0.03",NA,NA,NA
"D","DISPATCH","UNIT_SCADA",1,"2024/02/02 05:05:00","MBAHNTH","46.856247",NA,NA,NA
"D","DISPATCH","UNIT_SCADA",1,"2024/02/02 05:05:00","MLSP1","0.0310",NA,NA,NA
"D","DISPATCH","UNIT_SCADA",1,"2024/02/02 05:05:00","MLWF1","2.4750",NA,NA,NA
"D","DISPATCH","UNIT_SCADA",1,"2024/02/02 05:05:00","PALOONA","0",NA,NA,NA
"D","DISPATCH","UNIT_SCADA",1,"2024/02/02 05:05:00","PIONEER","-0.60",NA,NA,NA
"D","DISPATCH","UNIT_SCADA",1,"2024/02/02 05:05:00","PORTWF","36",NA,NA,NA
"D","DISPATCH","UNIT_SCADA",1,"2024/02/02 05:05:00","REPULSE","13.035478",NA,NA,NA
"D","DISPATCH","UNIT_SCADA",1,"2024/02/02 05:05:00","ROWALLAN","0",NA,NA,NA
"D","DISPATCH","UNIT_SCADA",1,"2024/02/02 05:05:00","ROYALLA1","0",NA,NA,NA
"D","DISPATCH","UNIT_SCADA",1,"2024/02/02 05:05:00","RPCG","13.80",NA,NA,NA
"D","DISPATCH","UNIT_SCADA",1,"2024/02/02 05:05:00","RUBICON","0.81",NA,NA,NA
"D","DISPATCH","UNIT_SCADA",1,"2024/02/02 05:05:00","SHOAL1","19.950001",NA,NA,NA
"D","DISPATCH","UNIT_SCADA",1,"2024/02/02 05:05:00","WAUBRAWF","130.746002",NA,NA,NA
"D","DISPATCH","UNIT_SCADA",1,"2024/02/02 05:05:00","WOOLNTH1","127.349991",NA,NA,NA
"D","DISPATCH","UNIT_SCADA",1,"2024/02/02 05:05:00","YAMBUKWF","12.90",NA,NA,NA
"D","DISPATCH","UNIT_SCADA",1,"2024/02/02 05:05:00","YSWF1","19.299999",NA,NA,NA
"D","DISPATCH","UNIT_SCADA",1,"2024/02/02 05:10:00","BARCSF1","0",NA,NA,NA
"D","DISPATCH","UNIT_SCADA",1,"2024/02/02 05:10:00","BUTLERSG","8.999998",NA,NA,NA
"D","DISPATCH","UNIT_SCADA",1,"2024/02/02 05:10:00","BWTR1","14.690120",NA,NA,NA
"D","DISPATCH","UNIT_SCADA",1,"2024/02/02 05:10:00","CAPTL_WF","23.984741",NA,NA,NA
"D","DISPATCH","UNIT_SCADA",1,"2024/02/02 05:10:00","CHALLHWF","16.200001",NA,NA,NA
"D","DISPATCH","UNIT_SCADA",1,"2024/02/02 05:10:00","CLOVER","-0.09",NA,NA,NA
"D","DISPATCH","UNIT_SCADA",1,"2024/02/02 05:10:00","CLUNY","8.200961",NA,NA,NA
"D","DISPATCH","UNIT_SCADA",1,"2024/02/02 05:10:00","CONDONG1","-0.82",NA,NA,NA
"D","DISPATCH","UNIT_SCADA",1,"2024/02/02 05:10:00","CULLRGWF","14.49",NA,NA,NA
"D","DISPATCH","UNIT_SCADA",1,"2024/02/02 07:00:00","BARCSF1","6.400001",NA,NA,NA
"D","DISPATCH","UNIT_SCADA",1,"2024/02/02 07:00:00","BUTLERSG","8.999998",NA,NA,NA
"D","DISPATCH","UNIT_SCADA",1,"2024/02/02 07:00:00","BWTR1","15.261720",NA,NA,NA
"D","DISPATCH","UNIT_SCADA",1,"2024/02/02 07:00:00","CAPTL_WF","20.445625",NA,NA,NA
"D","DISPATCH","UNIT_SCADA",1,"2024/02/02 07:00:00","CHALLHWF","7.60",NA,NA,NA
"D","DISPATCH","UNIT_SCADA",1,"2024/02/02 07:00:00","CLOVER","-0.09",NA,NA,NA
"D","DISPATCH","UNIT_SCADA",1,"2024/02/02 07:00:00","CLUNY","5.0103",NA,NA,NA
"D","DISPATCH","UNIT_SCADA",1,"2024/02/02 07:00:00","CONDONG1","-0.88",NA,NA,NA
"D","DISPATCH","UNIT_SCADA",1,"2024/02/02 07:00:00","CULLRGWF","19.41",NA,NA,NA
"D","DISPATCH","UNIT_SCADA",1,"2024/02/02 07:00:00","DIAPURWF1","0",NA,NA,NA
"D","DISPATCH","UNIT_SCADA",1,"2024/02/02 07:00:00","ERGT01","0",NA,NA,NA
"D","DISPATCH","UNIT_SCADA",1,"2024/02/02 07:00:00","GB01","0",NA,NA,NA
"D","DISPATCH","UNIT_SCADA",1,"2024/02/02 07:00:00","GERMCRK","10.26",NA,NA,NA
"D","DISPATCH","UNIT_SCADA",1,"2024/02/02 07:00:00","GRIFSF1","17.681292",NA,NA,NA
"D","DISPATCH","UNIT_SCADA",1,"2024/02/02 07:00:00","HUGSF1","1.4380",NA,NA,NA
"D","DISPATCH","UNIT_SCADA",1,"2024/02/02 07:00:00","KEPBG1","0",NA,NA,NA
"D","DISPATCH","UNIT_SCADA",1,"2024/02/02 07:00:00","LRSF1","5.3810",NA,NA,NA
"D","DISPATCH","UNIT_SCADA",1,"2024/02/02 07:00:00","MBAHNTH","43.368744",NA,NA,NA
"D","DISPATCH","UNIT_SCADA",1,"2024/02/02 07:00:00","MLSP1","2.2880",NA,NA,NA
"D","DISPATCH","UNIT_SCADA",1,"2024/02/02 07:00:00","MLWF1","1.8150",NA,NA,NA
"D","DISPATCH","UNIT_SCADA",1,"2024/02/02 07:00:00","PALOONA","0",NA,NA,NA
"D","DISPATCH","UNIT_SCADA",1,"2024/02/02 07:00:00","PIONEER","-0.60",NA,NA,NA
"D","DISPATCH","UNIT_SCADA",1,"2024/02/02 07:00:00","PORTWF","23.40",NA,NA,NA
"D","DISPATCH","UNIT_SCADA",1,"2024/02/02 07:00:00","REPULSE","7.708248",NA,NA,NA
"D","DISPATCH","UNIT_SCADA",1,"2024/02/02 07:00:00","ROWALLAN","0",NA,NA,NA
"D","DISPATCH","UNIT_SCADA",1,"2024/02/02 07:00:00","ROYALLA1","2.8770",NA,NA,NA
"D","DISPATCH","UNIT_SCADA",1,"2024/02/02 07:00:00","RPCG","11",NA,NA,NA
"D","DISPATCH","UNIT_SCADA",1,"2024/02/02 07:00:00","RUBICON","0.81",NA,NA,NA
"D","DISPATCH","UNIT_SCADA",1,"2024/02/02 07:00:00","SHOAL1","19.950001",NA,NA,NA
"D","DISPATCH","UNIT_SCADA",1,"2024/02/02 07:00:00","WAUBRAWF","150.593002",NA,NA,NA
"D","DISPATCH","UNIT_SCADA",1,"2024/02/02 07:00:00","WOOLNTH1","128.699997",NA,NA,NA
"D","DISPATCH","UNIT_SCADA",1,"2024/02/02 07:00:00","YAMBUKWF","7.50",NA,NA,NA
"D","DISPATCH","UNIT_SCADA",1,"2024/02/02 07:00:00","YSWF1","15.40",NA,NA,NA
"D","DISPATCH","UNIT_SCADA",1,"2024/02/02 08:50:00","YAMBUKWF","6.40",NA,NA,NA
"D","DISPATCH","UNIT_SCADA",1,"2024/02/02 08:50:00","YSWF1","12.80",NA,NA,NA
"D","DISPATCH","UNIT_SCADA",1,"2024/02/02 08:55:00","BARCSF1","13.50",NA,NA,NA
"D","DISPATCH","UNIT_SCADA",1,"2024/02/02 08:55:00","BUTLERSG","9.099998",NA,NA,NA
"D","DISPATCH","UNIT_SCADA",1,"2024/02/02 08:55:00","BWTR1","15.376040",NA,NA,NA
"D","DISPATCH","UNIT_SCADA",1,"2024/02/02 08:55:00","CAPTL_WF","0",NA,NA,NA
"D","DISPATCH","UNIT_SCADA",1,"2024/02/02 08:55:00","CHALLHWF","13.60",NA,NA,NA
"D","DISPATCH","UNIT_SCADA",1,"2024/02/02 08:55:00","CLOVER","-0.09",NA,NA,NA
"D","DISPATCH","UNIT_SCADA",1,"2024/02/02 08:55:00","CLUNY","4.967269",NA,NA,NA
"D","DISPATCH","UNIT_SCADA",1,"2024/02/02 08:55:00","CONDONG1","-0.87",NA,NA,NA
"D","DISPATCH","UNIT_SCADA",1,"2024/02/02 08:55:00","CULLRGWF","9.26",NA,NA,NA
"D","DISPATCH","UNIT_SCADA",1,"2024/02/02 08:55:00","DIAPURWF1","0",NA,NA,NA
"D","DISPATCH","UNIT_SCADA",1,"2024/02/02 08:55:00","ERGT01","0",NA,NA,NA
"D","DISPATCH","UNIT_SCADA",1,"2024/02/02 08:55:00","GB01","0",NA,NA,NA
"D","DISPATCH","UNIT_SCADA",1,"2024/02/02 08:55:00","GERMCRK","10.0440",NA,NA,NA
"D","DISPATCH","UNIT_SCADA",1,"2024/02/02 08:55:00","GRIFSF1","27.020075",NA,NA,NA
"D","DISPATCH","UNIT_SCADA",1,"2024/02/02 08:55:00","HUGSF1","3.4430",NA,NA,NA
"D","DISPATCH","UNIT_SCADA",1,"2024/02/02 08:55:00","KEPBG1","0",NA,NA,NA
"D","DISPATCH","UNIT_SCADA",1,"2024/02/02 08:55:00","LRSF1","9.957001",NA,NA,NA
"D","DISPATCH","UNIT_SCADA",1,"2024/02/02 08:55:00","MBAHNTH","43.856247",NA,NA,NA
"D","DISPATCH","UNIT_SCADA",1,"2024/02/02 08:55:00","MLSP1","7.9950",NA,NA,NA
"D","DISPATCH","UNIT_SCADA",1,"2024/02/02 08:55:00","MLWF1","5.70",NA,NA,NA
"D","DISPATCH","UNIT_SCADA",1,"2024/02/02 08:55:00","PALOONA","0",NA,NA,NA
"D","DISPATCH","UNIT_SCADA",1,"2024/02/02 08:55:00","PIONEER","-0.60",NA,NA,NA
"D","DISPATCH","UNIT_SCADA",1,"2024/02/02 08:55:00","PORTWF","18.40",NA,NA,NA
"D","DISPATCH","UNIT_SCADA",1,"2024/02/02 08:55:00","REPULSE","7.936522",NA,NA,NA
"D","DISPATCH","UNIT_SCADA",1,"2024/02/02 08:55:00","ROWALLAN","0",NA,NA,NA
"D","DISPATCH","UNIT_SCADA",1,"2024/02/02 08:55:00","ROYALLA1","12.374001",NA,NA,NA
"D","DISPATCH","UNIT_SCADA",1,"2024/02/02 08:55:00","RPCG","14.10",NA,NA,NA
"D","DISPATCH","UNIT_SCADA",1,"2024/02/02 08:55:00","RUBICON","0.81",NA,NA,NA
"D","DISPATCH","UNIT_SCADA",1,"2024/02/02 08:55:00","SHOAL1","25.8750",NA,NA,NA
"D","DISPATCH","UNIT_SCADA",1,"2024/02/02 08:55:00","WAUBRAWF","163.813995",NA,NA,NA
"D","DISPATCH","UNIT_SCADA",1,"2024/02/02 08:55:00","WOOLNTH1","116.669998",NA,NA,NA
"D","DISPATCH","UNIT_SCADA",1,"2024/02/02 08:55:00","YAMBUKWF","6.20",NA,NA,NA
"D","DISPATCH","UNIT_SCADA",1,"2024/02/02 08:55:00","YSWF1","11.80",NA,NA,NA
"D","DISPATCH","UNIT_SCADA",1,"2024/02/02 09:05:00","BARCSF1","13.50",NA,NA,NA
"D","DISPATCH","UNIT_SCADA",1,"2024/02/02 09:05:00","BUTLERSG","9.099998",NA,NA,NA
"D","DISPATCH","UNIT_SCADA",1,"2024/02/02 09:05:00","BWTR1","15.376040",NA,NA,NA
"D","DISPATCH","UNIT_SCADA",1,"2024/02/02 09:05:00","CAPTL_WF","0",NA,NA,NA
"D","DISPATCH","UNIT_SCADA",1,"2024/02/02 09:05:00","CHALLHWF","11.70",NA,NA,NA
"D","DISPATCH","UNIT_SCADA",1,"2024/02/02 09:05:00","CLOVER","-0.10",NA,NA,NA
"D","DISPATCH","UNIT_SCADA",1,"2024/02/02 09:05:00","CLUNY","4.962692",NA,NA,NA
"D","DISPATCH","UNIT_SCADA",1,"2024/02/02 09:05:00","CONDONG1","-0.88",NA,NA,NA
"D","DISPATCH","UNIT_SCADA",1,"2024/02/02 09:05:00","CULLRGWF","12.12",NA,NA,NA
"D","DISPATCH","UNIT_SCADA",1,"2024/02/02 09:05:00","DIAPURWF1","0",NA,NA,NA
"D","DISPATCH","UNIT_SCADA",1,"2024/02/02 09:05:00","ERGT01","0",NA,NA,NA
"D","DISPATCH","UNIT_SCADA",1,"2024/02/02 09:05:00","GB01","0",NA,NA,NA
"D","DISPATCH","UNIT_SCADA",1,"2024/02/02 09:05:00","GERMCRK","10.1830",NA,NA,NA
"D","DISPATCH","UNIT_SCADA",1,"2024/02/02 09:05:00","GRIFSF1","27.012535",NA,NA,NA
"D","DISPATCH","UNIT_SCADA",1,"2024/02/02 09:05:00","HUGSF1","2.7340",NA,NA,NA
"D","DISPATCH","UNIT_SCADA",1,"2024/02/02 09:05:00","KEPBG1","0",NA,NA,NA
"D","DISPATCH","UNIT_SCADA",1,"2024/02/02 09:05:00","LRSF1","9.957001",NA,NA,NA
"D","DISPATCH","UNIT_SCADA",1,"2024/02/02 09:05:00","MBAHNTH","46.050003",NA,NA,NA
"D","DISPATCH","UNIT_SCADA",1,"2024/02/02 09:05:00","MLSP1","8.346001",NA,NA,NA
"D","DISPATCH","UNIT_SCADA",1,"2024/02/02 09:05:00","MLWF1","5.04",NA,NA,NA
"D","DISPATCH","UNIT_SCADA",1,"2024/02/02 09:05:00","PALOONA","0",NA,NA,NA
"D","DISPATCH","UNIT_SCADA",1,"2024/02/02 09:05:00","PIONEER","-0.60",NA,NA,NA
"D","DISPATCH","UNIT_SCADA",1,"2024/02/02 09:05:00","PORTWF","17.799999",NA,NA,NA
"D","DISPATCH","UNIT_SCADA",1,"2024/02/02 09:05:00","REPULSE","7.815671",NA,NA,NA
"D","DISPATCH","UNIT_SCADA",1,"2024/02/02 09:05:00","ROWALLAN","0",NA,NA,NA
"D","DISPATCH","UNIT_SCADA",1,"2024/02/02 09:05:00","ROYALLA1","12.872001",NA,NA,NA
"D","DISPATCH","UNIT_SCADA",1,"2024/02/02 09:05:00","RPCG","15.70",NA,NA,NA
"D","DISPATCH","UNIT_SCADA",1,"2024/02/02 09:05:00","RUBICON","0.81",NA,NA,NA
"D","DISPATCH","UNIT_SCADA",1,"2024/02/02 09:05:00","SHOAL1","25.7250",NA,NA,NA
"D","DISPATCH","UNIT_SCADA",1,"2024/02/02 09:05:00","WAUBRAWF","155.651001",NA,NA,NA
"D","DISPATCH","UNIT_SCADA",1,"2024/02/02 09:05:00","WOOLNTH1","120.029999",NA,NA,NA
"D","DISPATCH","UNIT_SCADA",1,"2024/02/02 09:05:00","YAMBUKWF","7.30",NA,NA,NA
"D","DISPATCH","UNIT_SCADA",1,"2024/02/02 09:05:00","YSWF1","10.80",NA,NA,NA
"D","DISPATCH","UNIT_SCADA",1,"2024/02/02 09:10:00","BARCSF1","13.50",NA,NA,NA
"D","DISPATCH","UNIT_SCADA",1,"2024/02/02 09:10:00","BUTLERSG","8.999998",NA,NA,NA
"D","DISPATCH","UNIT_SCADA",1,"2024/02/02 09:10:00","BWTR1","15.376040",NA,NA,NA
"D","DISPATCH","UNIT_SCADA",1,"2024/02/02 09:10:00","CAPTL_WF","0",NA,NA,NA
"D","DISPATCH","UNIT_SCADA",1,"2024/02/02 09:10:00","CHALLHWF","11.30",NA,NA,NA
"D","DISPATCH","UNIT_SCADA",1,"2024/02/02 09:10:00","CLOVER","-0.11",NA,NA,NA
"D","DISPATCH","UNIT_SCADA",1,"2024/02/02 09:10:00","CLUNY","4.991074",NA,NA,NA
"D","DISPATCH","UNIT_SCADA",1,"2024/02/02 09:10:00","CONDONG1","-0.88",NA,NA,NA
"D","DISPATCH","UNIT_SCADA",1,"2024/02/02 09:10:00","CULLRGWF","10.75",NA,NA,NA
"D","DISPATCH","UNIT_SCADA",1,"2024/02/02 09:10:00","DIAPURWF1","0",NA,NA,NA
"D","DISPATCH","UNIT_SCADA",1,"2024/02/02 09:10:00","ERGT01","0",NA,NA,NA
"D","DISPATCH","UNIT_SCADA",1,"2024/02/02 09:10:00","GB01","0",NA,NA,NA
"D","DISPATCH","UNIT_SCADA",1,"2024/02/02 09:10:00","GERMCRK","9.9530",NA,NA,NA
"D","DISPATCH","UNIT_SCADA",1,"2024/02/02 09:10:00","GRIFSF1","27.012535",NA,NA,NA
"D","DISPATCH","UNIT_SCADA",1,"2024/02/02 09:10:00","HUGSF1","3.1830",NA,NA,NA
"D","DISPATCH","UNIT_SCADA",1,"2024/02/02 09:10:00","KEPBG1","0",NA,NA,NA
"D","DISPATCH","UNIT_SCADA",1,"2024/02/02 09:10:00","LRSF1","9.957001",NA,NA,NA
"D","DISPATCH","UNIT_SCADA",1,"2024/02/02 09:10:00","MBAHNTH","45.956253",NA,NA,NA
"D","DISPATCH","UNIT_SCADA",1,"2024/02/02 09:10:00","MLSP1","8.5880",NA,NA,NA
"D","DISPATCH","UNIT_SCADA",1,"2024/02/02 09:10:00","MLWF1","4.5750",NA,NA,NA
"D","DISPATCH","UNIT_SCADA",1,"2024/02/02 09:10:00","PALOONA","0",NA,NA,NA
"D","DISPATCH","UNIT_SCADA",1,"2024/02/02 09:10:00","PIONEER","-0.60",NA,NA,NA
"D","DISPATCH","UNIT_SCADA",1,"2024/02/02 09:10:00","PORTWF","16.700001",NA,NA,NA
"D","DISPATCH","UNIT_SCADA",1,"2024/02/02 09:10:00","REPULSE","8.102541",NA,NA,NA
"D","DISPATCH","UNIT_SCADA",1,"2024/02/02 09:10:00","ROWALLAN","0",NA,NA,NA
"D","DISPATCH","UNIT_SCADA",1,"2024/02/02 09:10:00","ROYALLA1","13.091001",NA,NA,NA
"D","DISPATCH","UNIT_SCADA",1,"2024/02/02 09:10:00","RPCG","15.70",NA,NA,NA
"D","DISPATCH","UNIT_SCADA",1,"2024/02/02 09:10:00","RUBICON","0.81",NA,NA,NA
"D","DISPATCH","UNIT_SCADA",1,"2024/02/02 09:10:00","SHOAL1","25.7250",NA,NA,NA
"D","DISPATCH","UNIT_SCADA",1,"2024/02/02 09:10:00","WAUBRAWF","153.897003",NA,NA,NA
"D","DISPATCH","UNIT_SCADA",1,"2024/02/02 09:10:00","WOOLNTH1","118.049995",NA,NA,NA
"D","DISPATCH","UNIT_SCADA",1,"2024/02/02 09:10:00","YAMBUKWF","6.50",NA,NA,NA
"D","DISPATCH","UNIT_SCADA",1,"2024/02/02 09:10:00","YSWF1","11.90",NA,NA,NA
"D","DISPATCH","UNIT_SCADA",1,"2024/02/02 09:15:00","BARCSF1","13.700001",NA,NA,NA
"D","DISPATCH","UNIT_SCADA",1,"2024/02/02 09:15:00","BUTLERSG","8.999998",NA,NA,NA
"D","DISPATCH","UNIT_SCADA",1,"2024/02/02 09:15:00","BWTR1","15.376040",NA,NA,NA
"D","DISPATCH","UNIT_SCADA",1,"2024/02/02 09:15:00","CAPTL_WF","0",NA,NA,NA
"D","DISPATCH","UNIT_SCADA",1,"2024/02/02 09:15:00","CHALLHWF","11.20",NA,NA,NA
"D","DISPATCH","UNIT_SCADA",1,"2024/02/02 09:15:00","CLOVER","-0.09",NA,NA,NA
"D","DISPATCH","UNIT_SCADA",1,"2024/02/02 09:15:00","CLUNY","5.043259",NA,NA,NA
"D","DISPATCH","UNIT_SCADA",1,"2024/02/02 09:15:00","CONDONG1","-0.89",NA,NA,NA
"D","DISPATCH","UNIT_SCADA",1,"2024/02/02 09:15:00","CULLRGWF","9.30",NA,NA,NA
"D","DISPATCH","UNIT_SCADA",1,"2024/02/02 09:15:00","DIAPURWF1","0",NA,NA,NA
"D","DISPATCH","UNIT_SCADA",1,"2024/02/02 09:15:00","ERGT01","0",NA,NA,NA
"D","DISPATCH","UNIT_SCADA",1,"2024/02/02 09:15:00","GB01","0",NA,NA,NA
"D","DISPATCH","UNIT_SCADA",1,"2024/02/02 09:15:00","GERMCRK","10.3820",NA,NA,NA
"D","DISPATCH","UNIT_SCADA",1,"2024/02/02 09:15:00","GRIFSF1","27.020075",NA,NA,NA
"D","DISPATCH","UNIT_SCADA",1,"2024/02/02 09:15:00","HUGSF1","3.1830",NA,NA,NA
"D","DISPATCH","UNIT_SCADA",1,"2024/02/02 09:15:00","KEPBG1","0",NA,NA,NA
"D","DISPATCH","UNIT_SCADA",1,"2024/02/02 09:15:00","LRSF1","9.957001",NA,NA,NA
"D","DISPATCH","UNIT_SCADA",1,"2024/02/02 09:15:00","MBAHNTH","46.275009",NA,NA,NA
"D","DISPATCH","UNIT_SCADA",1,"2024/02/02 09:15:00","MLSP1","8.7390",NA,NA,NA
"D","DISPATCH","UNIT_SCADA",1,"2024/02/02 09:15:00","MLWF1","4.47",NA,NA,NA
"D","DISPATCH","UNIT_SCADA",1,"2024/02/02 09:15:00","PALOONA","0",NA,NA,NA
"D","DISPATCH","UNIT_SCADA",1,"2024/02/02 09:15:00","PIONEER","-0.60",NA,NA,NA
"D","DISPATCH","UNIT_SCADA",1,"2024/02/02 09:15:00","PORTWF","16.90",NA,NA,NA
"D","DISPATCH","UNIT_SCADA",1,"2024/02/02 09:15:00","REPULSE","7.918211",NA,NA,NA
"D","DISPATCH","UNIT_SCADA",1,"2024/02/02 09:15:00","ROWALLAN","0",NA,NA,NA
"D","DISPATCH","UNIT_SCADA",1,"2024/02/02 09:15:00","ROYALLA1","13.3260",NA,NA,NA
"D","DISPATCH","UNIT_SCADA",1,"2024/02/02 09:15:00","RPCG","16.799999",NA,NA,NA
"D","DISPATCH","UNIT_SCADA",1,"2024/02/02 09:15:00","RUBICON","0.81",NA,NA,NA
"D","DISPATCH","UNIT_SCADA",1,"2024/02/02 09:15:00","SHOAL1","25.8750",NA,NA,NA
"D","DISPATCH","UNIT_SCADA",1,"2024/02/02 09:15:00","WAUBRAWF","151.891998",NA,NA,NA
"D","DISPATCH","UNIT_SCADA",1,"2024/02/02 09:15:00","WOOLNTH1","117.369995",NA,NA,NA
"D","DISPATCH","UNIT_SCADA",1,"2024/02/02 09:15:00","YAMBUKWF","5.90",NA,NA,NA
"D","DISPATCH","UNIT_SCADA",1,"2024/02/02 09:15:00","YSWF1","11.60",NA,NA,NA
"D","DISPATCH","UNIT_SCADA",1,"2024/02/02 09:30:00","BARCSF1","13.300001",NA,NA,NA
"D","DISPATCH","UNIT_SCADA",1,"2024/02/02 09:30:00","BUTLERSG","8.999998",NA,NA,NA
"D","DISPATCH","UNIT_SCADA",1,"2024/02/02 09:30:00","BWTR1","14.690120",NA,NA,NA
"D","DISPATCH","UNIT_SCADA",1,"2024/02/02 09:30:00","CAPTL_WF","0",NA,NA,NA
"D","DISPATCH","UNIT_SCADA",1,"2024/02/02 09:30:00","CHALLHWF","15.90",NA,NA,NA
"D","DISPATCH","UNIT_SCADA",1,"2024/02/02 09:30:00","CLOVER","-0.11",NA,NA,NA
"D","DISPATCH","UNIT_SCADA",1,"2024/02/02 09:30:00","CLUNY","4.986496",NA,NA,NA
"D","DISPATCH","UNIT_SCADA",1,"2024/02/02 09:30:00","CONDONG1","-0.86",NA,NA,NA
"D","DISPATCH","UNIT_SCADA",1,"2024/02/02 09:30:00","CULLRGWF","9.61",NA,NA,NA
"D","DISPATCH","UNIT_SCADA",1,"2024/02/02 09:30:00","DIAPURWF1","0",NA,NA,NA
"D","DISPATCH","UNIT_SCADA",1,"2024/02/02 09:30:00","ERGT01","0",NA,NA,NA
"D","DISPATCH","UNIT_SCADA",1,"2024/02/02 09:30:00","GB01","0",NA,NA,NA
"D","DISPATCH","UNIT_SCADA",1,"2024/02/02 09:30:00","GERMCRK","12.1330",NA,NA,NA
"D","DISPATCH","UNIT_SCADA",1,"2024/02/02 09:30:00","GRIFSF1","27.020075",NA,NA,NA
"D","DISPATCH","UNIT_SCADA",1,"2024/02/02 09:30:00","HUGSF1","4.2650",NA,NA,NA
"D","DISPATCH","UNIT_SCADA",1,"2024/02/02 09:30:00","KEPBG1","0",NA,NA,NA
"D","DISPATCH","UNIT_SCADA",1,"2024/02/02 09:30:00","LRSF1","9.957001",NA,NA,NA
"D","DISPATCH","UNIT_SCADA",1,"2024/02/02 09:30:00","MBAHNTH","46.068756",NA,NA,NA
"D","DISPATCH","UNIT_SCADA",1,"2024/02/02 09:30:00","MLSP1","9.2410",NA,NA,NA
"D","DISPATCH","UNIT_SCADA",1,"2024/02/02 09:30:00","MLWF1","3.51",NA,NA,NA
"D","DISPATCH","UNIT_SCADA",1,"2024/02/02 09:30:00","PALOONA","0",NA,NA,NA
"D","DISPATCH","UNIT_SCADA",1,"2024/02/02 09:30:00","PIONEER","-0.60",NA,NA,NA
"D","DISPATCH","UNIT_SCADA",1,"2024/02/02 09:30:00","PORTWF","14.80",NA,NA,NA
"D","DISPATCH","UNIT_SCADA",1,"2024/02/02 09:30:00","REPULSE","7.968261",NA,NA,NA
"D","DISPATCH","UNIT_SCADA",1,"2024/02/02 09:30:00","ROWALLAN","0",NA,NA,NA
"D","DISPATCH","UNIT_SCADA",1,"2024/02/02 09:30:00","ROYALLA1","13.945001",NA,NA,NA
"D","DISPATCH","UNIT_SCADA",1,"2024/02/02 09:30:00","RPCG","19.40",NA,NA,NA
"D","DISPATCH","UNIT_SCADA",1,"2024/02/02 09:30:00","RUBICON","0.81",NA,NA,NA
"D","DISPATCH","UNIT_SCADA",1,"2024/02/02 09:30:00","SHOAL1","25.700001",NA,NA,NA
"D","DISPATCH","UNIT_SCADA",1,"2024/02/02 09:30:00","WAUBRAWF","156.427002",NA,NA,NA
"D","DISPATCH","UNIT_SCADA",1,"2024/02/02 09:30:00","WOOLNTH1","118.360001",NA,NA,NA
"D","DISPATCH","UNIT_SCADA",1,"2024/02/02 09:30:00","YAMBUKWF","6.60",NA,NA,NA
"D","DISPATCH","UNIT_SCADA",1,"2024/02/02 09:30:00","YSWF1","8.50",NA,NA,NA
"D","DISPATCH","UNIT_SCADA",1,"2024/02/02 09:35:00","BARCSF1","13.50",NA,NA,NA
"D","DISPATCH","UNIT_SCADA",1,"2024/02/02 09:35:00","BUTLERSG","8.999998",NA,NA,NA
"D","DISPATCH","UNIT_SCADA",1,"2024/02/02 09:35:00","BWTR1","14.690120",NA,NA,NA
"D","DISPATCH","UNIT_SCADA",1,"2024/02/02 09:35:00","CAPTL_WF","0",NA,NA,NA
"D","DISPATCH","UNIT_SCADA",1,"2024/02/02 09:35:00","CHALLHWF","13.60",NA,NA,NA
"D","DISPATCH","UNIT_SCADA",1,"2024/02/02 09:35:00","CLOVER","-0.10",NA,NA,NA
"D","DISPATCH","UNIT_SCADA",1,"2024/02/02 09:35:00","CLUNY","4.962692",NA,NA,NA
"D","DISPATCH","UNIT_SCADA",1,"2024/02/02 09:35:00","CONDONG1","-0.92",NA,NA,NA
"D","DISPATCH","UNIT_SCADA",1,"2024/02/02 09:35:00","CULLRGWF","8.69",NA,NA,NA
"D","DISPATCH","UNIT_SCADA",1,"2024/02/02 09:35:00","DIAPURWF1","0",NA,NA,NA
"D","DISPATCH","UNIT_SCADA",1,"2024/02/02 09:35:00","ERGT01","0",NA,NA,NA
"D","DISPATCH","UNIT_SCADA",1,"2024/02/02 09:35:00","GB01","0",NA,NA,NA
"D","DISPATCH","UNIT_SCADA",1,"2024/02/02 09:35:00","GERMCRK","11.82",NA,NA,NA
"D","DISPATCH","UNIT_SCADA",1,"2024/02/02 09:35:00","GRIFSF1","27.012535",NA,NA,NA
"D","DISPATCH","UNIT_SCADA",1,"2024/02/02 09:35:00","HUGSF1","4.86",NA,NA,NA
"D","DISPATCH","UNIT_SCADA",1,"2024/02/02 09:35:00","KEPBG1","0.01",NA,NA,NA
"D","DISPATCH","UNIT_SCADA",1,"2024/02/02 09:35:00","LRSF1","9.957001",NA,NA,NA
"D","DISPATCH","UNIT_SCADA",1,"2024/02/02 09:35:00","MBAHNTH","46.1250",NA,NA,NA
"D","DISPATCH","UNIT_SCADA",1,"2024/02/02 09:35:00","MLSP1","9.3920",NA,NA,NA
"D","DISPATCH","UNIT_SCADA",1,"2024/02/02 09:35:00","MLWF1","3.4350",NA,NA,NA
"D","DISPATCH","UNIT_SCADA",1,"2024/02/02 09:35:00","PALOONA","0",NA,NA,NA
"D","DISPATCH","UNIT_SCADA",1,"2024/02/02 09:35:00","PIONEER","-0.60",NA,NA,NA
"D","DISPATCH","UNIT_SCADA",1,"2024/02/02 09:35:00","PORTWF","15.60",NA,NA,NA
"D","DISPATCH","UNIT_SCADA",1,"2024/02/02 09:35:00","REPULSE","7.949950",NA,NA,NA
"D","DISPATCH","UNIT_SCADA",1,"2024/02/02 09:35:00","ROWALLAN","0",NA,NA,NA
"D","DISPATCH","UNIT_SCADA",1,"2024/02/02 09:35:00","ROYALLA1","14.103001",NA,NA,NA
"D","DISPATCH","UNIT_SCADA",1,"2024/02/02 09:35:00","RPCG","19.40",NA,NA,NA
"D","DISPATCH","UNIT_SCADA",1,"2024/02/02 09:35:00","RUBICON","0.81",NA,NA,NA
"D","DISPATCH","UNIT_SCADA",1,"2024/02/02 09:35:00","SHOAL1","25.7750",NA,NA,NA
"D","DISPATCH","UNIT_SCADA",1,"2024/02/02 09:35:00","WAUBRAWF","151.559998",NA,NA,NA
"D","DISPATCH","UNIT_SCADA",1,"2024/02/02 09:35:00","WOOLNTH1","116.289993",NA,NA,NA
"D","DISPATCH","UNIT_SCADA",1,"2024/02/02 09:35:00","YAMBUKWF","5.70",NA,NA,NA
"D","DISPATCH","UNIT_SCADA",1,"2024/02/02 09:35:00","YSWF1","12",NA,NA,NA
"D","DISPATCH","UNIT_SCADA",1,"2024/02/02 09:40:00","BARCSF1","13.50",NA,NA,NA
"D","DISPATCH","UNIT_SCADA",1,"2024/02/02 09:40:00","BUTLERSG","9.099998",NA,NA,NA
"D","DISPATCH","UNIT_SCADA",1,"2024/02/02 09:40:00","BWTR1","14.690120",NA,NA,NA
"D","DISPATCH","UNIT_SCADA",1,"2024/02/02 09:40:00","CAPTL_WF","0",NA,NA,NA
"D","DISPATCH","UNIT_SCADA",1,"2024/02/02 09:40:00","CHALLHWF","14.90",NA,NA,NA
"D","DISPATCH","UNIT_SCADA",1,"2024/02/02 09:40:00","CLOVER","-0.10",NA,NA,NA
"D","DISPATCH","UNIT_SCADA",1,"2024/02/02 09:40:00","CLUNY","4.986496",NA,NA,NA
"D","DISPATCH","UNIT_SCADA",1,"2024/02/02 09:40:00","CONDONG1","-0.90",NA,NA,NA
"D","DISPATCH","UNIT_SCADA",1,"2024/02/02 09:40:00","CULLRGWF","7.86",NA,NA,NA
"D","DISPATCH","UNIT_SCADA",1,"2024/02/02 09:40:00","DIAPURWF1","0",NA,NA,NA
"D","DISPATCH","UNIT_SCADA",1,"2024/02/02 09:40:00","ERGT01","0",NA,NA,NA
"D","DISPATCH","UNIT_SCADA",1,"2024/02/02 09:40:00","GB01","0",NA,NA,NA
"D","DISPATCH","UNIT_SCADA",1,"2024/02/02 09:40:00","GERMCRK","11.9480",NA,NA,NA
"D","DISPATCH","UNIT_SCADA",1,"2024/02/02 09:40:00","GRIFSF1","27.025730",NA,NA,NA
"D","DISPATCH","UNIT_SCADA",1,"2024/02/02 09:40:00","HUGSF1","8.315001",NA,NA,NA
"D","DISPATCH","UNIT_SCADA",1,"2024/02/02 09:40:00","KEPBG1","0.01",NA,NA,NA
"D","DISPATCH","UNIT_SCADA",1,"2024/02/02 09:40:00","LRSF1","9.957001",NA,NA,NA
"D","DISPATCH","UNIT_SCADA",1,"2024/02/02 09:40:00","MBAHNTH","45.956253",NA,NA,NA
"D","DISPATCH","UNIT_SCADA",1,"2024/02/02 09:40:00","MLSP1","9.542001",NA,NA,NA
"D","DISPATCH","UNIT_SCADA",1,"2024/02/02 09:40:00","MLWF1","3.63",NA,NA,NA
"D","DISPATCH","UNIT_SCADA",1,"2024/02/02 09:40:00","PALOONA","0",NA,NA,NA
"D","DISPATCH","UNIT_SCADA",1,"2024/02/02 09:40:00","PIONEER","-0.60",NA,NA,NA
"D","DISPATCH","UNIT_SCADA",1,"2024/02/02 09:40:00","PORTWF","15.30",NA,NA,NA
"D","DISPATCH","UNIT_SCADA",1,"2024/02/02 09:40:00","REPULSE","8.063478",NA,NA,NA
"D","DISPATCH","UNIT_SCADA",1,"2024/02/02 09:40:00","ROWALLAN","0",NA,NA,NA
"D","DISPATCH","UNIT_SCADA",1,"2024/02/02 09:40:00","ROYALLA1","14.259001",NA,NA,NA
"D","DISPATCH","UNIT_SCADA",1,"2024/02/02 09:40:00","RPCG","17.90",NA,NA,NA
"D","DISPATCH","UNIT_SCADA",1,"2024/02/02 09:40:00","RUBICON","0.81",NA,NA,NA
"D","DISPATCH","UNIT_SCADA",1,"2024/02/02 09:40:00","SHOAL1","25.6250",NA,NA,NA
"D","DISPATCH","UNIT_SCADA",1,"2024/02/02 09:40:00","WAUBRAWF","151.835999",NA,NA,NA
"D","DISPATCH","UNIT_SCADA",1,"2024/02/02 09:40:00","WOOLNTH1","116.389999",NA,NA,NA
"D","DISPATCH","UNIT_SCADA",1,"2024/02/02 09:40:00","YAMBUKWF","4.90",NA,NA,NA
"D","DISPATCH","UNIT_SCADA",1,"2024/02/02 09:40:00","YSWF1","11.90",NA,NA,NA
"D","DISPATCH","UNIT_SCADA",1,"2024/02/02 09:45:00","BARCSF1","13.50",NA,NA,NA
"D","DISPATCH","UNIT_SCADA",1,"2024/02/02 09:45:00","BUTLERSG","9.099998",NA,NA,NA
"D","DISPATCH","UNIT_SCADA",1,"2024/02/02 09:45:00","BWTR1","14.690120",NA,NA,NA
"D","DISPATCH","UNIT_SCADA",1,"2024/02/02 09:45:00","CAPTL_WF","0",NA,NA,NA
"D","DISPATCH","UNIT_SCADA",1,"2024/02/02 09:45:00","CHALLHWF","10.90",NA,NA,NA
"D","DISPATCH","UNIT_SCADA",1,"2024/02/02 09:45:00","CLOVER","-0.09",NA,NA,NA
"D","DISPATCH","UNIT_SCADA",1,"2024/02/02 09:45:00","CLUNY","4.948043",NA,NA,NA
"D","DISPATCH","UNIT_SCADA",1,"2024/02/02 09:45:00","CONDONG1","-0.90",NA,NA,NA
"D","DISPATCH","UNIT_SCADA",1,"2024/02/02 09:45:00","CULLRGWF","7.09",NA,NA,NA
"D","DISPATCH","UNIT_SCADA",1,"2024/02/02 09:45:00","DIAPURWF1","0",NA,NA,NA
"D","DISPATCH","UNIT_SCADA",1,"2024/02/02 09:45:00","ERGT01","0",NA,NA,NA
"D","DISPATCH","UNIT_SCADA",1,"2024/02/02 09:45:00","GB01","0",NA,NA,NA
"D","DISPATCH","UNIT_SCADA",1,"2024/02/02 09:45:00","GERMCRK","11.7460",NA,NA,NA
"D","DISPATCH","UNIT_SCADA",1,"2024/02/02 09:45:00","GRIFSF1","27.012535",NA,NA,NA
"D","DISPATCH","UNIT_SCADA",1,"2024/02/02 09:45:00","HUGSF1","8.447001",NA,NA,NA
"D","DISPATCH","UNIT_SCADA",1,"2024/02/02 09:45:00","KEPBG1","0",NA,NA,NA
"D","DISPATCH","UNIT_SCADA",1,"2024/02/02 09:45:00","LRSF1","9.957001",NA,NA,NA
"D","DISPATCH","UNIT_SCADA",1,"2024/02/02 09:45:00","MBAHNTH","45.543747",NA,NA,NA
"D","DISPATCH","UNIT_SCADA",1,"2024/02/02 09:45:00","MLSP1","9.693001",NA,NA,NA
"D","DISPATCH","UNIT_SCADA",1,"2024/02/02 09:45:00","MLWF1","4.56",NA,NA,NA
"D","DISPATCH","UNIT_SCADA",1,"2024/02/02 09:45:00","PALOONA","0",NA,NA,NA
"D","DISPATCH","UNIT_SCADA",1,"2024/02/02 09:45:00","PIONEER","-0.60",NA,NA,NA
"D","DISPATCH","UNIT_SCADA",1,"2024/02/02 09:45:00","PORTWF","13.80",NA,NA,NA
"D","DISPATCH","UNIT_SCADA",1,"2024/02/02 09:45:00","REPULSE","7.924315",NA,NA,NA
"D","DISPATCH","UNIT_SCADA",1,"2024/02/01 07:50:00","YAMBUKWF","5.90",NA,NA,NA
"D","DISPATCH","UNIT_SCADA",1,"2024/02/01 07:50:00","YSWF1","17.200001",NA,NA,NA
"D","DISPATCH","UNIT_SCADA",1,"2024/02/01 08:55:00","WOOLNTH1","119.109993",NA,NA,NA
"D","DISPATCH","UNIT_SCADA",1,"2024/02/01 08:55:00","YAMBUKWF","14.30",NA,NA,NA
"D","DISPATCH","UNIT_SCADA",1,"2024/02/01 08:55:00","YSWF1","6.90",NA,NA,NA
"D","DISPATCH","UNIT_SCADA",1,"2024/02/01 09:00:00","BARCSF1","13.400001",NA,NA,NA
"D","DISPATCH","UNIT_SCADA",1,"2024/02/01 09:00:00","BUTLERSG","8.999998",NA,NA,NA
"D","DISPATCH","UNIT_SCADA",1,"2024/02/01 09:00:00","BWTR1","15.261720",NA,NA,NA
"D","DISPATCH","UNIT_SCADA",1,"2024/02/01 09:00:00","CAPTL_WF","0",NA,NA,NA
"D","DISPATCH","UNIT_SCADA",1,"2024/02/01 09:00:00","CHALLHWF","1.70",NA,NA,NA
"D","DISPATCH","UNIT_SCADA",1,"2024/02/01 09:00:00","CLOVER","-0.01",NA,NA,NA
"D","DISPATCH","UNIT_SCADA",1,"2024/02/01 09:00:00","CLUNY","2.138247",NA,NA,NA
"D","DISPATCH","UNIT_SCADA",1,"2024/02/01 09:00:00","CONDONG1","-0.92",NA,NA,NA
"D","DISPATCH","UNIT_SCADA",1,"2024/02/01 09:00:00","CULLRGWF","0",NA,NA,NA
"D","DISPATCH","UNIT_SCADA",1,"2024/02/01 09:00:00","DIAPURWF1","0",NA,NA,NA
"D","DISPATCH","UNIT_SCADA",1,"2024/02/01 09:00:00","ERGT01","0",NA,NA,NA
"D","DISPATCH","UNIT_SCADA",1,"2024/02/01 09:00:00","GB01","0",NA,NA,NA
"D","DISPATCH","UNIT_SCADA",1,"2024/02/01 09:00:00","GERMCRK","9.8130",NA,NA,NA
"D","DISPATCH","UNIT_SCADA",1,"2024/02/01 09:00:00","GRIFSF1","27.012535",NA,NA,NA
"D","DISPATCH","UNIT_SCADA",1,"2024/02/01 09:00:00","HUGSF1","6.04",NA,NA,NA
"D","DISPATCH","UNIT_SCADA",1,"2024/02/01 09:00:00","KEPBG1","0",NA,NA,NA
"D","DISPATCH","UNIT_SCADA",1,"2024/02/01 09:00:00","LRSF1","10",NA,NA,NA
"D","DISPATCH","UNIT_SCADA",1,"2024/02/01 09:00:00","MBAHNTH","51.9375",NA,NA,NA
"D","DISPATCH","UNIT_SCADA",1,"2024/02/01 09:00:00","MLSP1","6.2150",NA,NA,NA
"D","DISPATCH","UNIT_SCADA",1,"2024/02/01 09:00:00","MLWF1","9.0150",NA,NA,NA
"D","DISPATCH","UNIT_SCADA",1,"2024/02/01 09:00:00","PALOONA","0",NA,NA,NA
"D","DISPATCH","UNIT_SCADA",1,"2024/02/01 09:00:00","PIONEER","-0.70",NA,NA,NA
"D","DISPATCH","UNIT_SCADA",1,"2024/02/01 09:00:00","PORTWF","78",NA,NA,NA
"D","DISPATCH","UNIT_SCADA",1,"2024/02/01 09:00:00","REPULSE","3.148852",NA,NA,NA
"D","DISPATCH","UNIT_SCADA",1,"2024/02/01 09:00:00","ROWALLAN","0",NA,NA,NA
"D","DISPATCH","UNIT_SCADA",1,"2024/02/01 09:00:00","ROYALLA1","11.228001",NA,NA,NA
"D","DISPATCH","UNIT_SCADA",1,"2024/02/01 09:00:00","RPCG","-1.60",NA,NA,NA
"D","DISPATCH","UNIT_SCADA",1,"2024/02/01 09:00:00","RUBICON","0.81",NA,NA,NA
"D","DISPATCH","UNIT_SCADA",1,"2024/02/01 09:00:00","SHOAL1","0",NA,NA,NA
"D","DISPATCH","UNIT_SCADA",1,"2024/02/01 09:00:00","WAUBRAWF","56.278999",NA,NA,NA
"D","DISPATCH","UNIT_SCADA",1,"2024/02/01 09:00:00","WOOLNTH1","121.639999",NA,NA,NA
"D","DISPATCH","UNIT_SCADA",1,"2024/02/01 09:00:00","YAMBUKWF","13",NA,NA,NA
"D","DISPATCH","UNIT_SCADA",1,"2024/02/01 09:00:00","YSWF1","6.80",NA,NA,NA
"D","DISPATCH","UNIT_SCADA",1,"2024/02/01 09:05:00","BARCSF1","13.10",NA,NA,NA
"D","DISPATCH","UNIT_SCADA",1,"2024/02/01 09:05:00","BUTLERSG","9.099998",NA,NA,NA
"D","DISPATCH","UNIT_SCADA",1,"2024/02/01 09:05:00","BWTR1","15.318880",NA,NA,NA
"D","DISPATCH","UNIT_SCADA",1,"2024/02/01 09:05:00","CAPTL_WF","0",NA,NA,NA
"D","DISPATCH","UNIT_SCADA",1,"2024/02/01 09:05:00","CHALLHWF","1.20",NA,NA,NA
"D","DISPATCH","UNIT_SCADA",1,"2024/02/01 09:05:00","CLOVER","0",NA,NA,NA
"D","DISPATCH","UNIT_SCADA",1,"2024/02/01 09:05:00","CLUNY","2.185855",NA,NA,NA
"D","DISPATCH","UNIT_SCADA",1,"2024/02/01 09:05:00","CONDONG1","-0.93",NA,NA,NA
"D","DISPATCH","UNIT_SCADA",1,"2024/02/01 09:05:00","CULLRGWF","-0.05",NA,NA,NA
"D","DISPATCH","UNIT_SCADA",1,"2024/02/01 09:05:00","DIAPURWF1","0",NA,NA,NA
"D","DISPATCH","UNIT_SCADA",1,"2024/02/01 09:05:00","ERGT01","0",NA,NA,NA
"D","DISPATCH","UNIT_SCADA",1,"2024/02/01 09:05:00","GB01","0",NA,NA,NA
"D","DISPATCH","UNIT_SCADA",1,"2024/02/01 09:05:00","GERMCRK","10.2440",NA,NA,NA
"D","DISPATCH","UNIT_SCADA",1,"2024/02/01 09:05:00","GRIFSF1","27.004993",NA,NA,NA
"D","DISPATCH","UNIT_SCADA",1,"2024/02/01 09:05:00","HUGSF1","7.1650",NA,NA,NA
"D","DISPATCH","UNIT_SCADA",1,"2024/02/01 09:05:00","KEPBG1","0",NA,NA,NA
"D","DISPATCH","UNIT_SCADA",1,"2024/02/01 09:05:00","LRSF1","10",NA,NA,NA
"D","DISPATCH","UNIT_SCADA",1,"2024/02/01 09:05:00","MBAHNTH","51.918747",NA,NA,NA
"D","DISPATCH","UNIT_SCADA",1,"2024/02/01 09:05:00","MLSP1","5.0940",NA,NA,NA
"D","DISPATCH","UNIT_SCADA",1,"2024/02/01 09:05:00","MLWF1","6.72",NA,NA,NA
"D","DISPATCH","UNIT_SCADA",1,"2024/02/01 09:05:00","PALOONA","0",NA,NA,NA
"D","DISPATCH","UNIT_SCADA",1,"2024/02/01 09:05:00","PIONEER","-0.70",NA,NA,NA
"D","DISPATCH","UNIT_SCADA",1,"2024/02/01 09:05:00","PORTWF","81.199997",NA,NA,NA
"D","DISPATCH","UNIT_SCADA",1,"2024/02/01 09:05:00","REPULSE","3.244068",NA,NA,NA
"D","DISPATCH","UNIT_SCADA",1,"2024/02/01 09:05:00","ROWALLAN","0",NA,NA,NA
"D","DISPATCH","UNIT_SCADA",1,"2024/02/01 09:05:00","ROYALLA1","12.933001",NA,NA,NA
"D","DISPATCH","UNIT_SCADA",1,"2024/02/01 09:05:00","RPCG","-1.60",NA,NA,NA
"D","DISPATCH","UNIT_SCADA",1,"2024/02/01 09:05:00","RUBICON","0.81",NA,NA,NA
"D","DISPATCH","UNIT_SCADA",1,"2024/02/01 09:05:00","SHOAL1","0",NA,NA,NA
"D","DISPATCH","UNIT_SCADA",1,"2024/02/01 09:05:00","WAUBRAWF","51.3540",NA,NA,NA
"D","DISPATCH","UNIT_SCADA",1,"2024/02/01 09:05:00","WOOLNTH1","65.019997",NA,NA,NA
"D","DISPATCH","UNIT_SCADA",1,"2024/02/01 09:05:00","YAMBUKWF","11",NA,NA,NA
"D","DISPATCH","UNIT_SCADA",1,"2024/02/01 09:05:00","YSWF1","5.50",NA,NA,NA
"D","DISPATCH","UNIT_SCADA",1,"2024/02/01 09:10:00","BARCSF1","13.400001",NA,NA,NA
"D","DISPATCH","UNIT_SCADA",1,"2024/02/01 09:10:00","BUTLERSG","9.099998",NA,NA,NA
"D","DISPATCH","UNIT_SCADA",1,"2024/02/01 09:10:00","BWTR1","15.318880",NA,NA,NA
"D","DISPATCH","UNIT_SCADA",1,"2024/02/01 09:10:00","CAPTL_WF","0",NA,NA,NA
"D","DISPATCH","UNIT_SCADA",1,"2024/02/01 09:10:00","CHALLHWF","1.30",NA,NA,NA
"D","DISPATCH","UNIT_SCADA",1,"2024/02/01 09:10:00","CLOVER","-0.02",NA,NA,NA
"D","DISPATCH","UNIT_SCADA",1,"2024/02/01 09:10:00","CLUNY","2.119020",NA,NA,NA
"D","DISPATCH","UNIT_SCADA",1,"2024/02/01 09:10:00","CONDONG1","-0.91",NA,NA,NA
"D","DISPATCH","UNIT_SCADA",1,"2024/02/01 09:10:00","CULLRGWF","-0.09",NA,NA,NA
"D","DISPATCH","UNIT_SCADA",1,"2024/02/01 09:10:00","DIAPURWF1","0",NA,NA,NA
"D","DISPATCH","UNIT_SCADA",1,"2024/02/01 09:10:00","ERGT01","0",NA,NA,NA
"D","DISPATCH","UNIT_SCADA",1,"2024/02/01 09:10:00","GB01","0",NA,NA,NA
"D","DISPATCH","UNIT_SCADA",1,"2024/02/01 09:10:00","GERMCRK","10.4270",NA,NA,NA
"D","DISPATCH","UNIT_SCADA",1,"2024/02/01 09:10:00","GRIFSF1","27.020075",NA,NA,NA
"D","DISPATCH","UNIT_SCADA",1,"2024/02/01 09:10:00","HUGSF1","7.9710",NA,NA,NA
"D","DISPATCH","UNIT_SCADA",1,"2024/02/01 09:10:00","KEPBG1","0",NA,NA,NA
"D","DISPATCH","UNIT_SCADA",1,"2024/02/01 09:10:00","LRSF1","10",NA,NA,NA
"D","DISPATCH","UNIT_SCADA",1,"2024/02/01 09:10:00","MBAHNTH","51.75",NA,NA,NA
"D","DISPATCH","UNIT_SCADA",1,"2024/02/01 09:10:00","MLSP1","8.4280",NA,NA,NA
"D","DISPATCH","UNIT_SCADA",1,"2024/02/01 09:10:00","MLWF1","8.2950",NA,NA,NA
"D","DISPATCH","UNIT_SCADA",1,"2024/02/01 09:10:00","PALOONA","0",NA,NA,NA
"D","DISPATCH","UNIT_SCADA",1,"2024/02/01 09:10:00","PIONEER","-0.80",NA,NA,NA
"D","DISPATCH","UNIT_SCADA",1,"2024/02/01 09:10:00","PORTWF","82.300003",NA,NA,NA
"D","DISPATCH","UNIT_SCADA",1,"2024/02/01 09:10:00","REPULSE","3.327077",NA,NA,NA
"D","DISPATCH","UNIT_SCADA",1,"2024/02/01 09:10:00","ROWALLAN","0",NA,NA,NA
"D","DISPATCH","UNIT_SCADA",1,"2024/02/01 09:10:00","ROYALLA1","13.0830",NA,NA,NA
"D","DISPATCH","UNIT_SCADA",1,"2024/02/01 09:10:00","RPCG","-1.60",NA,NA,NA
"D","DISPATCH","UNIT_SCADA",1,"2024/02/01 09:10:00","RUBICON","0.81",NA,NA,NA
"D","DISPATCH","UNIT_SCADA",1,"2024/02/01 09:10:00","SHOAL1","0",NA,NA,NA
"D","DISPATCH","UNIT_SCADA",1,"2024/02/01 09:10:00","WAUBRAWF","45.342999",NA,NA,NA
"D","DISPATCH","UNIT_SCADA",1,"2024/02/01 09:10:00","WOOLNTH1","62.59",NA,NA,NA
"D","DISPATCH","UNIT_SCADA",1,"2024/02/01 09:10:00","YAMBUKWF","11.10",NA,NA,NA
"D","DISPATCH","UNIT_SCADA",1,"2024/02/01 09:10:00","YSWF1","6.10",NA,NA,NA
"D","DISPATCH","UNIT_SCADA",1,"2024/02/01 09:15:00","BARCSF1","13.400001",NA,NA,NA
"D","DISPATCH","UNIT_SCADA",1,"2024/02/01 09:15:00","BUTLERSG","9.099998",NA,NA,NA
"D","DISPATCH","UNIT_SCADA",1,"2024/02/01 09:15:00","BWTR1","15.318880",NA,NA,NA
"D","DISPATCH","UNIT_SCADA",1,"2024/02/01 09:15:00","CAPTL_WF","0",NA,NA,NA
"D","DISPATCH","UNIT_SCADA",1,"2024/02/01 09:15:00","CHALLHWF","1.80",NA,NA,NA
"D","DISPATCH","UNIT_SCADA",1,"2024/02/01 09:15:00","CLOVER","0",NA,NA,NA
"D","DISPATCH","UNIT_SCADA",1,"2024/02/01 09:15:00","CLUNY","2.195926",NA,NA,NA
"D","DISPATCH","UNIT_SCADA",1,"2024/02/01 09:15:00","CONDONG1","-0.91",NA,NA,NA
"D","DISPATCH","UNIT_SCADA",1,"2024/02/01 09:15:00","CULLRGWF","0.98",NA,NA,NA
"D","DISPATCH","UNIT_SCADA",1,"2024/02/01 09:15:00","DIAPURWF1","0",NA,NA,NA
"D","DISPATCH","UNIT_SCADA",1,"2024/02/01 09:15:00","ERGT01","0",NA,NA,NA
"D","DISPATCH","UNIT_SCADA",1,"2024/02/01 09:15:00","GB01","0",NA,NA,NA
"D","DISPATCH","UNIT_SCADA",1,"2024/02/01 09:15:00","GERMCRK","10.12",NA,NA,NA
"D","DISPATCH","UNIT_SCADA",1,"2024/02/01 09:15:00","GRIFSF1","27.012535",NA,NA,NA
"D","DISPATCH","UNIT_SCADA",1,"2024/02/01 09:15:00","HUGSF1","6.6350",NA,NA,NA
"D","DISPATCH","UNIT_SCADA",1,"2024/02/01 09:15:00","KEPBG1","0",NA,NA,NA
"D","DISPATCH","UNIT_SCADA",1,"2024/02/01 09:15:00","LRSF1","10",NA,NA,NA
"D","DISPATCH","UNIT_SCADA",1,"2024/02/01 09:15:00","MBAHNTH","51.618744",NA,NA,NA
"D","DISPATCH","UNIT_SCADA",1,"2024/02/01 09:15:00","MLSP1","7.9040",NA,NA,NA
"D","DISPATCH","UNIT_SCADA",1,"2024/02/01 09:15:00","MLWF1","7.1850",NA,NA,NA
"D","DISPATCH","UNIT_SCADA",1,"2024/02/01 09:15:00","PALOONA","0",NA,NA,NA
"D","DISPATCH","UNIT_SCADA",1,"2024/02/01 09:15:00","PIONEER","-0.80",NA,NA,NA
"D","DISPATCH","UNIT_SCADA",1,"2024/02/01 09:15:00","PORTWF","78.099998",NA,NA,NA
"D","DISPATCH","UNIT_SCADA",1,"2024/02/01 09:15:00","REPULSE","3.162280",NA,NA,NA
"D","DISPATCH","UNIT_SCADA",1,"2024/02/01 09:15:00","ROWALLAN","0",NA,NA,NA
"D","DISPATCH","UNIT_SCADA",1,"2024/02/01 09:15:00","ROYALLA1","13.332001",NA,NA,NA
"D","DISPATCH","UNIT_SCADA",1,"2024/02/01 09:15:00","RPCG","-1.60",NA,NA,NA
"D","DISPATCH","UNIT_SCADA",1,"2024/02/01 09:15:00","RUBICON","0.81",NA,NA,NA
"D","DISPATCH","UNIT_SCADA",1,"2024/02/01 09:15:00","SHOAL1","0",NA,NA,NA
"D","DISPATCH","UNIT_SCADA",1,"2024/02/01 09:15:00","WAUBRAWF","46.494999",NA,NA,NA
"D","DISPATCH","UNIT_SCADA",1,"2024/02/01 09:15:00","WOOLNTH1","61.399998",NA,NA,NA
"D","DISPATCH","UNIT_SCADA",1,"2024/02/01 09:15:00","YAMBUKWF","14.50",NA,NA,NA
"D","DISPATCH","UNIT_SCADA",1,"2024/02/01 09:15:00","YSWF1","5.10",NA,NA,NA
"D","DISPATCH","UNIT_SCADA",1,"2024/02/01 09:45:00","BUTLERSG","9.099998",NA,NA,NA
"D","DISPATCH","UNIT_SCADA",1,"2024/02/01 09:45:00","BWTR1","15.261720",NA,NA,NA
"D","DISPATCH","UNIT_SCADA",1,"2024/02/01 09:45:00","CAPTL_WF","0",NA,NA,NA
"D","DISPATCH","UNIT_SCADA",1,"2024/02/01 09:45:00","CHALLHWF","2.30",NA,NA,NA
"D","DISPATCH","UNIT_SCADA",1,"2024/02/01 09:45:00","CLOVER","-0.02",NA,NA,NA
"D","DISPATCH","UNIT_SCADA",1,"2024/02/01 09:45:00","CLUNY","2.219730",NA,NA,NA
"D","DISPATCH","UNIT_SCADA",1,"2024/02/01 09:45:00","CONDONG1","-1.04",NA,NA,NA
"D","DISPATCH","UNIT_SCADA",1,"2024/02/01 09:45:00","CULLRGWF","1.49",NA,NA,NA
"D","DISPATCH","UNIT_SCADA",1,"2024/02/01 09:45:00","DIAPURWF1","0",NA,NA,NA
"D","DISPATCH","UNIT_SCADA",1,"2024/02/01 09:45:00","ERGT01","0",NA,NA,NA
"D","DISPATCH","UNIT_SCADA",1,"2024/02/01 09:45:00","GB01","0",NA,NA,NA
"D","DISPATCH","UNIT_SCADA",1,"2024/02/01 09:45:00","GERMCRK","10.0720",NA,NA,NA
"D","DISPATCH","UNIT_SCADA",1,"2024/02/01 09:45:00","GRIFSF1","27.020075",NA,NA,NA
"D","DISPATCH","UNIT_SCADA",1,"2024/02/01 09:45:00","MLSP1","9.7170",NA,NA,NA
"D","DISPATCH","UNIT_SCADA",1,"2024/02/01 09:45:00","MLWF1","8.2050",NA,NA,NA
"D","DISPATCH","UNIT_SCADA",1,"2024/02/01 09:45:00","PALOONA","0",NA,NA,NA
"D","DISPATCH","UNIT_SCADA",1,"2024/02/01 09:45:00","PORTWF","82.199997",NA,NA,NA
"D","DISPATCH","UNIT_SCADA",1,"2024/02/01 09:45:00","REPULSE","3.2636",NA,NA,NA
"D","DISPATCH","UNIT_SCADA",1,"2024/02/01 09:45:00","ROWALLAN","0",NA,NA,NA
"D","DISPATCH","UNIT_SCADA",1,"2024/02/01 09:45:00","ROYALLA1","14.650001",NA,NA,NA
"D","DISPATCH","UNIT_SCADA",1,"2024/02/01 09:45:00","RPCG","-1.60",NA,NA,NA
"D","DISPATCH","UNIT_SCADA",1,"2024/02/01 09:45:00","RUBICON","0.81",NA,NA,NA
"D","DISPATCH","UNIT_SCADA",1,"2024/02/01 09:45:00","SHOAL1","0",NA,NA,NA
"D","DISPATCH","UNIT_SCADA",1,"2024/02/01 09:45:00","WAUBRAWF","53.995998",NA,NA,NA
"D","DISPATCH","UNIT_SCADA",1,"2024/02/01 09:45:00","WOOLNTH1","94.410004",NA,NA,NA
"D","DISPATCH","UNIT_SCADA",1,"2024/02/01 09:45:00","YAMBUKWF","16.10",NA,NA,NA
"D","DISPATCH","UNIT_SCADA",1,"2024/02/01 09:45:00","YSWF1","8.80",NA,NA,NA
"D","DISPATCH","UNIT_SCADA",1,"2024/02/01 09:50:00","BARCSF1","13.60",NA,NA,NA
"D","DISPATCH","UNIT_SCADA",1,"2024/02/01 09:50:00","BUTLERSG","9.099998",NA,NA,NA
"D","DISPATCH","UNIT_SCADA",1,"2024/02/01 09:50:00","CAPTL_WF","0",NA,NA,NA
"D","DISPATCH","UNIT_SCADA",1,"2024/02/01 09:50:00","CHALLHWF","2.30",NA,NA,NA
"D","DISPATCH","UNIT_SCADA",1,"2024/02/01 09:50:00","CLOVER","-0.01",NA,NA,NA
"D","DISPATCH","UNIT_SCADA",1,"2024/02/01 09:50:00","CLUNY","2.214237",NA,NA,NA
"D","DISPATCH","UNIT_SCADA",1,"2024/02/01 09:50:00","CONDONG1","-1.05",NA,NA,NA
"D","DISPATCH","UNIT_SCADA",1,"2024/02/01 09:50:00","CULLRGWF","1.70",NA,NA,NA
"D","DISPATCH","UNIT_SCADA",1,"2024/02/01 09:50:00","DIAPURWF1","0",NA,NA,NA
"D","DISPATCH","UNIT_SCADA",1,"2024/02/01 09:50:00","ERGT01","0",NA,NA,NA
"D","DISPATCH","UNIT_SCADA",1,"2024/02/01 09:50:00","GB01","0",NA,NA,NA
"D","DISPATCH","UNIT_SCADA",1,"2024/02/01 09:50:00","GERMCRK","10.1140",NA,NA,NA
"D","DISPATCH","UNIT_SCADA",1,"2024/02/01 09:50:00","GRIFSF1","27.025730",NA,NA,NA
"D","DISPATCH","UNIT_SCADA",1,"2024/02/01 09:50:00","HUGSF1","6.6540",NA,NA,NA
"D","DISPATCH","UNIT_SCADA",1,"2024/02/01 09:50:00","KEPBG1","0",NA,NA,NA
"D","DISPATCH","UNIT_SCADA",1,"2024/02/01 09:50:00","LRSF1","9.9960",NA,NA,NA
"D","DISPATCH","UNIT_SCADA",1,"2024/02/01 09:50:00","MBAHNTH","50.906250",NA,NA,NA
"D","DISPATCH","UNIT_SCADA",1,"2024/02/01 09:50:00","MLSP1","9.8690",NA,NA,NA
"D","DISPATCH","UNIT_SCADA",1,"2024/02/01 09:50:00","MLWF1","6.6450",NA,NA,NA
"D","DISPATCH","UNIT_SCADA",1,"2024/02/01 09:50:00","PALOONA","0",NA,NA,NA
"D","DISPATCH","UNIT_SCADA",1,"2024/02/01 09:50:00","PIONEER","-0.80",NA,NA,NA
"D","DISPATCH","UNIT_SCADA",1,"2024/02/01 09:50:00","PORTWF","85.400002",NA,NA,NA
"D","DISPATCH","UNIT_SCADA",1,"2024/02/01 09:50:00","REPULSE","3.065843",NA,NA,NA
"D","DISPATCH","UNIT_SCADA",1,"2024/02/01 09:50:00","ROWALLAN","0",NA,NA,NA
"D","DISPATCH","UNIT_SCADA",1,"2024/02/01 09:50:00","ROYALLA1","14.8310",NA,NA,NA
"D","DISPATCH","UNIT_SCADA",1,"2024/02/01 09:50:00","RPCG","-1.60",NA,NA,NA
"D","DISPATCH","UNIT_SCADA",1,"2024/02/01 09:50:00","RUBICON","0.81",NA,NA,NA
"D","DISPATCH","UNIT_SCADA",1,"2024/02/01 09:50:00","SHOAL1","0",NA,NA,NA
"D","DISPATCH","UNIT_SCADA",1,"2024/02/01 09:50:00","WAUBRAWF","52.346001",NA,NA,NA
"D","DISPATCH","UNIT_SCADA",1,"2024/02/01 09:50:00","WOOLNTH1","90.929993",NA,NA,NA
"D","DISPATCH","UNIT_SCADA",1,"2024/02/01 09:50:00","YAMBUKWF","14.60",NA,NA,NA
"D","DISPATCH","UNIT_SCADA",1,"2024/02/01 09:50:00","YSWF1","9.20",NA,NA,NA
"D","DISPATCH","UNIT_SCADA",1,"2024/02/01 09:55:00","BARCSF1","13",NA,NA,NA
"D","DISPATCH","UNIT_SCADA",1,"2024/02/01 09:55:00","BUTLERSG","9.099998",NA,NA,NA
"D","DISPATCH","UNIT_SCADA",1,"2024/02/01 09:55:00","BWTR1","15.318880",NA,NA,NA
"D","DISPATCH","UNIT_SCADA",1,"2024/02/01 09:55:00","CAPTL_WF","0",NA,NA,NA
"D","DISPATCH","UNIT_SCADA",1,"2024/02/01 09:55:00","CHALLHWF","3.50",NA,NA,NA
"D","DISPATCH","UNIT_SCADA",1,"2024/02/01 09:55:00","CLOVER","-0.01",NA,NA,NA
"D","DISPATCH","UNIT_SCADA",1,"2024/02/01 09:55:00","CLUNY","2.285649",NA,NA,NA
"D","DISPATCH","UNIT_SCADA",1,"2024/02/01 09:55:00","CONDONG1","-0.95",NA,NA,NA
"D","DISPATCH","UNIT_SCADA",1,"2024/02/01 09:55:00","CULLRGWF","1.29",NA,NA,NA
"D","DISPATCH","UNIT_SCADA",1,"2024/02/01 09:55:00","DIAPURWF1","0",NA,NA,NA
"D","DISPATCH","UNIT_SCADA",1,"2024/02/01 09:55:00","ERGT01","0",NA,NA,NA
"D","DISPATCH","UNIT_SCADA",1,"2024/02/01 09:55:00","GB01","0",NA,NA,NA
"D","DISPATCH","UNIT_SCADA",1,"2024/02/01 09:55:00","GERMCRK","10.75",NA,NA,NA
"D","DISPATCH","UNIT_SCADA",1,"2024/02/01 09:55:00","GRIFSF1","27.020075",NA,NA,NA
"D","DISPATCH","UNIT_SCADA",1,"2024/02/01 09:55:00","HUGSF1","7.2060",NA,NA,NA
"D","DISPATCH","UNIT_SCADA",1,"2024/02/01 09:55:00","KEPBG1","0",NA,NA,NA
"D","DISPATCH","UNIT_SCADA",1,"2024/02/01 09:55:00","LRSF1","9.8660",NA,NA,NA
"D","DISPATCH","UNIT_SCADA",1,"2024/02/01 09:55:00","MBAHNTH","51.074997",NA,NA,NA
"D","DISPATCH","UNIT_SCADA",1,"2024/02/01 09:55:00","MLSP1","9.97",NA,NA,NA
"D","DISPATCH","UNIT_SCADA",1,"2024/02/01 09:55:00","MLWF1","7.2150",NA,NA,NA
"D","DISPATCH","UNIT_SCADA",1,"2024/02/01 09:55:00","PALOONA","0",NA,NA,NA
"D","DISPATCH","UNIT_SCADA",1,"2024/02/01 09:55:00","PIONEER","-0.60",NA,NA,NA
"D","DISPATCH","UNIT_SCADA",1,"2024/02/01 09:55:00","PORTWF","91.699997",NA,NA,NA
"D","DISPATCH","UNIT_SCADA",1,"2024/02/01 09:55:00","REPULSE","3.059739",NA,NA,NA
"D","DISPATCH","UNIT_SCADA",1,"2024/02/01 09:55:00","ROWALLAN","0",NA,NA,NA
"D","DISPATCH","UNIT_SCADA",1,"2024/02/01 09:55:00","ROYALLA1","15.006001",NA,NA,NA
"D","DISPATCH","UNIT_SCADA",1,"2024/02/01 09:55:00","RPCG","-1.60",NA,NA,NA
"D","DISPATCH","UNIT_SCADA",1,"2024/02/01 09:55:00","RUBICON","0.81",NA,NA,NA
"D","DISPATCH","UNIT_SCADA",1,"2024/02/01 09:55:00","SHOAL1","0",NA,NA,NA
"D","DISPATCH","UNIT_SCADA",1,"2024/02/01 09:55:00","WAUBRAWF","51.971001",NA,NA,NA
"D","DISPATCH","UNIT_SCADA",1,"2024/02/01 09:55:00","WOOLNTH1","93.589996",NA,NA,NA
"D","DISPATCH","UNIT_SCADA",1,"2024/02/01 09:55:00","YAMBUKWF","17.10",NA,NA,NA
"D","DISPATCH","UNIT_SCADA",1,"2024/02/01 09:55:00","YSWF1","7.30",NA,NA,NA
"D","DISPATCH","UNIT_SCADA",1,"2024/02/01 10:00:00","BARCSF1","13.700001",NA,NA,NA
"D","DISPATCH","UNIT_SCADA",1,"2024/02/01 10:00:00","BUTLERSG","9.099998",NA,NA,NA
"D","DISPATCH","UNIT_SCADA",1,"2024/02/01 10:00:00","BWTR1","15.318880",NA,NA,NA
"D","DISPATCH","UNIT_SCADA",1,"2024/02/01 10:00:00","CAPTL_WF","0",NA,NA,NA
"D","DISPATCH","UNIT_SCADA",1,"2024/02/01 10:00:00","CHALLHWF","4.90",NA,NA,NA
"D","DISPATCH","UNIT_SCADA",1,"2024/02/01 10:00:00","CLOVER","-0.03",NA,NA,NA
"D","DISPATCH","UNIT_SCADA",1,"2024/02/01 10:00:00","CLUNY","2.195926",NA,NA,NA
"D","DISPATCH","UNIT_SCADA",1,"2024/02/01 10:00:00","CONDONG1","-0.94",NA,NA,NA
"D","DISPATCH","UNIT_SCADA",1,"2024/02/01 10:00:00","CULLRGWF","2.07",NA,NA,NA
"D","DISPATCH","UNIT_SCADA",1,"2024/02/01 10:00:00","DIAPURWF1","0",NA,NA,NA
"D","DISPATCH","UNIT_SCADA",1,"2024/02/01 10:00:00","ERGT01","0",NA,NA,NA
"D","DISPATCH","UNIT_SCADA",1,"2024/02/01 10:00:00","GB01","0",NA,NA,NA
"D","DISPATCH","UNIT_SCADA",1,"2024/02/01 10:00:00","GERMCRK","11.2940",NA,NA,NA
"D","DISPATCH","UNIT_SCADA",1,"2024/02/01 10:00:00","GRIFSF1","27.020075",NA,NA,NA
"D","DISPATCH","UNIT_SCADA",1,"2024/02/01 10:00:00","HUGSF1","7.8630",NA,NA,NA
"D","DISPATCH","UNIT_SCADA",1,"2024/02/01 10:00:00","KEPBG1","0",NA,NA,NA
"D","DISPATCH","UNIT_SCADA",1,"2024/02/01 10:00:00","LRSF1","10.0670",NA,NA,NA
"D","DISPATCH","UNIT_SCADA",1,"2024/02/01 10:00:00","MBAHNTH","51.206253",NA,NA,NA
"D","DISPATCH","UNIT_SCADA",1,"2024/02/01 10:00:00","MLSP1","10.1210",NA,NA,NA
"D","DISPATCH","UNIT_SCADA",1,"2024/02/01 10:00:00","MLWF1","6.48",NA,NA,NA
"D","DISPATCH","UNIT_SCADA",1,"2024/02/01 10:00:00","PALOONA","0",NA,NA,NA
"D","DISPATCH","UNIT_SCADA",1,"2024/02/01 10:00:00","PIONEER","-0.80",NA,NA,NA
"D","DISPATCH","UNIT_SCADA",1,"2024/02/01 10:00:00","PORTWF","85.599998",NA,NA,NA
"D","DISPATCH","UNIT_SCADA",1,"2024/02/01 10:00:00","REPULSE","3.333181",NA,NA,NA
"D","DISPATCH","UNIT_SCADA",1,"2024/02/01 10:00:00","ROWALLAN","0",NA,NA,NA
"D","DISPATCH","UNIT_SCADA",1,"2024/02/01 10:00:00","ROYALLA1","15.168001",NA,NA,NA
"D","DISPATCH","UNIT_SCADA",1,"2024/02/01 10:00:00","RPCG","-1.60",NA,NA,NA
"D","DISPATCH","UNIT_SCADA",1,"2024/02/01 10:00:00","RUBICON","0.81",NA,NA,NA
"D","DISPATCH","UNIT_SCADA",1,"2024/02/01 10:00:00","SHOAL1","0",NA,NA,NA
"D","DISPATCH","UNIT_SCADA",1,"2024/02/01 10:00:00","WAUBRAWF","56.5480",NA,NA,NA
"D","DISPATCH","UNIT_SCADA",1,"2024/02/01 10:00:00","WOOLNTH1","94.169998",NA,NA,NA
"D","DISPATCH","UNIT_SCADA",1,"2024/02/01 10:00:00","YAMBUKWF","16.50",NA,NA,NA
"D","DISPATCH","UNIT_SCADA",1,"2024/02/01 10:00:00","YSWF1","11.70",NA,NA,NA
"D","DISPATCH","UNIT_SCADA",1,"2024/02/01 10:10:00","BARCSF1","13.300001",NA,NA,NA
"D","DISPATCH","UNIT_SCADA",1,"2024/02/01 10:10:00","BUTLERSG","9.099998",NA,NA,NA
"D","DISPATCH","UNIT_SCADA",1,"2024/02/01 10:10:00","BWTR1","15.318880",NA,NA,NA
"D","DISPATCH","UNIT_SCADA",1,"2024/02/01 10:10:00","CAPTL_WF","0",NA,NA,NA
"D","DISPATCH","UNIT_SCADA",1,"2024/02/01 10:10:00","CHALLHWF","4.50",NA,NA,NA
"D","DISPATCH","UNIT_SCADA",1,"2024/02/01 10:10:00","CLOVER","-0.01",NA,NA,NA
"D","DISPATCH","UNIT_SCADA",1,"2024/02/01 10:10:00","CLUNY","2.243534",NA,NA,NA
"D","DISPATCH","UNIT_SCADA",1,"2024/02/01 10:10:00","CONDONG1","-0.94",NA,NA,NA
"D","DISPATCH","UNIT_SCADA",1,"2024/02/01 10:10:00","CULLRGWF","2.97",NA,NA,NA
"D","DISPATCH","UNIT_SCADA",1,"2024/02/01 10:10:00","DIAPURWF1","0",NA,NA,NA
"D","DISPATCH","UNIT_SCADA",1,"2024/02/01 10:10:00","ERGT01","0",NA,NA,NA
"D","DISPATCH","UNIT_SCADA",1,"2024/02/01 10:10:00","GB01","0",NA,NA,NA
"D","DISPATCH","UNIT_SCADA",1,"2024/02/01 10:10:00","GERMCRK","10.5710",NA,NA,NA
"D","DISPATCH","UNIT_SCADA",1,"2024/02/01 10:10:00","GRIFSF1","27.020075",NA,NA,NA
"D","DISPATCH","UNIT_SCADA",1,"2024/02/01 10:10:00","HUGSF1","6.8970",NA,NA,NA
"D","DISPATCH","UNIT_SCADA",1,"2024/02/01 10:10:00","KEPBG1","0",NA,NA,NA
"D","DISPATCH","UNIT_SCADA",1,"2024/02/01 10:10:00","LRSF1","10.0670",NA,NA,NA
"D","DISPATCH","UNIT_SCADA",1,"2024/02/01 10:10:00","MBAHNTH","51.018753",NA,NA,NA
"D","DISPATCH","UNIT_SCADA",1,"2024/02/01 10:10:00","MLSP1","10.323001",NA,NA,NA
"D","DISPATCH","UNIT_SCADA",1,"2024/02/01 10:10:00","MLWF1","7.53",NA,NA,NA
"D","DISPATCH","UNIT_SCADA",1,"2024/02/01 10:10:00","PALOONA","0",NA,NA,NA
"D","DISPATCH","UNIT_SCADA",1,"2024/02/01 10:10:00","PIONEER","-0.80",NA,NA,NA
"D","DISPATCH","UNIT_SCADA",1,"2024/02/01 10:10:00","PORTWF","85.599998",NA,NA,NA
"D","DISPATCH","UNIT_SCADA",1,"2024/02/01 10:10:00","REPULSE","3.180591",NA,NA,NA
"D","DISPATCH","UNIT_SCADA",1,"2024/02/01 10:10:00","ROWALLAN","0",NA,NA,NA
"D","DISPATCH","UNIT_SCADA",1,"2024/02/01 10:10:00","ROYALLA1","15.403001",NA,NA,NA
"D","DISPATCH","UNIT_SCADA",1,"2024/02/01 10:10:00","RPCG","-1.60",NA,NA,NA
"D","DISPATCH","UNIT_SCADA",1,"2024/02/01 10:10:00","RUBICON","0.81",NA,NA,NA
"D","DISPATCH","UNIT_SCADA",1,"2024/02/01 10:10:00","SHOAL1","0",NA,NA,NA
"D","DISPATCH","UNIT_SCADA",1,"2024/02/01 10:10:00","WAUBRAWF","65.377998",NA,NA,NA
"D","DISPATCH","UNIT_SCADA",1,"2024/02/01 08:35:00","BARCSF1","13.50",NA,NA,NA
"D","DISPATCH","UNIT_SCADA",1,"2024/02/01 08:35:00","BUTLERSG","9.099998",NA,NA,NA
"D","DISPATCH","UNIT_SCADA",1,"2024/02/01 08:35:00","BWTR1","15.261720",NA,NA,NA
"D","DISPATCH","UNIT_SCADA",1,"2024/02/01 08:35:00","CAPTL_WF","0",NA,NA,NA
"D","DISPATCH","UNIT_SCADA",1,"2024/02/01 08:35:00","CHALLHWF","1.70",NA,NA,NA
"D","DISPATCH","UNIT_SCADA",1,"2024/02/01 08:35:00","CLOVER","-0.02",NA,NA,NA
"D","DISPATCH","UNIT_SCADA",1,"2024/02/01 08:35:00","CLUNY","2.200504",NA,NA,NA
"D","DISPATCH","UNIT_SCADA",1,"2024/02/01 08:35:00","CONDONG1","-0.93",NA,NA,NA
"D","DISPATCH","UNIT_SCADA",1,"2024/02/01 08:35:00","CULLRGWF","0",NA,NA,NA
"D","DISPATCH","UNIT_SCADA",1,"2024/02/01 08:35:00","DIAPURWF1","0",NA,NA,NA
"D","DISPATCH","UNIT_SCADA",1,"2024/02/01 08:35:00","ERGT01","0",NA,NA,NA
"D","DISPATCH","UNIT_SCADA",1,"2024/02/01 08:35:00","GB01","0",NA,NA,NA
"D","DISPATCH","UNIT_SCADA",1,"2024/02/01 08:35:00","GERMCRK","11.5710",NA,NA,NA
"D","DISPATCH","UNIT_SCADA",1,"2024/02/01 08:35:00","GRIFSF1","27.020075",NA,NA,NA
"D","DISPATCH","UNIT_SCADA",1,"2024/02/01 08:35:00","HUGSF1","5.6890",NA,NA,NA
"D","DISPATCH","UNIT_SCADA",1,"2024/02/01 08:35:00","KEPBG1","0",NA,NA,NA
"D","DISPATCH","UNIT_SCADA",1,"2024/02/01 08:35:00","LRSF1","10",NA,NA,NA
"D","DISPATCH","UNIT_SCADA",1,"2024/02/01 08:35:00","MBAHNTH","49.462509",NA,NA,NA
"D","DISPATCH","UNIT_SCADA",1,"2024/02/01 08:35:00","MLSP1","3.3360",NA,NA,NA
"D","DISPATCH","UNIT_SCADA",1,"2024/02/01 08:35:00","MLWF1","6.12",NA,NA,NA
"D","DISPATCH","UNIT_SCADA",1,"2024/02/01 08:35:00","PALOONA","0",NA,NA,NA
"D","DISPATCH","UNIT_SCADA",1,"2024/02/01 08:35:00","PIONEER","-0.60",NA,NA,NA
"D","DISPATCH","UNIT_SCADA",1,"2024/02/01 08:35:00","PORTWF","72.300003",NA,NA,NA
"D","DISPATCH","UNIT_SCADA",1,"2024/02/01 08:35:00","REPULSE","3.402762",NA,NA,NA
"D","DISPATCH","UNIT_SCADA",1,"2024/02/01 08:35:00","ROWALLAN","0",NA,NA,NA
"D","DISPATCH","UNIT_SCADA",1,"2024/02/01 08:35:00","ROYALLA1","4.6760",NA,NA,NA
"D","DISPATCH","UNIT_SCADA",1,"2024/02/01 08:35:00","RPCG","-1.60",NA,NA,NA
"D","DISPATCH","UNIT_SCADA",1,"2024/02/01 08:35:00","RUBICON","0.81",NA,NA,NA
"D","DISPATCH","UNIT_SCADA",1,"2024/02/01 08:35:00","SHOAL1","0",NA,NA,NA
"D","DISPATCH","UNIT_SCADA",1,"2024/02/01 08:35:00","WAUBRAWF","47.914001",NA,NA,NA
"D","DISPATCH","UNIT_SCADA",1,"2024/02/01 08:35:00","WOOLNTH1","124.300003",NA,NA,NA
"D","DISPATCH","UNIT_SCADA",1,"2024/02/01 08:35:00","YAMBUKWF","14.20",NA,NA,NA
"D","DISPATCH","UNIT_SCADA",1,"2024/02/01 08:35:00","YSWF1","8.50",NA,NA,NA
"D","DISPATCH","UNIT_SCADA",1,"2024/02/01 09:20:00","BARCSF1","13.400001",NA,NA,NA
"D","DISPATCH","UNIT_SCADA",1,"2024/02/01 09:20:00","BUTLERSG","9.099998",NA,NA,NA
"D","DISPATCH","UNIT_SCADA",1,"2024/02/01 09:20:00","BWTR1","15.261720",NA,NA,NA
"D","DISPATCH","UNIT_SCADA",1,"2024/02/01 09:20:00","CAPTL_WF","0",NA,NA,NA
"D","DISPATCH","UNIT_SCADA",1,"2024/02/01 09:20:00","CHALLHWF","3.10",NA,NA,NA
"D","DISPATCH","UNIT_SCADA",1,"2024/02/01 09:20:00","CLOVER","-0.01",NA,NA,NA
"D","DISPATCH","UNIT_SCADA",1,"2024/02/01 09:20:00","CLUNY","2.152895",NA,NA,NA
"D","DISPATCH","UNIT_SCADA",1,"2024/02/01 09:20:00","CONDONG1","-1.02",NA,NA,NA
"D","DISPATCH","UNIT_SCADA",1,"2024/02/01 09:20:00","CULLRGWF","1.18",NA,NA,NA
"D","DISPATCH","UNIT_SCADA",1,"2024/02/01 09:20:00","DIAPURWF1","0",NA,NA,NA
"D","DISPATCH","UNIT_SCADA",1,"2024/02/01 09:20:00","ERGT01","0",NA,NA,NA
"D","DISPATCH","UNIT_SCADA",1,"2024/02/01 09:20:00","GB01","0",NA,NA,NA
"D","DISPATCH","UNIT_SCADA",1,"2024/02/01 09:20:00","GERMCRK","9.0730",NA,NA,NA
"D","DISPATCH","UNIT_SCADA",1,"2024/02/01 09:20:00","GRIFSF1","27.020075",NA,NA,NA
"D","DISPATCH","UNIT_SCADA",1,"2024/02/01 09:20:00","HUGSF1","3.5330",NA,NA,NA
"D","DISPATCH","UNIT_SCADA",1,"2024/02/01 09:20:00","KEPBG1","0",NA,NA,NA
"D","DISPATCH","UNIT_SCADA",1,"2024/02/01 09:20:00","LRSF1","10",NA,NA,NA
"D","DISPATCH","UNIT_SCADA",1,"2024/02/01 09:20:00","MBAHNTH","51.675003",NA,NA,NA
"D","DISPATCH","UNIT_SCADA",1,"2024/02/01 09:20:00","MLSP1","7.6950",NA,NA,NA
"D","DISPATCH","UNIT_SCADA",1,"2024/02/01 09:20:00","MLWF1","8.639999",NA,NA,NA
"D","DISPATCH","UNIT_SCADA",1,"2024/02/01 09:20:00","PALOONA","0",NA,NA,NA
"D","DISPATCH","UNIT_SCADA",1,"2024/02/01 09:20:00","PIONEER","-0.60",NA,NA,NA
"D","DISPATCH","UNIT_SCADA",1,"2024/02/01 09:20:00","PORTWF","78.900002",NA,NA,NA
"D","DISPATCH","UNIT_SCADA",1,"2024/02/01 09:20:00","REPULSE","3.073167",NA,NA,NA
"D","DISPATCH","UNIT_SCADA",1,"2024/02/01 09:20:00","ROWALLAN","0",NA,NA,NA
"D","DISPATCH","UNIT_SCADA",1,"2024/02/01 09:20:00","ROYALLA1","13.613001",NA,NA,NA
"D","DISPATCH","UNIT_SCADA",1,"2024/02/01 09:20:00","RPCG","-1.60",NA,NA,NA
"D","DISPATCH","UNIT_SCADA",1,"2024/02/01 09:20:00","RUBICON","0.81",NA,NA,NA
"D","DISPATCH","UNIT_SCADA",1,"2024/02/01 09:20:00","SHOAL1","0",NA,NA,NA
"D","DISPATCH","UNIT_SCADA",1,"2024/02/01 09:20:00","WAUBRAWF","46.276001",NA,NA,NA
"D","DISPATCH","UNIT_SCADA",1,"2024/02/01 09:20:00","WOOLNTH1","119.539993",NA,NA,NA
"D","DISPATCH","UNIT_SCADA",1,"2024/02/01 09:20:00","YAMBUKWF","15.70",NA,NA,NA
"D","DISPATCH","UNIT_SCADA",1,"2024/02/01 09:20:00","YSWF1","5.90",NA,NA,NA
"D","DISPATCH","UNIT_SCADA",1,"2024/02/01 09:30:00","BARCSF1","13.60",NA,NA,NA
"D","DISPATCH","UNIT_SCADA",1,"2024/02/01 09:30:00","BUTLERSG","9.099998",NA,NA,NA
"D","DISPATCH","UNIT_SCADA",1,"2024/02/01 09:30:00","BWTR1","15.261720",NA,NA,NA
"D","DISPATCH","UNIT_SCADA",1,"2024/02/01 09:30:00","CAPTL_WF","0",NA,NA,NA
"D","DISPATCH","UNIT_SCADA",1,"2024/02/01 09:30:00","CHALLHWF","1.80",NA,NA,NA
"D","DISPATCH","UNIT_SCADA",1,"2024/02/01 09:30:00","CLOVER","-0.02",NA,NA,NA
"D","DISPATCH","UNIT_SCADA",1,"2024/02/01 09:30:00","CLUNY","2.162051",NA,NA,NA
"D","DISPATCH","UNIT_SCADA",1,"2024/02/01 09:30:00","CONDONG1","-1.04",NA,NA,NA
"D","DISPATCH","UNIT_SCADA",1,"2024/02/01 09:30:00","CULLRGWF","1.03",NA,NA,NA
"D","DISPATCH","UNIT_SCADA",1,"2024/02/01 09:30:00","DIAPURWF1","0",NA,NA,NA
"D","DISPATCH","UNIT_SCADA",1,"2024/02/01 09:30:00","ERGT01","0",NA,NA,NA
"D","DISPATCH","UNIT_SCADA",1,"2024/02/01 09:30:00","GB01","0",NA,NA,NA
"D","DISPATCH","UNIT_SCADA",1,"2024/02/01 09:30:00","GERMCRK","9.8280",NA,NA,NA
"D","DISPATCH","UNIT_SCADA",1,"2024/02/01 09:30:00","GRIFSF1","27.020075",NA,NA,NA
"D","DISPATCH","UNIT_SCADA",1,"2024/02/01 09:30:00","HUGSF1","4.0710",NA,NA,NA
"D","DISPATCH","UNIT_SCADA",1,"2024/02/01 09:30:00","KEPBG1","0.01",NA,NA,NA
"D","DISPATCH","UNIT_SCADA",1,"2024/02/01 09:30:00","LRSF1","9.9870",NA,NA,NA
"D","DISPATCH","UNIT_SCADA",1,"2024/02/01 09:30:00","MBAHNTH","51.337509",NA,NA,NA
"D","DISPATCH","UNIT_SCADA",1,"2024/02/01 09:30:00","MLSP1","9.3140",NA,NA,NA
"D","DISPATCH","UNIT_SCADA",1,"2024/02/01 09:30:00","MLWF1","7.8150",NA,NA,NA
"D","DISPATCH","UNIT_SCADA",1,"2024/02/01 09:30:00","PALOONA","0",NA,NA,NA
"D","DISPATCH","UNIT_SCADA",1,"2024/02/01 09:30:00","PIONEER","-0.60",NA,NA,NA
"D","DISPATCH","UNIT_SCADA",1,"2024/02/01 09:30:00","PORTWF","76.300003",NA,NA,NA
"D","DISPATCH","UNIT_SCADA",1,"2024/02/01 09:30:00","REPULSE","3.358816",NA,NA,NA
"D","DISPATCH","UNIT_SCADA",1,"2024/02/01 09:30:00","ROWALLAN","0",NA,NA,NA
"D","DISPATCH","UNIT_SCADA",1,"2024/02/01 09:30:00","ROYALLA1","14.066001",NA,NA,NA
"D","DISPATCH","UNIT_SCADA",1,"2024/02/01 09:30:00","RPCG","-1.60",NA,NA,NA
"D","DISPATCH","UNIT_SCADA",1,"2024/02/01 09:30:00","RUBICON","0.81",NA,NA,NA
"D","DISPATCH","UNIT_SCADA",1,"2024/02/01 09:30:00","SHOAL1","0",NA,NA,NA
"D","DISPATCH","UNIT_SCADA",1,"2024/02/01 09:30:00","WAUBRAWF","52.8480",NA,NA,NA
"D","DISPATCH","UNIT_SCADA",1,"2024/02/01 09:30:00","WOOLNTH1","63.029995",NA,NA,NA
"D","DISPATCH","UNIT_SCADA",1,"2024/02/01 09:30:00","YAMBUKWF","15.30",NA,NA,NA
"D","DISPATCH","UNIT_SCADA",1,"2024/02/01 09:30:00","YSWF1","5.70",NA,NA,NA
"D","DISPATCH","UNIT_SCADA",1,"2024/02/02 05:10:00","DIAPURWF1","0",NA,NA,NA
"D","DISPATCH","UNIT_SCADA",1,"2024/02/02 05:10:00","ERGT01","0",NA,NA,NA
"D","DISPATCH","UNIT_SCADA",1,"2024/02/02 05:10:00","GB01","0",NA,NA,NA
"D","DISPATCH","UNIT_SCADA",1,"2024/02/02 05:10:00","GERMCRK","12.0580",NA,NA,NA
"D","DISPATCH","UNIT_SCADA",1,"2024/02/02 05:10:00","GRIFSF1","0",NA,NA,NA
"D","DISPATCH","UNIT_SCADA",1,"2024/02/02 05:10:00","HUGSF1","-0.1480",NA,NA,NA
"D","DISPATCH","UNIT_SCADA",1,"2024/02/02 05:10:00","KEPBG1","0",NA,NA,NA
"D","DISPATCH","UNIT_SCADA",1,"2024/02/02 05:10:00","LRSF1","-0.03",NA,NA,NA
"D","DISPATCH","UNIT_SCADA",1,"2024/02/02 05:10:00","MBAHNTH","46.800003",NA,NA,NA
"D","DISPATCH","UNIT_SCADA",1,"2024/02/02 05:10:00","MLSP1","0.0310",NA,NA,NA
"D","DISPATCH","UNIT_SCADA",1,"2024/02/02 05:10:00","MLWF1","2.5950",NA,NA,NA
"D","DISPATCH","UNIT_SCADA",1,"2024/02/02 05:10:00","PALOONA","0",NA,NA,NA
"D","DISPATCH","UNIT_SCADA",1,"2024/02/02 05:10:00","PIONEER","-0.60",NA,NA,NA
"D","DISPATCH","UNIT_SCADA",1,"2024/02/02 05:10:00","PORTWF","32.099998",NA,NA,NA
"D","DISPATCH","UNIT_SCADA",1,"2024/02/02 05:10:00","REPULSE","12.953689",NA,NA,NA
"D","DISPATCH","UNIT_SCADA",1,"2024/02/02 05:10:00","ROWALLAN","0",NA,NA,NA
"D","DISPATCH","UNIT_SCADA",1,"2024/02/02 05:10:00","ROYALLA1","0",NA,NA,NA
"D","DISPATCH","UNIT_SCADA",1,"2024/02/02 05:10:00","RPCG","11.30",NA,NA,NA
"D","DISPATCH","UNIT_SCADA",1,"2024/02/02 05:10:00","RUBICON","0.72",NA,NA,NA
"D","DISPATCH","UNIT_SCADA",1,"2024/02/02 05:10:00","SHOAL1","19.950001",NA,NA,NA
"D","DISPATCH","UNIT_SCADA",1,"2024/02/02 05:10:00","WAUBRAWF","128.988007",NA,NA,NA
"D","DISPATCH","UNIT_SCADA",1,"2024/02/02 05:10:00","WOOLNTH1","127.18",NA,NA,NA
"D","DISPATCH","UNIT_SCADA",1,"2024/02/02 05:10:00","YAMBUKWF","11.40",NA,NA,NA
"D","DISPATCH","UNIT_SCADA",1,"2024/02/02 05:10:00","YSWF1","13.70",NA,NA,NA
"D","DISPATCH","UNIT_SCADA",1,"2024/02/02 05:15:00","BARCSF1","0",NA,NA,NA
"D","DISPATCH","UNIT_SCADA",1,"2024/02/02 05:15:00","BUTLERSG","8.999998",NA,NA,NA
"D","DISPATCH","UNIT_SCADA",1,"2024/02/02 05:15:00","BWTR1","14.690120",NA,NA,NA
"D","DISPATCH","UNIT_SCADA",1,"2024/02/02 05:15:00","CAPTL_WF","26.605873",NA,NA,NA
"D","DISPATCH","UNIT_SCADA",1,"2024/02/02 05:15:00","CHALLHWF","16.299999",NA,NA,NA
"D","DISPATCH","UNIT_SCADA",1,"2024/02/02 05:15:00","CLOVER","-0.10",NA,NA,NA
"D","DISPATCH","UNIT_SCADA",1,"2024/02/02 05:15:00","CLUNY","8.257725",NA,NA,NA
"D","DISPATCH","UNIT_SCADA",1,"2024/02/02 05:15:00","CONDONG1","-0.83",NA,NA,NA
"D","DISPATCH","UNIT_SCADA",1,"2024/02/02 05:15:00","CULLRGWF","16.280001",NA,NA,NA
"D","DISPATCH","UNIT_SCADA",1,"2024/02/02 05:15:00","DIAPURWF1","0",NA,NA,NA
"D","DISPATCH","UNIT_SCADA",1,"2024/02/02 05:15:00","ERGT01","0",NA,NA,NA
"D","DISPATCH","UNIT_SCADA",1,"2024/02/02 05:15:00","GB01","0",NA,NA,NA
"D","DISPATCH","UNIT_SCADA",1,"2024/02/02 05:15:00","GERMCRK","5.0270",NA,NA,NA
"D","DISPATCH","UNIT_SCADA",1,"2024/02/02 05:15:00","GRIFSF1","0",NA,NA,NA
"D","DISPATCH","UNIT_SCADA",1,"2024/02/02 05:15:00","HUGSF1","-0.1480",NA,NA,NA
"D","DISPATCH","UNIT_SCADA",1,"2024/02/02 05:15:00","KEPBG1","0",NA,NA,NA
"D","DISPATCH","UNIT_SCADA",1,"2024/02/02 05:15:00","LRSF1","-0.03",NA,NA,NA
"D","DISPATCH","UNIT_SCADA",1,"2024/02/02 05:15:00","MBAHNTH","46.781250",NA,NA,NA
"D","DISPATCH","UNIT_SCADA",1,"2024/02/02 05:15:00","MLSP1","0.0310",NA,NA,NA
"D","DISPATCH","UNIT_SCADA",1,"2024/02/02 05:15:00","MLWF1","2.3850",NA,NA,NA
"D","DISPATCH","UNIT_SCADA",1,"2024/02/02 05:15:00","PALOONA","0",NA,NA,NA
"D","DISPATCH","UNIT_SCADA",1,"2024/02/02 05:15:00","PIONEER","-0.60",NA,NA,NA
"D","DISPATCH","UNIT_SCADA",1,"2024/02/02 05:15:00","PORTWF","28.10",NA,NA,NA
"D","DISPATCH","UNIT_SCADA",1,"2024/02/02 05:15:00","REPULSE","13.150225",NA,NA,NA
"D","DISPATCH","UNIT_SCADA",1,"2024/02/02 05:15:00","ROWALLAN","0",NA,NA,NA
"D","DISPATCH","UNIT_SCADA",1,"2024/02/02 05:15:00","ROYALLA1","0",NA,NA,NA
"D","DISPATCH","UNIT_SCADA",1,"2024/02/02 05:15:00","RPCG","11.30",NA,NA,NA
"D","DISPATCH","UNIT_SCADA",1,"2024/02/02 05:15:00","RUBICON","0.81",NA,NA,NA
"D","DISPATCH","UNIT_SCADA",1,"2024/02/02 05:15:00","SHOAL1","19.950001",NA,NA,NA
"D","DISPATCH","UNIT_SCADA",1,"2024/02/02 05:15:00","WAUBRAWF","137.802994",NA,NA,NA
"D","DISPATCH","UNIT_SCADA",1,"2024/02/02 05:15:00","WOOLNTH1","129.660004",NA,NA,NA
"D","DISPATCH","UNIT_SCADA",1,"2024/02/02 05:15:00","YAMBUKWF","10.70",NA,NA,NA
"D","DISPATCH","UNIT_SCADA",1,"2024/02/02 05:15:00","YSWF1","13.80",NA,NA,NA
"D","DISPATCH","UNIT_SCADA",1,"2024/02/02 05:20:00","BARCSF1","0",NA,NA,NA
"D","DISPATCH","UNIT_SCADA",1,"2024/02/02 05:20:00","BUTLERSG","8.999998",NA,NA,NA
"D","DISPATCH","UNIT_SCADA",1,"2024/02/02 05:20:00","BWTR1","14.690120",NA,NA,NA
"D","DISPATCH","UNIT_SCADA",1,"2024/02/02 05:20:00","CAPTL_WF","28.836376",NA,NA,NA
"D","DISPATCH","UNIT_SCADA",1,"2024/02/02 05:20:00","CHALLHWF","13.80",NA,NA,NA
"D","DISPATCH","UNIT_SCADA",1,"2024/02/02 05:20:00","CLOVER","-0.09",NA,NA,NA
"D","DISPATCH","UNIT_SCADA",1,"2024/02/02 05:20:00","CLUNY","8.296178",NA,NA,NA
"D","DISPATCH","UNIT_SCADA",1,"2024/02/02 05:20:00","CONDONG1","-0.84",NA,NA,NA
"D","DISPATCH","UNIT_SCADA",1,"2024/02/02 05:20:00","CULLRGWF","18.35",NA,NA,NA
"D","DISPATCH","UNIT_SCADA",1,"2024/02/02 05:20:00","DIAPURWF1","0",NA,NA,NA
"D","DISPATCH","UNIT_SCADA",1,"2024/02/02 05:20:00","ERGT01","0",NA,NA,NA
"D","DISPATCH","UNIT_SCADA",1,"2024/02/02 05:20:00","GB01","0",NA,NA,NA
"D","DISPATCH","UNIT_SCADA",1,"2024/02/02 05:20:00","GERMCRK","8.7220",NA,NA,NA
"D","DISPATCH","UNIT_SCADA",1,"2024/02/02 05:20:00","GRIFSF1","0",NA,NA,NA
"D","DISPATCH","UNIT_SCADA",1,"2024/02/02 05:20:00","HUGSF1","-0.1480",NA,NA,NA
"D","DISPATCH","UNIT_SCADA",1,"2024/02/02 05:20:00","KEPBG1","0",NA,NA,NA
"D","DISPATCH","UNIT_SCADA",1,"2024/02/02 05:20:00","LRSF1","-0.03",NA,NA,NA
"D","DISPATCH","UNIT_SCADA",1,"2024/02/02 05:20:00","MBAHNTH","46.218750",NA,NA,NA
"D","DISPATCH","UNIT_SCADA",1,"2024/02/02 05:20:00","MLSP1","0.0310",NA,NA,NA
"D","DISPATCH","UNIT_SCADA",1,"2024/02/02 05:20:00","MLWF1","2.28",NA,NA,NA
"D","DISPATCH","UNIT_SCADA",1,"2024/02/02 05:20:00","PALOONA","0",NA,NA,NA
"D","DISPATCH","UNIT_SCADA",1,"2024/02/02 05:20:00","PIONEER","-0.60",NA,NA,NA
"D","DISPATCH","UNIT_SCADA",1,"2024/02/02 05:20:00","PORTWF","27.200001",NA,NA,NA
"D","DISPATCH","UNIT_SCADA",1,"2024/02/02 05:20:00","REPULSE","13.106279",NA,NA,NA
"D","DISPATCH","UNIT_SCADA",1,"2024/02/02 05:20:00","ROWALLAN","0",NA,NA,NA
"D","DISPATCH","UNIT_SCADA",1,"2024/02/02 05:20:00","ROYALLA1","0",NA,NA,NA
"D","DISPATCH","UNIT_SCADA",1,"2024/02/02 05:20:00","RPCG","12.40",NA,NA,NA
"D","DISPATCH","UNIT_SCADA",1,"2024/02/02 05:20:00","RUBICON","0.81",NA,NA,NA
"D","DISPATCH","UNIT_SCADA",1,"2024/02/02 05:20:00","SHOAL1","19.950001",NA,NA,NA
"D","DISPATCH","UNIT_SCADA",1,"2024/02/02 05:20:00","WAUBRAWF","140.307007",NA,NA,NA
"D","DISPATCH","UNIT_SCADA",1,"2024/02/02 05:20:00","WOOLNTH1","126.75",NA,NA,NA
"D","DISPATCH","UNIT_SCADA",1,"2024/02/02 05:20:00","YAMBUKWF","11.20",NA,NA,NA
"D","DISPATCH","UNIT_SCADA",1,"2024/02/02 05:20:00","YSWF1","14.50",NA,NA,NA
"D","DISPATCH","UNIT_SCADA",1,"2024/02/02 05:25:00","BARCSF1","0",NA,NA,NA
"D","DISPATCH","UNIT_SCADA",1,"2024/02/02 05:25:00","BUTLERSG","8.999998",NA,NA,NA
"D","DISPATCH","UNIT_SCADA",1,"2024/02/02 05:25:00","BWTR1","14.690120",NA,NA,NA
"D","DISPATCH","UNIT_SCADA",1,"2024/02/02 05:25:00","CAPTL_WF","33.945831",NA,NA,NA
"D","DISPATCH","UNIT_SCADA",1,"2024/02/02 05:25:00","CHALLHWF","11",NA,NA,NA
"D","DISPATCH","UNIT_SCADA",1,"2024/02/02 05:25:00","CLOVER","-0.11",NA,NA,NA
"D","DISPATCH","UNIT_SCADA",1,"2024/02/02 05:25:00","CLUNY","8.376745",NA,NA,NA
"D","DISPATCH","UNIT_SCADA",1,"2024/02/02 05:25:00","CONDONG1","-0.85",NA,NA,NA
"D","DISPATCH","UNIT_SCADA",1,"2024/02/02 05:25:00","CULLRGWF","19.75",NA,NA,NA
"D","DISPATCH","UNIT_SCADA",1,"2024/02/02 05:25:00","DIAPURWF1","0",NA,NA,NA
"D","DISPATCH","UNIT_SCADA",1,"2024/02/02 05:25:00","ERGT01","0",NA,NA,NA
"D","DISPATCH","UNIT_SCADA",1,"2024/02/02 05:25:00","GB01","0",NA,NA,NA
"D","DISPATCH","UNIT_SCADA",1,"2024/02/02 05:25:00","GERMCRK","11.6620",NA,NA,NA
"D","DISPATCH","UNIT_SCADA",1,"2024/02/02 05:25:00","GRIFSF1","0",NA,NA,NA
"D","DISPATCH","UNIT_SCADA",1,"2024/02/02 05:25:00","HUGSF1","-0.1480",NA,NA,NA
"D","DISPATCH","UNIT_SCADA",1,"2024/02/02 05:25:00","KEPBG1","0",NA,NA,NA
"D","DISPATCH","UNIT_SCADA",1,"2024/02/02 05:25:00","LRSF1","-0.03",NA,NA,NA
"D","DISPATCH","UNIT_SCADA",1,"2024/02/02 05:25:00","MBAHNTH","46.462494",NA,NA,NA
"D","DISPATCH","UNIT_SCADA",1,"2024/02/02 05:25:00","MLSP1","0.0310",NA,NA,NA
"D","DISPATCH","UNIT_SCADA",1,"2024/02/02 05:25:00","MLWF1","2.70",NA,NA,NA
"D","DISPATCH","UNIT_SCADA",1,"2024/02/02 05:25:00","PALOONA","0",NA,NA,NA
"D","DISPATCH","UNIT_SCADA",1,"2024/02/02 05:25:00","PIONEER","-0.60",NA,NA,NA
"D","DISPATCH","UNIT_SCADA",1,"2024/02/02 05:25:00","PORTWF","28.799999",NA,NA,NA
"D","DISPATCH","UNIT_SCADA",1,"2024/02/02 05:25:00","REPULSE","13.156328",NA,NA,NA
"D","DISPATCH","UNIT_SCADA",1,"2024/02/02 05:25:00","ROWALLAN","0",NA,NA,NA
"D","DISPATCH","UNIT_SCADA",1,"2024/02/02 05:25:00","ROYALLA1","0",NA,NA,NA
"D","DISPATCH","UNIT_SCADA",1,"2024/02/02 05:25:00","RPCG","12.40",NA,NA,NA
"D","DISPATCH","UNIT_SCADA",1,"2024/02/02 05:25:00","RUBICON","0.81",NA,NA,NA
"D","DISPATCH","UNIT_SCADA",1,"2024/02/02 05:25:00","SHOAL1","19.950001",NA,NA,NA
"D","DISPATCH","UNIT_SCADA",1,"2024/02/02 05:25:00","WAUBRAWF","136.557007",NA,NA,NA
"D","DISPATCH","UNIT_SCADA",1,"2024/02/02 05:25:00","WOOLNTH1","127.839996",NA,NA,NA
"D","DISPATCH","UNIT_SCADA",1,"2024/02/02 05:25:00","YAMBUKWF","10.30",NA,NA,NA
"D","DISPATCH","UNIT_SCADA",1,"2024/02/02 05:25:00","YSWF1","11.60",NA,NA,NA
"D","DISPATCH","UNIT_SCADA",1,"2024/02/02 05:30:00","BARCSF1","0",NA,NA,NA
"D","DISPATCH","UNIT_SCADA",1,"2024/02/02 05:30:00","BUTLERSG","9.099998",NA,NA,NA
"D","DISPATCH","UNIT_SCADA",1,"2024/02/02 05:30:00","BWTR1","14.690120",NA,NA,NA
"D","DISPATCH","UNIT_SCADA",1,"2024/02/02 05:30:00","CAPTL_WF","32.965347",NA,NA,NA
"D","DISPATCH","UNIT_SCADA",1,"2024/02/02 05:30:00","CHALLHWF","9.10",NA,NA,NA
"D","DISPATCH","UNIT_SCADA",1,"2024/02/02 05:30:00","CLOVER","-0.10",NA,NA,NA
"D","DISPATCH","UNIT_SCADA",1,"2024/02/02 05:30:00","CLUNY","8.281528",NA,NA,NA
"D","DISPATCH","UNIT_SCADA",1,"2024/02/02 05:30:00","CONDONG1","-0.86",NA,NA,NA
"D","DISPATCH","UNIT_SCADA",1,"2024/02/02 05:30:00","CULLRGWF","19.610001",NA,NA,NA
"D","DISPATCH","UNIT_SCADA",1,"2024/02/02 05:30:00","DIAPURWF1","0",NA,NA,NA
"D","DISPATCH","UNIT_SCADA",1,"2024/02/02 05:30:00","ERGT01","0",NA,NA,NA
"D","DISPATCH","UNIT_SCADA",1,"2024/02/02 05:30:00","GB01","0",NA,NA,NA
"D","DISPATCH","UNIT_SCADA",1,"2024/02/02 05:30:00","GERMCRK","11.6830",NA,NA,NA
"D","DISPATCH","UNIT_SCADA",1,"2024/02/02 05:30:00","GRIFSF1","0",NA,NA,NA
"D","DISPATCH","UNIT_SCADA",1,"2024/02/02 05:30:00","HUGSF1","-0.1480",NA,NA,NA
"D","DISPATCH","UNIT_SCADA",1,"2024/02/02 05:30:00","KEPBG1","0",NA,NA,NA
"D","DISPATCH","UNIT_SCADA",1,"2024/02/02 05:30:00","LRSF1","-0.03",NA,NA,NA
"D","DISPATCH","UNIT_SCADA",1,"2024/02/02 05:30:00","MBAHNTH","46.387497",NA,NA,NA
"D","DISPATCH","UNIT_SCADA",1,"2024/02/02 05:30:00","MLSP1","0.0310",NA,NA,NA
"D","DISPATCH","UNIT_SCADA",1,"2024/02/02 05:30:00","MLWF1","2.8050",NA,NA,NA
"D","DISPATCH","UNIT_SCADA",1,"2024/02/02 05:30:00","PALOONA","0",NA,NA,NA
"D","DISPATCH","UNIT_SCADA",1,"2024/02/02 05:30:00","PIONEER","-0.60",NA,NA,NA
"D","DISPATCH","UNIT_SCADA",1,"2024/02/02 05:30:00","PORTWF","28.40",NA,NA,NA
"D","DISPATCH","UNIT_SCADA",1,"2024/02/02 05:30:00","REPULSE","13.144121",NA,NA,NA
"D","DISPATCH","UNIT_SCADA",1,"2024/02/02 05:30:00","ROWALLAN","0",NA,NA,NA
"D","DISPATCH","UNIT_SCADA",1,"2024/02/02 05:30:00","ROYALLA1","0",NA,NA,NA
"D","DISPATCH","UNIT_SCADA",1,"2024/02/02 05:30:00","RPCG","12.40",NA,NA,NA
"D","DISPATCH","UNIT_SCADA",1,"2024/02/02 05:30:00","RUBICON","0.72",NA,NA,NA
"D","DISPATCH","UNIT_SCADA",1,"2024/02/02 05:30:00","SHOAL1","19.950001",NA,NA,NA
"D","DISPATCH","UNIT_SCADA",1,"2024/02/02 05:30:00","WAUBRAWF","142.070007",NA,NA,NA
"D","DISPATCH","UNIT_SCADA",1,"2024/02/02 05:30:00","WOOLNTH1","123.669998",NA,NA,NA
"D","DISPATCH","UNIT_SCADA",1,"2024/02/02 05:30:00","YAMBUKWF","10.50",NA,NA,NA
"D","DISPATCH","UNIT_SCADA",1,"2024/02/02 05:30:00","YSWF1","10.10",NA,NA,NA
"D","DISPATCH","UNIT_SCADA",1,"2024/02/02 05:35:00","BARCSF1","0",NA,NA,NA
"D","DISPATCH","UNIT_SCADA",1,"2024/02/02 05:35:00","BUTLERSG","8.999998",NA,NA,NA
"D","DISPATCH","UNIT_SCADA",1,"2024/02/02 05:35:00","BWTR1","14.690120",NA,NA,NA
"D","DISPATCH","UNIT_SCADA",1,"2024/02/02 05:35:00","CAPTL_WF","33.160660",NA,NA,NA
"D","DISPATCH","UNIT_SCADA",1,"2024/02/02 05:35:00","CHALLHWF","10.40",NA,NA,NA
"D","DISPATCH","UNIT_SCADA",1,"2024/02/02 05:35:00","CLOVER","-0.09",NA,NA,NA
"D","DISPATCH","UNIT_SCADA",1,"2024/02/02 05:35:00","CLUNY","8.248569",NA,NA,NA
"D","DISPATCH","UNIT_SCADA",1,"2024/02/02 05:35:00","CONDONG1","-0.85",NA,NA,NA
"D","DISPATCH","UNIT_SCADA",1,"2024/02/02 05:35:00","CULLRGWF","19.190001",NA,NA,NA
"D","DISPATCH","UNIT_SCADA",1,"2024/02/02 05:35:00","DIAPURWF1","0",NA,NA,NA
"D","DISPATCH","UNIT_SCADA",1,"2024/02/02 05:35:00","ERGT01","0",NA,NA,NA
"D","DISPATCH","UNIT_SCADA",1,"2024/02/02 05:35:00","GB01","0",NA,NA,NA
"D","DISPATCH","UNIT_SCADA",1,"2024/02/02 05:35:00","GERMCRK","11.4910",NA,NA,NA
"D","DISPATCH","UNIT_SCADA",1,"2024/02/02 05:35:00","GRIFSF1","0",NA,NA,NA
"D","DISPATCH","UNIT_SCADA",1,"2024/02/02 05:35:00","HUGSF1","-0.1480",NA,NA,NA
"D","DISPATCH","UNIT_SCADA",1,"2024/02/02 05:35:00","KEPBG1","0",NA,NA,NA
"D","DISPATCH","UNIT_SCADA",1,"2024/02/02 05:35:00","LRSF1","-0.03",NA,NA,NA
"D","DISPATCH","UNIT_SCADA",1,"2024/02/02 05:35:00","MBAHNTH","46.387497",NA,NA,NA
"D","DISPATCH","UNIT_SCADA",1,"2024/02/02 05:35:00","MLSP1","0.0310",NA,NA,NA
"D","DISPATCH","UNIT_SCADA",1,"2024/02/02 05:35:00","MLWF1","3.0150",NA,NA,NA
"D","DISPATCH","UNIT_SCADA",1,"2024/02/02 05:35:00","PALOONA","0",NA,NA,NA
"D","DISPATCH","UNIT_SCADA",1,"2024/02/02 05:35:00","PIONEER","-0.60",NA,NA,NA
"D","DISPATCH","UNIT_SCADA",1,"2024/02/02 05:35:00","PORTWF","28.700001",NA,NA,NA
"D","DISPATCH","UNIT_SCADA",1,"2024/02/02 05:35:00","REPULSE","12.985428",NA,NA,NA
"D","DISPATCH","UNIT_SCADA",1,"2024/02/02 05:35:00","ROWALLAN","0",NA,NA,NA
"D","DISPATCH","UNIT_SCADA",1,"2024/02/02 05:35:00","ROYALLA1","0",NA,NA,NA
"D","DISPATCH","UNIT_SCADA",1,"2024/02/02 05:35:00","RPCG","11.30",NA,NA,NA
"D","DISPATCH","UNIT_SCADA",1,"2024/02/02 05:35:00","RUBICON","0.81",NA,NA,NA
"D","DISPATCH","UNIT_SCADA",1,"2024/02/02 05:35:00","SHOAL1","19.950001",NA,NA,NA
"D","DISPATCH","UNIT_SCADA",1,"2024/02/02 05:35:00","WAUBRAWF","141.6940",NA,NA,NA
"D","DISPATCH","UNIT_SCADA",1,"2024/02/02 05:35:00","WOOLNTH1","125.440002",NA,NA,NA
"D","DISPATCH","UNIT_SCADA",1,"2024/02/02 05:35:00","YAMBUKWF","10.10",NA,NA,NA
"D","DISPATCH","UNIT_SCADA",1,"2024/02/02 05:35:00","YSWF1","15.80",NA,NA,NA
"D","DISPATCH","UNIT_SCADA",1,"2024/02/02 05:40:00","BARCSF1","0",NA,NA,NA
"D","DISPATCH","UNIT_SCADA",1,"2024/02/02 05:40:00","BUTLERSG","8.999998",NA,NA,NA
"D","DISPATCH","UNIT_SCADA",1,"2024/02/02 05:40:00","BWTR1","14.690120",NA,NA,NA
"D","DISPATCH","UNIT_SCADA",1,"2024/02/02 05:40:00","CAPTL_WF","33.227070",NA,NA,NA
"D","DISPATCH","UNIT_SCADA",1,"2024/02/01 14:20:00","BARCSF1","13.400001",NA,NA,NA
"D","DISPATCH","UNIT_SCADA",1,"2024/02/01 14:20:00","BUTLERSG","8.999998",NA,NA,NA
"D","DISPATCH","UNIT_SCADA",1,"2024/02/01 14:20:00","BWTR1","14.232840",NA,NA,NA
"D","DISPATCH","UNIT_SCADA",1,"2024/02/01 14:20:00","CAPTL_WF","49.805450",NA,NA,NA
"D","DISPATCH","UNIT_SCADA",1,"2024/02/01 14:20:00","CHALLHWF","18.700001",NA,NA,NA
"D","DISPATCH","UNIT_SCADA",1,"2024/02/01 14:20:00","CLOVER","-0.01",NA,NA,NA
"D","DISPATCH","UNIT_SCADA",1,"2024/02/01 14:20:00","CLUNY","2.248112",NA,NA,NA
"D","DISPATCH","UNIT_SCADA",1,"2024/02/01 14:20:00","CONDONG1","-0.94",NA,NA,NA
"D","DISPATCH","UNIT_SCADA",1,"2024/02/01 14:20:00","CULLRGWF","19.799999",NA,NA,NA
"D","DISPATCH","UNIT_SCADA",1,"2024/02/01 14:20:00","DIAPURWF1","0",NA,NA,NA
"D","DISPATCH","UNIT_SCADA",1,"2024/02/01 14:20:00","ERGT01","0",NA,NA,NA
"D","DISPATCH","UNIT_SCADA",1,"2024/02/01 14:20:00","GB01","0",NA,NA,NA
"D","DISPATCH","UNIT_SCADA",1,"2024/02/01 14:20:00","GERMCRK","15.3410",NA,NA,NA
"D","DISPATCH","UNIT_SCADA",1,"2024/02/01 14:20:00","GRIFSF1","27.020075",NA,NA,NA
"D","DISPATCH","UNIT_SCADA",1,"2024/02/01 14:20:00","HUGSF1","2.3140",NA,NA,NA
"D","DISPATCH","UNIT_SCADA",1,"2024/02/01 14:20:00","KEPBG1","0",NA,NA,NA
"D","DISPATCH","UNIT_SCADA",1,"2024/02/01 14:20:00","LRSF1","3.3130",NA,NA,NA
"D","DISPATCH","UNIT_SCADA",1,"2024/02/01 14:20:00","MBAHNTH","51.675003",NA,NA,NA
"D","DISPATCH","UNIT_SCADA",1,"2024/02/01 14:20:00","MLSP1","10.077001",NA,NA,NA
"D","DISPATCH","UNIT_SCADA",1,"2024/02/01 14:20:00","MLWF1","14.0550",NA,NA,NA
"D","DISPATCH","UNIT_SCADA",1,"2024/02/01 14:20:00","PALOONA","6.95",NA,NA,NA
"D","DISPATCH","UNIT_SCADA",1,"2024/02/01 14:20:00","PIONEER","-0.70",NA,NA,NA
"D","DISPATCH","UNIT_SCADA",1,"2024/02/01 14:20:00","PORTWF","105.50",NA,NA,NA
"D","DISPATCH","UNIT_SCADA",1,"2024/02/01 14:20:00","REPULSE","3.320973",NA,NA,NA
"D","DISPATCH","UNIT_SCADA",1,"2024/02/01 14:20:00","ROWALLAN","0",NA,NA,NA
"D","DISPATCH","UNIT_SCADA",1,"2024/02/01 14:20:00","ROYALLA1","14.756001",NA,NA,NA
"D","DISPATCH","UNIT_SCADA",1,"2024/02/01 14:20:00","RPCG","-1.60",NA,NA,NA
"D","DISPATCH","UNIT_SCADA",1,"2024/02/01 14:20:00","RUBICON","0.81",NA,NA,NA
"D","DISPATCH","UNIT_SCADA",1,"2024/02/01 14:20:00","SHOAL1","0",NA,NA,NA
"D","DISPATCH","UNIT_SCADA",1,"2024/02/01 14:20:00","WAUBRAWF","0",NA,NA,NA
"D","DISPATCH","UNIT_SCADA",1,"2024/02/01 14:20:00","WOOLNTH1","130.089996",NA,NA,NA
"D","DISPATCH","UNIT_SCADA",1,"2024/02/01 14:20:00","YAMBUKWF","22.60",NA,NA,NA
"D","DISPATCH","UNIT_SCADA",1,"2024/02/01 14:20:00","YSWF1","19.200001",NA,NA,NA
"D","DISPATCH","UNIT_SCADA",1,"2024/02/01 14:25:00","BARCSF1","13.400001",NA,NA,NA
"D","DISPATCH","UNIT_SCADA",1,"2024/02/01 14:25:00","BUTLERSG","9.099998",NA,NA,NA
"D","DISPATCH","UNIT_SCADA",1,"2024/02/01 14:25:00","BWTR1","14.232840",NA,NA,NA
"D","DISPATCH","UNIT_SCADA",1,"2024/02/01 14:25:00","CAPTL_WF","49.348412",NA,NA,NA
"D","DISPATCH","UNIT_SCADA",1,"2024/02/01 14:25:00","CHALLHWF","16.10",NA,NA,NA
"D","DISPATCH","UNIT_SCADA",1,"2024/02/01 14:25:00","CLOVER","-0.01",NA,NA,NA
"D","DISPATCH","UNIT_SCADA",1,"2024/02/01 14:25:00","CLUNY","2.747997",NA,NA,NA
"D","DISPATCH","UNIT_SCADA",1,"2024/02/01 14:25:00","CONDONG1","-0.92",NA,NA,NA
"D","DISPATCH","UNIT_SCADA",1,"2024/02/01 14:25:00","CULLRGWF","13.69",NA,NA,NA
"D","DISPATCH","UNIT_SCADA",1,"2024/02/01 14:25:00","DIAPURWF1","0",NA,NA,NA
"D","DISPATCH","UNIT_SCADA",1,"2024/02/01 14:25:00","ERGT01","0",NA,NA,NA
"D","DISPATCH","UNIT_SCADA",1,"2024/02/01 14:25:00","GB01","0",NA,NA,NA
"D","DISPATCH","UNIT_SCADA",1,"2024/02/01 14:25:00","GERMCRK","15.9010",NA,NA,NA
"D","DISPATCH","UNIT_SCADA",1,"2024/02/01 14:25:00","GRIFSF1","27.025730",NA,NA,NA
"D","DISPATCH","UNIT_SCADA",1,"2024/02/01 14:25:00","HUGSF1","2.8970",NA,NA,NA
"D","DISPATCH","UNIT_SCADA",1,"2024/02/01 14:25:00","KEPBG1","0",NA,NA,NA
"D","DISPATCH","UNIT_SCADA",1,"2024/02/01 14:25:00","LRSF1","10.0340",NA,NA,NA
"D","DISPATCH","UNIT_SCADA",1,"2024/02/01 14:25:00","MBAHNTH","51.787491",NA,NA,NA
"D","DISPATCH","UNIT_SCADA",1,"2024/02/01 14:25:00","MLSP1","10.0270",NA,NA,NA
"D","DISPATCH","UNIT_SCADA",1,"2024/02/01 14:25:00","MLWF1","14.4750",NA,NA,NA
"D","DISPATCH","UNIT_SCADA",1,"2024/02/01 14:25:00","PALOONA","7.03",NA,NA,NA
"D","DISPATCH","UNIT_SCADA",1,"2024/02/01 14:25:00","PIONEER","-0.90",NA,NA,NA
"D","DISPATCH","UNIT_SCADA",1,"2024/02/01 14:25:00","PORTWF","99.699997",NA,NA,NA
"D","DISPATCH","UNIT_SCADA",1,"2024/02/01 14:25:00","REPULSE","3.860533",NA,NA,NA
"D","DISPATCH","UNIT_SCADA",1,"2024/02/01 14:25:00","ROWALLAN","0",NA,NA,NA
"D","DISPATCH","UNIT_SCADA",1,"2024/02/01 14:25:00","ROYALLA1","14.561001",NA,NA,NA
"D","DISPATCH","UNIT_SCADA",1,"2024/02/01 14:25:00","RPCG","-1.60",NA,NA,NA
"D","DISPATCH","UNIT_SCADA",1,"2024/02/01 14:25:00","RUBICON","0.81",NA,NA,NA
"D","DISPATCH","UNIT_SCADA",1,"2024/02/01 14:25:00","SHOAL1","0",NA,NA,NA
"D","DISPATCH","UNIT_SCADA",1,"2024/02/01 14:25:00","WAUBRAWF","0",NA,NA,NA
"D","DISPATCH","UNIT_SCADA",1,"2024/02/01 14:25:00","WOOLNTH1","129.009995",NA,NA,NA
"D","DISPATCH","UNIT_SCADA",1,"2024/02/01 14:25:00","YAMBUKWF","20.799999",NA,NA,NA
"D","DISPATCH","UNIT_SCADA",1,"2024/02/01 14:25:00","YSWF1","24.700001",NA,NA,NA
"D","DISPATCH","UNIT_SCADA",1,"2024/02/01 14:40:00","BARCSF1","13.400001",NA,NA,NA
"D","DISPATCH","UNIT_SCADA",1,"2024/02/01 14:40:00","BUTLERSG","8.999998",NA,NA,NA
"D","DISPATCH","UNIT_SCADA",1,"2024/02/01 14:40:00","BWTR1","14.5758",NA,NA,NA
"D","DISPATCH","UNIT_SCADA",1,"2024/02/01 14:40:00","CAPTL_WF","52.293766",NA,NA,NA
"D","DISPATCH","UNIT_SCADA",1,"2024/02/01 14:40:00","CHALLHWF","20",NA,NA,NA
"D","DISPATCH","UNIT_SCADA",1,"2024/02/01 14:40:00","CLOVER","-0.01",NA,NA,NA
"D","DISPATCH","UNIT_SCADA",1,"2024/02/01 14:40:00","CLUNY","2.138247",NA,NA,NA
"D","DISPATCH","UNIT_SCADA",1,"2024/02/01 14:40:00","CONDONG1","-1",NA,NA,NA
"D","DISPATCH","UNIT_SCADA",1,"2024/02/01 14:40:00","CULLRGWF","16.48",NA,NA,NA
"D","DISPATCH","UNIT_SCADA",1,"2024/02/01 14:40:00","DIAPURWF1","0",NA,NA,NA
"D","DISPATCH","UNIT_SCADA",1,"2024/02/01 14:40:00","ERGT01","0",NA,NA,NA
"D","DISPATCH","UNIT_SCADA",1,"2024/02/01 14:40:00","GB01","0",NA,NA,NA
"D","DISPATCH","UNIT_SCADA",1,"2024/02/01 14:40:00","GERMCRK","16.134001",NA,NA,NA
"D","DISPATCH","UNIT_SCADA",1,"2024/02/01 14:40:00","GRIFSF1","27.012535",NA,NA,NA
"D","DISPATCH","UNIT_SCADA",1,"2024/02/01 14:40:00","HUGSF1","6.8290",NA,NA,NA
"D","DISPATCH","UNIT_SCADA",1,"2024/02/01 14:40:00","KEPBG1","0",NA,NA,NA
"D","DISPATCH","UNIT_SCADA",1,"2024/02/01 14:40:00","LRSF1","7.183001",NA,NA,NA
"D","DISPATCH","UNIT_SCADA",1,"2024/02/01 14:40:00","MBAHNTH","51.300003",NA,NA,NA
"D","DISPATCH","UNIT_SCADA",1,"2024/02/01 14:40:00","MLSP1","9.674001",NA,NA,NA
"D","DISPATCH","UNIT_SCADA",1,"2024/02/01 14:40:00","MLWF1","13.6350",NA,NA,NA
"D","DISPATCH","UNIT_SCADA",1,"2024/02/01 14:40:00","PALOONA","7.01",NA,NA,NA
"D","DISPATCH","UNIT_SCADA",1,"2024/02/01 14:40:00","PIONEER","-0.70",NA,NA,NA
"D","DISPATCH","UNIT_SCADA",1,"2024/02/01 14:40:00","PORTWF","105.400002",NA,NA,NA
"D","DISPATCH","UNIT_SCADA",1,"2024/02/01 14:40:00","REPULSE","3.174487",NA,NA,NA
"D","DISPATCH","UNIT_SCADA",1,"2024/02/01 14:40:00","ROWALLAN","0",NA,NA,NA
"D","DISPATCH","UNIT_SCADA",1,"2024/02/01 14:40:00","ROYALLA1","11.6190",NA,NA,NA
"D","DISPATCH","UNIT_SCADA",1,"2024/02/01 14:40:00","RPCG","-1.60",NA,NA,NA
"D","DISPATCH","UNIT_SCADA",1,"2024/02/01 14:40:00","RUBICON","0.81",NA,NA,NA
"D","DISPATCH","UNIT_SCADA",1,"2024/02/01 14:40:00","SHOAL1","0",NA,NA,NA
"D","DISPATCH","UNIT_SCADA",1,"2024/02/01 14:40:00","WAUBRAWF","0",NA,NA,NA
"D","DISPATCH","UNIT_SCADA",1,"2024/02/01 14:40:00","WOOLNTH1","130.779999",NA,NA,NA
"D","DISPATCH","UNIT_SCADA",1,"2024/02/01 14:40:00","YAMBUKWF","22.700001",NA,NA,NA
"D","DISPATCH","UNIT_SCADA",1,"2024/02/01 14:40:00","YSWF1","20.40",NA,NA,NA
"D","DISPATCH","UNIT_SCADA",1,"2024/02/01 14:45:00","BARCSF1","13.400001",NA,NA,NA
"D","DISPATCH","UNIT_SCADA",1,"2024/02/01 14:45:00","BUTLERSG","9.099998",NA,NA,NA
"D","DISPATCH","UNIT_SCADA",1,"2024/02/01 14:45:00","BWTR1","14.5758",NA,NA,NA
"D","DISPATCH","UNIT_SCADA",1,"2024/02/01 14:45:00","CAPTL_WF","49.020279",NA,NA,NA
"D","DISPATCH","UNIT_SCADA",1,"2024/02/01 14:45:00","CHALLHWF","18.60",NA,NA,NA
"D","DISPATCH","UNIT_SCADA",1,"2024/02/01 14:45:00","CLOVER","-0.02",NA,NA,NA
"D","DISPATCH","UNIT_SCADA",1,"2024/02/01 14:45:00","CLUNY","2.205081",NA,NA,NA
"D","DISPATCH","UNIT_SCADA",1,"2024/02/01 14:45:00","CONDONG1","-0.85",NA,NA,NA
"D","DISPATCH","UNIT_SCADA",1,"2024/02/01 14:45:00","CULLRGWF","19.65",NA,NA,NA
"D","DISPATCH","UNIT_SCADA",1,"2024/02/01 14:45:00","DIAPURWF1","0",NA,NA,NA
"D","DISPATCH","UNIT_SCADA",1,"2024/02/01 14:45:00","ERGT01","0",NA,NA,NA
"D","DISPATCH","UNIT_SCADA",1,"2024/02/01 14:45:00","GB01","0",NA,NA,NA
"D","DISPATCH","UNIT_SCADA",1,"2024/02/01 14:45:00","GERMCRK","15.9150",NA,NA,NA
"D","DISPATCH","UNIT_SCADA",1,"2024/02/01 14:45:00","GRIFSF1","27.020075",NA,NA,NA
"D","DISPATCH","UNIT_SCADA",1,"2024/02/01 14:45:00","HUGSF1","9.8350",NA,NA,NA
"D","DISPATCH","UNIT_SCADA",1,"2024/02/01 14:45:00","KEPBG1","0",NA,NA,NA
"D","DISPATCH","UNIT_SCADA",1,"2024/02/01 14:45:00","LRSF1","10.023001",NA,NA,NA
"D","DISPATCH","UNIT_SCADA",1,"2024/02/01 14:45:00","MBAHNTH","51.449997",NA,NA,NA
"D","DISPATCH","UNIT_SCADA",1,"2024/02/01 14:45:00","MLSP1","9.521001",NA,NA,NA
"D","DISPATCH","UNIT_SCADA",1,"2024/02/01 14:45:00","MLWF1","14.40",NA,NA,NA
"D","DISPATCH","UNIT_SCADA",1,"2024/02/01 14:45:00","PALOONA","6.97",NA,NA,NA
"D","DISPATCH","UNIT_SCADA",1,"2024/02/01 14:45:00","PIONEER","-0.90",NA,NA,NA
"D","DISPATCH","UNIT_SCADA",1,"2024/02/01 14:45:00","PORTWF","104.300003",NA,NA,NA
"D","DISPATCH","UNIT_SCADA",1,"2024/02/01 14:45:00","REPULSE","3.396658",NA,NA,NA
"D","DISPATCH","UNIT_SCADA",1,"2024/02/01 14:45:00","ROWALLAN","0",NA,NA,NA
"D","DISPATCH","UNIT_SCADA",1,"2024/02/01 14:45:00","ROYALLA1","5.5940",NA,NA,NA
"D","DISPATCH","UNIT_SCADA",1,"2024/02/01 14:45:00","RPCG","-1.60",NA,NA,NA
"D","DISPATCH","UNIT_SCADA",1,"2024/02/01 14:45:00","RUBICON","0.81",NA,NA,NA
"D","DISPATCH","UNIT_SCADA",1,"2024/02/01 14:45:00","SHOAL1","0",NA,NA,NA
"D","DISPATCH","UNIT_SCADA",1,"2024/02/01 14:45:00","WAUBRAWF","0",NA,NA,NA
"D","DISPATCH","UNIT_SCADA",1,"2024/02/01 14:45:00","WOOLNTH1","126.82",NA,NA,NA
"D","DISPATCH","UNIT_SCADA",1,"2024/02/01 14:45:00","YAMBUKWF","23.799999",NA,NA,NA
"D","DISPATCH","UNIT_SCADA",1,"2024/02/01 14:45:00","YSWF1","23.10",NA,NA,NA
"D","DISPATCH","UNIT_SCADA",1,"2024/02/01 15:05:00","BARCSF1","13.400001",NA,NA,NA
"D","DISPATCH","UNIT_SCADA",1,"2024/02/01 15:05:00","BUTLERSG","9.099998",NA,NA,NA
"D","DISPATCH","UNIT_SCADA",1,"2024/02/01 15:05:00","BWTR1","14.5758",NA,NA,NA
"D","DISPATCH","UNIT_SCADA",1,"2024/02/01 15:05:00","CAPTL_WF","48.953873",NA,NA,NA
"D","DISPATCH","UNIT_SCADA",1,"2024/02/01 15:05:00","CHALLHWF","18.90",NA,NA,NA
"D","DISPATCH","UNIT_SCADA",1,"2024/02/01 15:05:00","CLOVER","-0.01",NA,NA,NA
"D","DISPATCH","UNIT_SCADA",1,"2024/02/01 15:05:00","CLUNY","2.219730",NA,NA,NA
"D","DISPATCH","UNIT_SCADA",1,"2024/02/01 15:05:00","CONDONG1","-0.83",NA,NA,NA
"D","DISPATCH","UNIT_SCADA",1,"2024/02/01 15:05:00","CULLRGWF","20.73",NA,NA,NA
"D","DISPATCH","UNIT_SCADA",1,"2024/02/01 15:05:00","DIAPURWF1","0",NA,NA,NA
"D","DISPATCH","UNIT_SCADA",1,"2024/02/01 15:05:00","ERGT01","0",NA,NA,NA
"D","DISPATCH","UNIT_SCADA",1,"2024/02/01 15:05:00","GB01","0",NA,NA,NA
"D","DISPATCH","UNIT_SCADA",1,"2024/02/01 15:05:00","GERMCRK","16.372999",NA,NA,NA
"D","DISPATCH","UNIT_SCADA",1,"2024/02/01 15:05:00","GRIFSF1","27.025730",NA,NA,NA
"D","DISPATCH","UNIT_SCADA",1,"2024/02/01 15:05:00","HUGSF1","2.3450",NA,NA,NA
"D","DISPATCH","UNIT_SCADA",1,"2024/02/01 15:05:00","KEPBG1","0",NA,NA,NA
"D","DISPATCH","UNIT_SCADA",1,"2024/02/01 15:05:00","LRSF1","10.0530",NA,NA,NA
"D","DISPATCH","UNIT_SCADA",1,"2024/02/01 15:05:00","MBAHNTH","51.918747",NA,NA,NA
"D","DISPATCH","UNIT_SCADA",1,"2024/02/01 15:05:00","MLSP1","8.9180",NA,NA,NA
"D","DISPATCH","UNIT_SCADA",1,"2024/02/01 15:05:00","MLWF1","12.495001",NA,NA,NA
"D","DISPATCH","UNIT_SCADA",1,"2024/02/01 15:05:00","PALOONA","7.88",NA,NA,NA
"D","DISPATCH","UNIT_SCADA",1,"2024/02/01 15:05:00","PIONEER","-0.80",NA,NA,NA
"D","DISPATCH","UNIT_SCADA",1,"2024/02/01 15:05:00","PORTWF","103.599998",NA,NA,NA
"D","DISPATCH","UNIT_SCADA",1,"2024/02/01 15:05:00","REPULSE","3.009690",NA,NA,NA
"D","DISPATCH","UNIT_SCADA",1,"2024/02/01 15:05:00","ROWALLAN","0",NA,NA,NA
"D","DISPATCH","UNIT_SCADA",1,"2024/02/01 15:05:00","ROYALLA1","12.9940",NA,NA,NA
"D","DISPATCH","UNIT_SCADA",1,"2024/02/01 15:05:00","RPCG","-1.60",NA,NA,NA
"D","DISPATCH","UNIT_SCADA",1,"2024/02/01 15:05:00","RUBICON","0.81",NA,NA,NA
"D","DISPATCH","UNIT_SCADA",1,"2024/02/01 15:05:00","SHOAL1","11.9250",NA,NA,NA
"D","DISPATCH","UNIT_SCADA",1,"2024/02/01 15:05:00","WAUBRAWF","0",NA,NA,NA
"D","DISPATCH","UNIT_SCADA",1,"2024/02/01 15:05:00","WOOLNTH1","132.429993",NA,NA,NA
"D","DISPATCH","UNIT_SCADA",1,"2024/02/01 15:05:00","YAMBUKWF","23.90",NA,NA,NA
"D","DISPATCH","UNIT_SCADA",1,"2024/02/01 15:05:00","YSWF1","19.60",NA,NA,NA
"D","DISPATCH","UNIT_SCADA",1,"2024/02/01 15:35:00","BARCSF1","13.50",NA,NA,NA
"D","DISPATCH","UNIT_SCADA",1,"2024/02/01 15:35:00","BUTLERSG","9.099998",NA,NA,NA
"D","DISPATCH","UNIT_SCADA",1,"2024/02/01 15:35:00","BWTR1","14.175680",NA,NA,NA
"D","DISPATCH","UNIT_SCADA",1,"2024/02/01 15:35:00","CAPTL_WF","60.223579",NA,NA,NA
"D","DISPATCH","UNIT_SCADA",1,"2024/02/01 15:35:00","CHALLHWF","20.400002",NA,NA,NA
"D","DISPATCH","UNIT_SCADA",1,"2024/02/01 15:35:00","CLOVER","-0.02",NA,NA,NA
"D","DISPATCH","UNIT_SCADA",1,"2024/02/01 15:35:00","CLUNY","2.166629",NA,NA,NA
"D","DISPATCH","UNIT_SCADA",1,"2024/02/01 15:35:00","CONDONG1","-0.81",NA,NA,NA
"D","DISPATCH","UNIT_SCADA",1,"2024/02/01 15:35:00","CULLRGWF","20.120001",NA,NA,NA
"D","DISPATCH","UNIT_SCADA",1,"2024/02/01 15:35:00","DIAPURWF1","0",NA,NA,NA
"D","DISPATCH","UNIT_SCADA",1,"2024/02/01 15:35:00","ERGT01","0",NA,NA,NA
"D","DISPATCH","UNIT_SCADA",1,"2024/02/01 15:35:00","GB01","0",NA,NA,NA
"D","DISPATCH","UNIT_SCADA",1,"2024/02/01 15:35:00","GERMCRK","15.2810",NA,NA,NA
"D","DISPATCH","UNIT_SCADA",1,"2024/02/01 15:35:00","GRIFSF1","27.020075",NA,NA,NA
"D","DISPATCH","UNIT_SCADA",1,"2024/02/01 15:35:00","HUGSF1","4.2360",NA,NA,NA
"D","DISPATCH","UNIT_SCADA",1,"2024/02/01 15:35:00","KEPBG1","0",NA,NA,NA
"D","DISPATCH","UNIT_SCADA",1,"2024/02/01 15:35:00","LRSF1","9.2860",NA,NA,NA
"D","DISPATCH","UNIT_SCADA",1,"2024/02/01 15:35:00","MBAHNTH","51.618744",NA,NA,NA
"D","DISPATCH","UNIT_SCADA",1,"2024/02/01 15:35:00","MLSP1","7.9630",NA,NA,NA
"D","DISPATCH","UNIT_SCADA",1,"2024/02/01 15:35:00","MLWF1","13.23",NA,NA,NA
"D","DISPATCH","UNIT_SCADA",1,"2024/02/01 15:35:00","PALOONA","8.86",NA,NA,NA
"D","DISPATCH","UNIT_SCADA",1,"2024/02/01 15:35:00","PIONEER","-0.80",NA,NA,NA
"D","DISPATCH","UNIT_SCADA",1,"2024/02/01 15:35:00","PORTWF","106.300003",NA,NA,NA
"D","DISPATCH","UNIT_SCADA",1,"2024/02/01 15:35:00","REPULSE","3.194018",NA,NA,NA
"D","DISPATCH","UNIT_SCADA",1,"2024/02/01 15:35:00","ROWALLAN","0",NA,NA,NA
"D","DISPATCH","UNIT_SCADA",1,"2024/02/01 15:35:00","ROYALLA1","11.3850",NA,NA,NA
"D","DISPATCH","UNIT_SCADA",1,"2024/02/01 15:35:00","RPCG","-1.60",NA,NA,NA
"D","DISPATCH","UNIT_SCADA",1,"2024/02/01 15:35:00","RUBICON","0.81",NA,NA,NA
"D","DISPATCH","UNIT_SCADA",1,"2024/02/01 15:35:00","SHOAL1","19.9750",NA,NA,NA
"D","DISPATCH","UNIT_SCADA",1,"2024/02/01 15:35:00","WAUBRAWF","0",NA,NA,NA
"D","DISPATCH","UNIT_SCADA",1,"2024/02/01 15:35:00","WOOLNTH1","129.619995",NA,NA,NA
"D","DISPATCH","UNIT_SCADA",1,"2024/02/01 15:35:00","YAMBUKWF","25.799999",NA,NA,NA
"D","DISPATCH","UNIT_SCADA",1,"2024/02/01 15:35:00","YSWF1","16.799999",NA,NA,NA
"D","DISPATCH","UNIT_SCADA",1,"2024/02/01 16:40:00","BARCSF1","13.400001",NA,NA,NA
"D","DISPATCH","UNIT_SCADA",1,"2024/02/01 16:40:00","BUTLERSG","9.099998",NA,NA,NA
"D","DISPATCH","UNIT_SCADA",1,"2024/02/01 16:40:00","BWTR1","14.118520",NA,NA,NA
"D","DISPATCH","UNIT_SCADA",1,"2024/02/01 16:40:00","CAPTL_WF","50.199986",NA,NA,NA
"D","DISPATCH","UNIT_SCADA",1,"2024/02/01 16:40:00","CHALLHWF","20.299999",NA,NA,NA
"D","DISPATCH","UNIT_SCADA",1,"2024/02/01 16:40:00","CLOVER","-0.01",NA,NA,NA
"D","DISPATCH","UNIT_SCADA",1,"2024/02/01 16:40:00","CLUNY","2.404669",NA,NA,NA
"D","DISPATCH","UNIT_SCADA",1,"2024/02/01 16:40:00","CONDONG1","-0.74",NA,NA,NA
"D","DISPATCH","UNIT_SCADA",1,"2024/02/01 16:40:00","CULLRGWF","0",NA,NA,NA
"D","DISPATCH","UNIT_SCADA",1,"2024/02/01 16:40:00","DIAPURWF1","0",NA,NA,NA
"D","DISPATCH","UNIT_SCADA",1,"2024/02/01 16:40:00","ERGT01","0",NA,NA,NA
"D","DISPATCH","UNIT_SCADA",1,"2024/02/01 16:40:00","GB01","0",NA,NA,NA
"D","DISPATCH","UNIT_SCADA",1,"2024/02/01 16:40:00","GERMCRK","16.0770",NA,NA,NA
"D","DISPATCH","UNIT_SCADA",1,"2024/02/01 16:40:00","GRIFSF1","26.903198",NA,NA,NA
"D","DISPATCH","UNIT_SCADA",1,"2024/02/01 16:40:00","HUGSF1","8.997001",NA,NA,NA
"D","DISPATCH","UNIT_SCADA",1,"2024/02/01 16:40:00","KEPBG1","0",NA,NA,NA
"D","DISPATCH","UNIT_SCADA",1,"2024/02/01 16:40:00","LRSF1","10.084001",NA,NA,NA
"D","DISPATCH","UNIT_SCADA",1,"2024/02/01 16:40:00","MBAHNTH","51.693756",NA,NA,NA
"D","DISPATCH","UNIT_SCADA",1,"2024/02/01 16:40:00","MLSP1","5.20",NA,NA,NA
"D","DISPATCH","UNIT_SCADA",1,"2024/02/01 16:40:00","MLWF1","14.280001",NA,NA,NA
"D","DISPATCH","UNIT_SCADA",1,"2024/02/01 16:40:00","PALOONA","9.889999",NA,NA,NA
"D","DISPATCH","UNIT_SCADA",1,"2024/02/01 16:40:00","PIONEER","-0.60",NA,NA,NA
"D","DISPATCH","UNIT_SCADA",1,"2024/02/01 16:40:00","PORTWF","101.900002",NA,NA,NA
"D","DISPATCH","UNIT_SCADA",1,"2024/02/01 16:40:00","REPULSE","3.225757",NA,NA,NA
"D","DISPATCH","UNIT_SCADA",1,"2024/02/01 16:40:00","ROWALLAN","0",NA,NA,NA
"D","DISPATCH","UNIT_SCADA",1,"2024/02/01 16:40:00","ROYALLA1","7.07",NA,NA,NA
"D","DISPATCH","UNIT_SCADA",1,"2024/02/01 16:40:00","RPCG","-1.60",NA,NA,NA
"D","DISPATCH","UNIT_SCADA",1,"2024/02/01 16:40:00","RUBICON","0.81",NA,NA,NA
"D","DISPATCH","UNIT_SCADA",1,"2024/02/01 16:40:00","SHOAL1","19.9750",NA,NA,NA
"D","DISPATCH","UNIT_SCADA",1,"2024/02/01 16:40:00","WAUBRAWF","0",NA,NA,NA
"D","DISPATCH","UNIT_SCADA",1,"2024/02/01 16:40:00","WOOLNTH1","124.419998",NA,NA,NA
"D","DISPATCH","UNIT_SCADA",1,"2024/02/01 16:40:00","YAMBUKWF","24",NA,NA,NA
"D","DISPATCH","UNIT_SCADA",1,"2024/02/01 16:40:00","YSWF1","22.10",NA,NA,NA
"D","DISPATCH","UNIT_SCADA",1,"2024/02/01 16:55:00","BARCSF1","13.400001",NA,NA,NA
"D","DISPATCH","UNIT_SCADA",1,"2024/02/01 16:55:00","BUTLERSG","9.099998",NA,NA,NA
"D","DISPATCH","UNIT_SCADA",1,"2024/02/01 16:55:00","BWTR1","14.8616",NA,NA,NA
"D","DISPATCH","UNIT_SCADA",1,"2024/02/01 16:55:00","CAPTL_WF","56.098511",NA,NA,NA
"D","DISPATCH","UNIT_SCADA",1,"2024/02/01 16:55:00","CHALLHWF","26.50",NA,NA,NA
"D","DISPATCH","UNIT_SCADA",1,"2024/02/01 16:55:00","CLOVER","-0.02",NA,NA,NA
"D","DISPATCH","UNIT_SCADA",1,"2024/02/01 16:55:00","CLUNY","2.133669",NA,NA,NA
"D","DISPATCH","UNIT_SCADA",1,"2024/02/01 16:55:00","CONDONG1","-0.73",NA,NA,NA
"D","DISPATCH","UNIT_SCADA",1,"2024/02/01 16:55:00","CULLRGWF","-0.12",NA,NA,NA
"D","DISPATCH","UNIT_SCADA",1,"2024/02/01 16:55:00","DIAPURWF1","0",NA,NA,NA
"D","DISPATCH","UNIT_SCADA",1,"2024/02/01 16:55:00","ERGT01","0",NA,NA,NA
"D","DISPATCH","UNIT_SCADA",1,"2024/02/01 16:55:00","GB01","0",NA,NA,NA
"D","DISPATCH","UNIT_SCADA",1,"2024/02/01 16:55:00","GERMCRK","14.9170",NA,NA,NA
"D","DISPATCH","UNIT_SCADA",1,"2024/02/01 16:55:00","GRIFSF1","26.026627",NA,NA,NA
"D","DISPATCH","UNIT_SCADA",1,"2024/02/01 16:55:00","HUGSF1","7.183001",NA,NA,NA
"D","DISPATCH","UNIT_SCADA",1,"2024/02/01 16:55:00","KEPBG1","0",NA,NA,NA
"D","DISPATCH","UNIT_SCADA",1,"2024/02/01 16:55:00","LRSF1","9.9820",NA,NA,NA
"D","DISPATCH","UNIT_SCADA",1,"2024/02/01 16:55:00","MBAHNTH","51.487503",NA,NA,NA
"D","DISPATCH","UNIT_SCADA",1,"2024/02/01 16:55:00","MLSP1","4.4460",NA,NA,NA
"D","DISPATCH","UNIT_SCADA",1,"2024/02/01 16:55:00","MLWF1","14.280001",NA,NA,NA
"D","DISPATCH","UNIT_SCADA",1,"2024/02/01 16:55:00","PALOONA","9.79",NA,NA,NA
"D","DISPATCH","UNIT_SCADA",1,"2024/02/01 16:55:00","PIONEER","-0.60",NA,NA,NA
"D","DISPATCH","UNIT_SCADA",1,"2024/02/01 16:55:00","PORTWF","107.699997",NA,NA,NA
"D","DISPATCH","UNIT_SCADA",1,"2024/02/01 16:55:00","REPULSE","3.345388",NA,NA,NA
"D","DISPATCH","UNIT_SCADA",1,"2024/02/01 16:55:00","ROWALLAN","0",NA,NA,NA
"D","DISPATCH","UNIT_SCADA",1,"2024/02/01 16:55:00","ROYALLA1","5.95",NA,NA,NA
"D","DISPATCH","UNIT_SCADA",1,"2024/02/01 16:55:00","RPCG","-1.60",NA,NA,NA
"D","DISPATCH","UNIT_SCADA",1,"2024/02/01 16:55:00","RUBICON","0.81",NA,NA,NA
"D","DISPATCH","UNIT_SCADA",1,"2024/02/01 16:55:00","SHOAL1","19.924999",NA,NA,NA
"D","DISPATCH","UNIT_SCADA",1,"2024/02/01 16:55:00","WAUBRAWF","151.313995",NA,NA,NA
"D","DISPATCH","UNIT_SCADA",1,"2024/02/01 16:55:00","WOOLNTH1","125.239990",NA,NA,NA
"D","DISPATCH","UNIT_SCADA",1,"2024/02/01 16:55:00","YAMBUKWF","23.200001",NA,NA,NA
"D","DISPATCH","UNIT_SCADA",1,"2024/02/01 16:55:00","YSWF1","28",NA,NA,NA
"D","DISPATCH","UNIT_SCADA",1,"2024/02/01 17:15:00","BARCSF1","13.400001",NA,NA,NA
"D","DISPATCH","UNIT_SCADA",1,"2024/02/01 17:15:00","BUTLERSG","9.099998",NA,NA,NA
"D","DISPATCH","UNIT_SCADA",1,"2024/02/01 17:15:00","BWTR1","14.8616",NA,NA,NA
"D","DISPATCH","UNIT_SCADA",1,"2024/02/01 17:15:00","CAPTL_WF","66.911179",NA,NA,NA
"D","DISPATCH","UNIT_SCADA",1,"2024/02/01 17:15:00","CHALLHWF","26.599998",NA,NA,NA
"D","DISPATCH","UNIT_SCADA",1,"2024/02/01 17:15:00","CLOVER","-0.01",NA,NA,NA
"D","DISPATCH","UNIT_SCADA",1,"2024/02/01 17:15:00","CLUNY","2.276494",NA,NA,NA
"D","DISPATCH","UNIT_SCADA",1,"2024/02/01 17:15:00","CONDONG1","-0.73",NA,NA,NA
"D","DISPATCH","UNIT_SCADA",1,"2024/02/01 17:15:00","CULLRGWF","10.22",NA,NA,NA
"D","DISPATCH","UNIT_SCADA",1,"2024/02/01 17:15:00","DIAPURWF1","0",NA,NA,NA
"D","DISPATCH","UNIT_SCADA",1,"2024/02/01 17:15:00","ERGT01","0",NA,NA,NA
"D","DISPATCH","UNIT_SCADA",1,"2024/02/01 17:15:00","GB01","0",NA,NA,NA
"D","DISPATCH","UNIT_SCADA",1,"2024/02/01 17:15:00","GERMCRK","15.0650",NA,NA,NA
"D","DISPATCH","UNIT_SCADA",1,"2024/02/01 17:15:00","GRIFSF1","24.837130",NA,NA,NA
"D","DISPATCH","UNIT_SCADA",1,"2024/02/01 17:15:00","HUGSF1","5.8010",NA,NA,NA
"D","DISPATCH","UNIT_SCADA",1,"2024/02/01 17:15:00","KEPBG1","0",NA,NA,NA
"D","DISPATCH","UNIT_SCADA",1,"2024/02/01 17:15:00","LRSF1","9.9820",NA,NA,NA
"D","DISPATCH","UNIT_SCADA",1,"2024/02/01 17:15:00","MBAHNTH","48.75",NA,NA,NA
"D","DISPATCH","UNIT_SCADA",1,"2024/02/01 17:15:00","MLSP1","3.3920",NA,NA,NA
"D","DISPATCH","UNIT_SCADA",1,"2024/02/01 17:15:00","MLWF1","12.75",NA,NA,NA
"D","DISPATCH","UNIT_SCADA",1,"2024/02/01 17:15:00","PALOONA","9.86",NA,NA,NA
"D","DISPATCH","UNIT_SCADA",1,"2024/02/01 17:15:00","PIONEER","-0.70",NA,NA,NA
"D","DISPATCH","UNIT_SCADA",1,"2024/02/01 17:15:00","PORTWF","89.699997",NA,NA,NA
"D","DISPATCH","UNIT_SCADA",1,"2024/02/01 17:15:00","REPULSE","2.970626",NA,NA,NA
"D","DISPATCH","UNIT_SCADA",1,"2024/02/01 10:10:00","WOOLNTH1","117.949997",NA,NA,NA
"D","DISPATCH","UNIT_SCADA",1,"2024/02/01 10:10:00","YAMBUKWF","15.30",NA,NA,NA
"D","DISPATCH","UNIT_SCADA",1,"2024/02/01 10:10:00","YSWF1","7.30",NA,NA,NA
"D","DISPATCH","UNIT_SCADA",1,"2024/02/01 10:20:00","BARCSF1","13.300001",NA,NA,NA
"D","DISPATCH","UNIT_SCADA",1,"2024/02/01 10:20:00","BUTLERSG","9.099998",NA,NA,NA
"D","DISPATCH","UNIT_SCADA",1,"2024/02/01 10:20:00","BWTR1","15.318880",NA,NA,NA
"D","DISPATCH","UNIT_SCADA",1,"2024/02/01 10:20:00","CAPTL_WF","0",NA,NA,NA
"D","DISPATCH","UNIT_SCADA",1,"2024/02/01 10:20:00","CHALLHWF","4.80",NA,NA,NA
"D","DISPATCH","UNIT_SCADA",1,"2024/02/01 10:20:00","CLOVER","-0.02",NA,NA,NA
"D","DISPATCH","UNIT_SCADA",1,"2024/02/01 10:20:00","CLUNY","2.281071",NA,NA,NA
"D","DISPATCH","UNIT_SCADA",1,"2024/02/01 10:20:00","CONDONG1","-0.96",NA,NA,NA
"D","DISPATCH","UNIT_SCADA",1,"2024/02/01 10:20:00","CULLRGWF","4.54",NA,NA,NA
"D","DISPATCH","UNIT_SCADA",1,"2024/02/01 10:20:00","DIAPURWF1","0",NA,NA,NA
"D","DISPATCH","UNIT_SCADA",1,"2024/02/01 10:20:00","ERGT01","0",NA,NA,NA
"D","DISPATCH","UNIT_SCADA",1,"2024/02/01 10:20:00","GB01","0",NA,NA,NA
"D","DISPATCH","UNIT_SCADA",1,"2024/02/01 10:20:00","GERMCRK","10.3120",NA,NA,NA
"D","DISPATCH","UNIT_SCADA",1,"2024/02/01 10:20:00","GRIFSF1","27.020075",NA,NA,NA
"D","DISPATCH","UNIT_SCADA",1,"2024/02/01 10:20:00","HUGSF1","7.4240",NA,NA,NA
"D","DISPATCH","UNIT_SCADA",1,"2024/02/01 10:20:00","KEPBG1","0",NA,NA,NA
"D","DISPATCH","UNIT_SCADA",1,"2024/02/01 10:20:00","LRSF1","10.0670",NA,NA,NA
"D","DISPATCH","UNIT_SCADA",1,"2024/02/01 10:20:00","MBAHNTH","50.643753",NA,NA,NA
"D","DISPATCH","UNIT_SCADA",1,"2024/02/01 10:20:00","MLSP1","10.523001",NA,NA,NA
"D","DISPATCH","UNIT_SCADA",1,"2024/02/01 10:20:00","MLWF1","9.2250",NA,NA,NA
"D","DISPATCH","UNIT_SCADA",1,"2024/02/01 10:20:00","PALOONA","0",NA,NA,NA
"D","DISPATCH","UNIT_SCADA",1,"2024/02/01 10:20:00","PIONEER","-0.80",NA,NA,NA
"D","DISPATCH","UNIT_SCADA",1,"2024/02/01 10:20:00","PORTWF","92.300003",NA,NA,NA
"D","DISPATCH","UNIT_SCADA",1,"2024/02/01 10:20:00","REPULSE","2.996262",NA,NA,NA
"D","DISPATCH","UNIT_SCADA",1,"2024/02/01 10:20:00","ROWALLAN","0",NA,NA,NA
"D","DISPATCH","UNIT_SCADA",1,"2024/02/01 10:20:00","ROYALLA1","15.73",NA,NA,NA
"D","DISPATCH","UNIT_SCADA",1,"2024/02/01 10:20:00","RPCG","-1.60",NA,NA,NA
"D","DISPATCH","UNIT_SCADA",1,"2024/02/01 10:20:00","RUBICON","0.81",NA,NA,NA
"D","DISPATCH","UNIT_SCADA",1,"2024/02/01 10:20:00","SHOAL1","0",NA,NA,NA
"D","DISPATCH","UNIT_SCADA",1,"2024/02/01 10:20:00","WAUBRAWF","63.978001",NA,NA,NA
"D","DISPATCH","UNIT_SCADA",1,"2024/02/01 10:20:00","WOOLNTH1","119.089996",NA,NA,NA
"D","DISPATCH","UNIT_SCADA",1,"2024/02/01 10:20:00","YAMBUKWF","11.40",NA,NA,NA
"D","DISPATCH","UNIT_SCADA",1,"2024/02/01 10:20:00","YSWF1","7.80",NA,NA,NA
"D","DISPATCH","UNIT_SCADA",1,"2024/02/01 10:25:00","BARCSF1","13.60",NA,NA,NA
"D","DISPATCH","UNIT_SCADA",1,"2024/02/01 10:25:00","BUTLERSG","9.099998",NA,NA,NA
"D","DISPATCH","UNIT_SCADA",1,"2024/02/01 10:25:00","BWTR1","15.318880",NA,NA,NA
"D","DISPATCH","UNIT_SCADA",1,"2024/02/01 10:25:00","CAPTL_WF","0",NA,NA,NA
"D","DISPATCH","UNIT_SCADA",1,"2024/02/01 10:25:00","CHALLHWF","4.80",NA,NA,NA
"D","DISPATCH","UNIT_SCADA",1,"2024/02/01 10:25:00","CLOVER","-0.01",NA,NA,NA
"D","DISPATCH","UNIT_SCADA",1,"2024/02/01 10:25:00","CLUNY","2.252689",NA,NA,NA
"D","DISPATCH","UNIT_SCADA",1,"2024/02/01 10:25:00","CONDONG1","-0.93",NA,NA,NA
"D","DISPATCH","UNIT_SCADA",1,"2024/02/01 10:25:00","CULLRGWF","5.48",NA,NA,NA
"D","DISPATCH","UNIT_SCADA",1,"2024/02/01 10:25:00","DIAPURWF1","0",NA,NA,NA
"D","DISPATCH","UNIT_SCADA",1,"2024/02/01 10:25:00","ERGT01","0",NA,NA,NA
"D","DISPATCH","UNIT_SCADA",1,"2024/02/01 10:25:00","GB01","0",NA,NA,NA
"D","DISPATCH","UNIT_SCADA",1,"2024/02/01 10:25:00","GERMCRK","10.4190",NA,NA,NA
"D","DISPATCH","UNIT_SCADA",1,"2024/02/01 10:25:00","GRIFSF1","27.012535",NA,NA,NA
"D","DISPATCH","UNIT_SCADA",1,"2024/02/01 10:25:00","HUGSF1","7.9170",NA,NA,NA
"D","DISPATCH","UNIT_SCADA",1,"2024/02/01 10:25:00","KEPBG1","0",NA,NA,NA
"D","DISPATCH","UNIT_SCADA",1,"2024/02/01 10:25:00","LRSF1","10.0670",NA,NA,NA
"D","DISPATCH","UNIT_SCADA",1,"2024/02/01 10:25:00","MBAHNTH","50.8125",NA,NA,NA
"D","DISPATCH","UNIT_SCADA",1,"2024/02/01 10:25:00","MLSP1","10.5740",NA,NA,NA
"D","DISPATCH","UNIT_SCADA",1,"2024/02/01 10:25:00","MLWF1","8.01",NA,NA,NA
"D","DISPATCH","UNIT_SCADA",1,"2024/02/01 10:25:00","PALOONA","0",NA,NA,NA
"D","DISPATCH","UNIT_SCADA",1,"2024/02/01 10:25:00","PIONEER","-0.80",NA,NA,NA
"D","DISPATCH","UNIT_SCADA",1,"2024/02/01 10:25:00","PORTWF","95.800003",NA,NA,NA
"D","DISPATCH","UNIT_SCADA",1,"2024/02/01 10:25:00","REPULSE","3.212329",NA,NA,NA
"D","DISPATCH","UNIT_SCADA",1,"2024/02/01 10:25:00","ROWALLAN","0",NA,NA,NA
"D","DISPATCH","UNIT_SCADA",1,"2024/02/01 10:25:00","ROYALLA1","15.911001",NA,NA,NA
"D","DISPATCH","UNIT_SCADA",1,"2024/02/01 10:25:00","RPCG","-1.60",NA,NA,NA
"D","DISPATCH","UNIT_SCADA",1,"2024/02/01 10:25:00","RUBICON","0.81",NA,NA,NA
"D","DISPATCH","UNIT_SCADA",1,"2024/02/01 10:25:00","SHOAL1","0",NA,NA,NA
"D","DISPATCH","UNIT_SCADA",1,"2024/02/01 10:25:00","WAUBRAWF","57.710999",NA,NA,NA
"D","DISPATCH","UNIT_SCADA",1,"2024/02/01 10:25:00","WOOLNTH1","120.029999",NA,NA,NA
"D","DISPATCH","UNIT_SCADA",1,"2024/02/01 10:25:00","YAMBUKWF","15.10",NA,NA,NA
"D","DISPATCH","UNIT_SCADA",1,"2024/02/01 10:25:00","YSWF1","6.80",NA,NA,NA
"D","DISPATCH","UNIT_SCADA",1,"2024/02/01 10:30:00","BARCSF1","13.60",NA,NA,NA
"D","DISPATCH","UNIT_SCADA",1,"2024/02/01 10:30:00","BUTLERSG","9.099998",NA,NA,NA
"D","DISPATCH","UNIT_SCADA",1,"2024/02/01 10:30:00","BWTR1","15.318880",NA,NA,NA
"D","DISPATCH","UNIT_SCADA",1,"2024/02/01 10:30:00","CAPTL_WF","0",NA,NA,NA
"D","DISPATCH","UNIT_SCADA",1,"2024/02/01 10:30:00","CHALLHWF","4.10",NA,NA,NA
"D","DISPATCH","UNIT_SCADA",1,"2024/02/01 10:30:00","CLOVER","-0.01",NA,NA,NA
"D","DISPATCH","UNIT_SCADA",1,"2024/02/01 10:30:00","CLUNY","2.162051",NA,NA,NA
"D","DISPATCH","UNIT_SCADA",1,"2024/02/01 10:30:00","CONDONG1","-0.91",NA,NA,NA
"D","DISPATCH","UNIT_SCADA",1,"2024/02/01 10:30:00","CULLRGWF","5.56",NA,NA,NA
"D","DISPATCH","UNIT_SCADA",1,"2024/02/01 10:30:00","DIAPURWF1","0",NA,NA,NA
"D","DISPATCH","UNIT_SCADA",1,"2024/02/01 10:30:00","ERGT01","0",NA,NA,NA
"D","DISPATCH","UNIT_SCADA",1,"2024/02/01 10:30:00","GB01","0",NA,NA,NA
"D","DISPATCH","UNIT_SCADA",1,"2024/02/01 10:30:00","GERMCRK","10.4580",NA,NA,NA
"D","DISPATCH","UNIT_SCADA",1,"2024/02/01 10:30:00","GRIFSF1","27.012535",NA,NA,NA
"D","DISPATCH","UNIT_SCADA",1,"2024/02/01 10:30:00","HUGSF1","8.5880",NA,NA,NA
"D","DISPATCH","UNIT_SCADA",1,"2024/02/01 10:30:00","KEPBG1","0",NA,NA,NA
"D","DISPATCH","UNIT_SCADA",1,"2024/02/01 10:30:00","LRSF1","10.0670",NA,NA,NA
"D","DISPATCH","UNIT_SCADA",1,"2024/02/01 10:30:00","MBAHNTH","50.212509",NA,NA,NA
"D","DISPATCH","UNIT_SCADA",1,"2024/02/01 10:30:00","MLSP1","10.6960",NA,NA,NA
"D","DISPATCH","UNIT_SCADA",1,"2024/02/01 10:30:00","MLWF1","6.3750",NA,NA,NA
"D","DISPATCH","UNIT_SCADA",1,"2024/02/01 10:30:00","PALOONA","0",NA,NA,NA
"D","DISPATCH","UNIT_SCADA",1,"2024/02/01 10:30:00","PIONEER","-0.80",NA,NA,NA
"D","DISPATCH","UNIT_SCADA",1,"2024/02/01 10:30:00","PORTWF","95.900002",NA,NA,NA
"D","DISPATCH","UNIT_SCADA",1,"2024/02/01 10:30:00","REPULSE","3.327077",NA,NA,NA
"D","DISPATCH","UNIT_SCADA",1,"2024/02/01 10:30:00","ROWALLAN","0",NA,NA,NA
"D","DISPATCH","UNIT_SCADA",1,"2024/02/01 10:30:00","ROYALLA1","15.990001",NA,NA,NA
"D","DISPATCH","UNIT_SCADA",1,"2024/02/01 10:30:00","RPCG","-1.60",NA,NA,NA
"D","DISPATCH","UNIT_SCADA",1,"2024/02/01 10:30:00","RUBICON","0.81",NA,NA,NA
"D","DISPATCH","UNIT_SCADA",1,"2024/02/01 10:30:00","SHOAL1","0",NA,NA,NA
"D","DISPATCH","UNIT_SCADA",1,"2024/02/01 10:30:00","WAUBRAWF","59.234001",NA,NA,NA
"D","DISPATCH","UNIT_SCADA",1,"2024/02/01 10:30:00","WOOLNTH1","120.020004",NA,NA,NA
"D","DISPATCH","UNIT_SCADA",1,"2024/02/01 10:30:00","YAMBUKWF","16.60",NA,NA,NA
"D","DISPATCH","UNIT_SCADA",1,"2024/02/01 10:30:00","YSWF1","7.20",NA,NA,NA
"D","DISPATCH","UNIT_SCADA",1,"2024/02/01 10:35:00","BARCSF1","13.400001",NA,NA,NA
"D","DISPATCH","UNIT_SCADA",1,"2024/02/01 10:35:00","BUTLERSG","9.099998",NA,NA,NA
"D","DISPATCH","UNIT_SCADA",1,"2024/02/01 10:35:00","BWTR1","15.318880",NA,NA,NA
"D","DISPATCH","UNIT_SCADA",1,"2024/02/01 10:35:00","CAPTL_WF","0",NA,NA,NA
"D","DISPATCH","UNIT_SCADA",1,"2024/02/01 10:35:00","CHALLHWF","4.50",NA,NA,NA
"D","DISPATCH","UNIT_SCADA",1,"2024/02/01 10:35:00","CLOVER","-0.02",NA,NA,NA
"D","DISPATCH","UNIT_SCADA",1,"2024/02/01 10:35:00","CLUNY","2.304875",NA,NA,NA
"D","DISPATCH","UNIT_SCADA",1,"2024/02/01 10:35:00","CONDONG1","-0.94",NA,NA,NA
"D","DISPATCH","UNIT_SCADA",1,"2024/02/01 10:35:00","CULLRGWF","6.18",NA,NA,NA
"D","DISPATCH","UNIT_SCADA",1,"2024/02/01 10:35:00","DIAPURWF1","0",NA,NA,NA
"D","DISPATCH","UNIT_SCADA",1,"2024/02/01 10:35:00","ERGT01","0",NA,NA,NA
"D","DISPATCH","UNIT_SCADA",1,"2024/02/01 10:35:00","GB01","0",NA,NA,NA
"D","DISPATCH","UNIT_SCADA",1,"2024/02/01 10:35:00","GERMCRK","10.9230",NA,NA,NA
"D","DISPATCH","UNIT_SCADA",1,"2024/02/01 10:35:00","GRIFSF1","27.025730",NA,NA,NA
"D","DISPATCH","UNIT_SCADA",1,"2024/02/01 10:35:00","HUGSF1","8.4680",NA,NA,NA
"D","DISPATCH","UNIT_SCADA",1,"2024/02/01 10:35:00","KEPBG1","0",NA,NA,NA
"D","DISPATCH","UNIT_SCADA",1,"2024/02/01 10:35:00","LRSF1","10.0670",NA,NA,NA
"D","DISPATCH","UNIT_SCADA",1,"2024/02/01 10:35:00","MBAHNTH","50.6250",NA,NA,NA
"D","DISPATCH","UNIT_SCADA",1,"2024/02/01 10:35:00","MLSP1","10.7960",NA,NA,NA
"D","DISPATCH","UNIT_SCADA",1,"2024/02/01 10:35:00","MLWF1","6.81",NA,NA,NA
"D","DISPATCH","UNIT_SCADA",1,"2024/02/01 10:35:00","PALOONA","0",NA,NA,NA
"D","DISPATCH","UNIT_SCADA",1,"2024/02/01 10:35:00","PIONEER","-0.80",NA,NA,NA
"D","DISPATCH","UNIT_SCADA",1,"2024/02/01 10:35:00","PORTWF","98.599998",NA,NA,NA
"D","DISPATCH","UNIT_SCADA",1,"2024/02/01 10:35:00","REPULSE","3.2636",NA,NA,NA
"D","DISPATCH","UNIT_SCADA",1,"2024/02/01 10:35:00","ROWALLAN","0",NA,NA,NA
"D","DISPATCH","UNIT_SCADA",1,"2024/02/01 10:35:00","ROYALLA1","16.081001",NA,NA,NA
"D","DISPATCH","UNIT_SCADA",1,"2024/02/01 10:35:00","RPCG","-1.60",NA,NA,NA
"D","DISPATCH","UNIT_SCADA",1,"2024/02/01 10:35:00","RUBICON","0.81",NA,NA,NA
"D","DISPATCH","UNIT_SCADA",1,"2024/02/01 10:35:00","SHOAL1","0",NA,NA,NA
"D","DISPATCH","UNIT_SCADA",1,"2024/02/01 10:35:00","WAUBRAWF","61.525002",NA,NA,NA
"D","DISPATCH","UNIT_SCADA",1,"2024/02/01 10:35:00","WOOLNTH1","120.999992",NA,NA,NA
"D","DISPATCH","UNIT_SCADA",1,"2024/02/01 10:35:00","YAMBUKWF","15.50",NA,NA,NA
"D","DISPATCH","UNIT_SCADA",1,"2024/02/01 10:35:00","YSWF1","8.40",NA,NA,NA
"D","DISPATCH","UNIT_SCADA",1,"2024/02/01 10:40:00","BARCSF1","13.400001",NA,NA,NA
"D","DISPATCH","UNIT_SCADA",1,"2024/02/01 10:40:00","BUTLERSG","9.099998",NA,NA,NA
"D","DISPATCH","UNIT_SCADA",1,"2024/02/01 10:40:00","BWTR1","15.318880",NA,NA,NA
"D","DISPATCH","UNIT_SCADA",1,"2024/02/01 10:40:00","CAPTL_WF","0",NA,NA,NA
"D","DISPATCH","UNIT_SCADA",1,"2024/02/01 10:40:00","CHALLHWF","5.30",NA,NA,NA
"D","DISPATCH","UNIT_SCADA",1,"2024/02/01 10:40:00","CLOVER","-0.01",NA,NA,NA
"D","DISPATCH","UNIT_SCADA",1,"2024/02/01 10:40:00","CLUNY","2.261845",NA,NA,NA
"D","DISPATCH","UNIT_SCADA",1,"2024/02/01 10:40:00","CONDONG1","-0.93",NA,NA,NA
"D","DISPATCH","UNIT_SCADA",1,"2024/02/01 10:40:00","CULLRGWF","6.11",NA,NA,NA
"D","DISPATCH","UNIT_SCADA",1,"2024/02/01 10:40:00","DIAPURWF1","0",NA,NA,NA
"D","DISPATCH","UNIT_SCADA",1,"2024/02/01 10:40:00","ERGT01","0",NA,NA,NA
"D","DISPATCH","UNIT_SCADA",1,"2024/02/01 10:40:00","GB01","0",NA,NA,NA
"D","DISPATCH","UNIT_SCADA",1,"2024/02/01 10:40:00","GERMCRK","10.7040",NA,NA,NA
"D","DISPATCH","UNIT_SCADA",1,"2024/02/01 10:40:00","GRIFSF1","27.020075",NA,NA,NA
"D","DISPATCH","UNIT_SCADA",1,"2024/02/01 10:40:00","HUGSF1","8.275001",NA,NA,NA
"D","DISPATCH","UNIT_SCADA",1,"2024/02/01 10:40:00","KEPBG1","0",NA,NA,NA
"D","DISPATCH","UNIT_SCADA",1,"2024/02/01 10:40:00","LRSF1","10.0670",NA,NA,NA
"D","DISPATCH","UNIT_SCADA",1,"2024/02/01 10:40:00","MBAHNTH","50.212509",NA,NA,NA
"D","DISPATCH","UNIT_SCADA",1,"2024/02/01 10:40:00","MLSP1","10.896001",NA,NA,NA
"D","DISPATCH","UNIT_SCADA",1,"2024/02/01 10:40:00","MLWF1","6.1350",NA,NA,NA
"D","DISPATCH","UNIT_SCADA",1,"2024/02/01 10:40:00","PALOONA","0",NA,NA,NA
"D","DISPATCH","UNIT_SCADA",1,"2024/02/01 10:40:00","PIONEER","-0.80",NA,NA,NA
"D","DISPATCH","UNIT_SCADA",1,"2024/02/01 10:40:00","PORTWF","95.699997",NA,NA,NA
"D","DISPATCH","UNIT_SCADA",1,"2024/02/01 10:40:00","REPULSE","3.136645",NA,NA,NA
"D","DISPATCH","UNIT_SCADA",1,"2024/02/01 10:40:00","ROWALLAN","0",NA,NA,NA
"D","DISPATCH","UNIT_SCADA",1,"2024/02/01 10:40:00","ROYALLA1","16.179001",NA,NA,NA
"D","DISPATCH","UNIT_SCADA",1,"2024/02/01 10:40:00","RPCG","-1.60",NA,NA,NA
"D","DISPATCH","UNIT_SCADA",1,"2024/02/01 10:40:00","RUBICON","0.81",NA,NA,NA
"D","DISPATCH","UNIT_SCADA",1,"2024/02/01 10:40:00","SHOAL1","0",NA,NA,NA
"D","DISPATCH","UNIT_SCADA",1,"2024/02/01 10:40:00","WAUBRAWF","61.195999",NA,NA,NA
"D","DISPATCH","UNIT_SCADA",1,"2024/02/01 10:40:00","WOOLNTH1","119.379990",NA,NA,NA
"D","DISPATCH","UNIT_SCADA",1,"2024/02/01 10:40:00","YAMBUKWF","14.30",NA,NA,NA
"D","DISPATCH","UNIT_SCADA",1,"2024/02/01 10:40:00","YSWF1","8.70",NA,NA,NA
"D","DISPATCH","UNIT_SCADA",1,"2024/02/01 10:55:00","BARCSF1","13.200001",NA,NA,NA
"D","DISPATCH","UNIT_SCADA",1,"2024/02/01 10:55:00","BUTLERSG","9.099998",NA,NA,NA
"D","DISPATCH","UNIT_SCADA",1,"2024/02/01 10:55:00","BWTR1","15.261720",NA,NA,NA
"D","DISPATCH","UNIT_SCADA",1,"2024/02/01 10:55:00","CAPTL_WF","8.322392",NA,NA,NA
"D","DISPATCH","UNIT_SCADA",1,"2024/02/01 10:55:00","CHALLHWF","4.20",NA,NA,NA
"D","DISPATCH","UNIT_SCADA",1,"2024/02/01 10:55:00","CLOVER","-0.02",NA,NA,NA
"D","DISPATCH","UNIT_SCADA",1,"2024/02/01 10:55:00","CLUNY","2.123598",NA,NA,NA
"D","DISPATCH","UNIT_SCADA",1,"2024/02/01 10:55:00","CONDONG1","-0.96",NA,NA,NA
"D","DISPATCH","UNIT_SCADA",1,"2024/02/01 10:55:00","CULLRGWF","7.25",NA,NA,NA
"D","DISPATCH","UNIT_SCADA",1,"2024/02/01 10:55:00","DIAPURWF1","0",NA,NA,NA
"D","DISPATCH","UNIT_SCADA",1,"2024/02/01 10:55:00","ERGT01","0",NA,NA,NA
"D","DISPATCH","UNIT_SCADA",1,"2024/02/01 10:55:00","GB01","0",NA,NA,NA
"D","DISPATCH","UNIT_SCADA",1,"2024/02/01 10:55:00","GERMCRK","11.4410",NA,NA,NA
"D","DISPATCH","UNIT_SCADA",1,"2024/02/01 10:55:00","GRIFSF1","27.012535",NA,NA,NA
"D","DISPATCH","UNIT_SCADA",1,"2024/02/01 10:55:00","HUGSF1","6.0410",NA,NA,NA
"D","DISPATCH","UNIT_SCADA",1,"2024/02/01 10:55:00","KEPBG1","0",NA,NA,NA
"D","DISPATCH","UNIT_SCADA",1,"2024/02/01 10:55:00","LRSF1","9.631001",NA,NA,NA
"D","DISPATCH","UNIT_SCADA",1,"2024/02/01 10:55:00","MBAHNTH","50.287491",NA,NA,NA
"D","DISPATCH","UNIT_SCADA",1,"2024/02/01 10:55:00","MLSP1","11.198001",NA,NA,NA
"D","DISPATCH","UNIT_SCADA",1,"2024/02/01 10:55:00","MLWF1","7.98",NA,NA,NA
"D","DISPATCH","UNIT_SCADA",1,"2024/02/01 10:55:00","PALOONA","0",NA,NA,NA
"D","DISPATCH","UNIT_SCADA",1,"2024/02/01 10:55:00","PIONEER","-0.80",NA,NA,NA
"D","DISPATCH","UNIT_SCADA",1,"2024/02/01 10:55:00","PORTWF","105.300003",NA,NA,NA
"D","DISPATCH","UNIT_SCADA",1,"2024/02/01 10:55:00","REPULSE","3.281910",NA,NA,NA
"D","DISPATCH","UNIT_SCADA",1,"2024/02/01 10:55:00","ROWALLAN","0",NA,NA,NA
"D","DISPATCH","UNIT_SCADA",1,"2024/02/01 10:55:00","ROYALLA1","16.360001",NA,NA,NA
"D","DISPATCH","UNIT_SCADA",1,"2024/02/01 10:55:00","RPCG","-1.60",NA,NA,NA
"D","DISPATCH","UNIT_SCADA",1,"2024/02/01 10:55:00","RUBICON","0.81",NA,NA,NA
"D","DISPATCH","UNIT_SCADA",1,"2024/02/01 10:55:00","SHOAL1","0",NA,NA,NA
"D","DISPATCH","UNIT_SCADA",1,"2024/02/01 10:55:00","WAUBRAWF","53.457001",NA,NA,NA
"D","DISPATCH","UNIT_SCADA",1,"2024/02/01 10:55:00","WOOLNTH1","124.839996",NA,NA,NA
"D","DISPATCH","UNIT_SCADA",1,"2024/02/01 10:55:00","YAMBUKWF","12.80",NA,NA,NA
"D","DISPATCH","UNIT_SCADA",1,"2024/02/01 10:55:00","YSWF1","8.20",NA,NA,NA
"D","DISPATCH","UNIT_SCADA",1,"2024/02/01 11:00:00","BARCSF1","12.700001",NA,NA,NA
"D","DISPATCH","UNIT_SCADA",1,"2024/02/01 11:00:00","BUTLERSG","9.099998",NA,NA,NA
"D","DISPATCH","UNIT_SCADA",1,"2024/02/01 11:00:00","BWTR1","15.261720",NA,NA,NA
"D","DISPATCH","UNIT_SCADA",1,"2024/02/01 11:00:00","CAPTL_WF","11.992371",NA,NA,NA
"D","DISPATCH","UNIT_SCADA",1,"2024/02/01 11:00:00","CHALLHWF","4.20",NA,NA,NA
"D","DISPATCH","UNIT_SCADA",1,"2024/02/01 11:00:00","CLOVER","-0.02",NA,NA,NA
"D","DISPATCH","UNIT_SCADA",1,"2024/02/01 11:00:00","CLUNY","2.205081",NA,NA,NA
"D","DISPATCH","UNIT_SCADA",1,"2024/02/01 11:00:00","CONDONG1","-0.84",NA,NA,NA
"D","DISPATCH","UNIT_SCADA",1,"2024/02/01 11:00:00","CULLRGWF","7.44",NA,NA,NA
"D","DISPATCH","UNIT_SCADA",1,"2024/02/01 11:00:00","DIAPURWF1","0",NA,NA,NA
"D","DISPATCH","UNIT_SCADA",1,"2024/02/01 11:00:00","ERGT01","0",NA,NA,NA
"D","DISPATCH","UNIT_SCADA",1,"2024/02/01 11:00:00","GB01","0",NA,NA,NA
"D","DISPATCH","UNIT_SCADA",1,"2024/02/01 11:00:00","GERMCRK","11.3660",NA,NA,NA
"D","DISPATCH","UNIT_SCADA",1,"2024/02/01 11:00:00","GRIFSF1","27.012535",NA,NA,NA
"D","DISPATCH","UNIT_SCADA",1,"2024/02/01 11:00:00","HUGSF1","5.3830",NA,NA,NA
"D","DISPATCH","UNIT_SCADA",1,"2024/02/01 11:00:00","KEPBG1","0",NA,NA,NA
"D","DISPATCH","UNIT_SCADA",1,"2024/02/01 11:00:00","LRSF1","10.033001",NA,NA,NA
"D","DISPATCH","UNIT_SCADA",1,"2024/02/01 11:00:00","MBAHNTH","50.268753",NA,NA,NA
"D","DISPATCH","UNIT_SCADA",1,"2024/02/01 11:00:00","MLSP1","11.247001",NA,NA,NA
"D","DISPATCH","UNIT_SCADA",1,"2024/02/01 11:00:00","MLWF1","11.639999",NA,NA,NA
"D","DISPATCH","UNIT_SCADA",1,"2024/02/01 11:00:00","PALOONA","0",NA,NA,NA
"D","DISPATCH","UNIT_SCADA",1,"2024/02/01 11:00:00","PIONEER","-0.80",NA,NA,NA
"D","DISPATCH","UNIT_SCADA",1,"2024/02/01 11:00:00","PORTWF","105.50",NA,NA,NA
"D","DISPATCH","UNIT_SCADA",1,"2024/02/01 11:00:00","REPULSE","3.079271",NA,NA,NA
"D","DISPATCH","UNIT_SCADA",1,"2024/02/01 11:00:00","ROWALLAN","0",NA,NA,NA
"D","DISPATCH","UNIT_SCADA",1,"2024/02/01 11:00:00","ROYALLA1","16.4030",NA,NA,NA
"D","DISPATCH","UNIT_SCADA",1,"2024/02/01 11:00:00","RPCG","-1.60",NA,NA,NA
"D","DISPATCH","UNIT_SCADA",1,"2024/02/01 11:00:00","RUBICON","0.81",NA,NA,NA
"D","DISPATCH","UNIT_SCADA",1,"2024/02/01 11:00:00","SHOAL1","0",NA,NA,NA
"D","DISPATCH","UNIT_SCADA",1,"2024/02/01 11:00:00","WAUBRAWF","53.154999",NA,NA,NA
"D","DISPATCH","UNIT_SCADA",1,"2024/02/01 11:00:00","WOOLNTH1","122.57",NA,NA,NA
"D","DISPATCH","UNIT_SCADA",1,"2024/02/01 11:00:00","YAMBUKWF","12",NA,NA,NA
"D","DISPATCH","UNIT_SCADA",1,"2024/02/01 11:00:00","YSWF1","9.40",NA,NA,NA
"D","DISPATCH","UNIT_SCADA",1,"2024/02/01 11:05:00","BARCSF1","13.50",NA,NA,NA
"D","DISPATCH","UNIT_SCADA",1,"2024/02/01 11:05:00","BUTLERSG","9.099998",NA,NA,NA
"D","DISPATCH","UNIT_SCADA",1,"2024/02/01 11:05:00","BWTR1","15.261720",NA,NA,NA
"D","DISPATCH","UNIT_SCADA",1,"2024/02/01 11:05:00","CAPTL_WF","19.527641",NA,NA,NA
"D","DISPATCH","UNIT_SCADA",1,"2024/02/01 11:05:00","CHALLHWF","5.20",NA,NA,NA
"D","DISPATCH","UNIT_SCADA",1,"2024/02/01 11:05:00","CLOVER","0",NA,NA,NA
"D","DISPATCH","UNIT_SCADA",1,"2024/02/01 11:05:00","CLUNY","2.190433",NA,NA,NA
"D","DISPATCH","UNIT_SCADA",1,"2024/02/01 11:05:00","CONDONG1","-0.84",NA,NA,NA
"D","DISPATCH","UNIT_SCADA",1,"2024/02/01 11:05:00","CULLRGWF","6.62",NA,NA,NA
"D","DISPATCH","UNIT_SCADA",1,"2024/02/01 11:05:00","DIAPURWF1","0",NA,NA,NA
"D","DISPATCH","UNIT_SCADA",1,"2024/02/01 11:05:00","ERGT01","0",NA,NA,NA
"D","DISPATCH","UNIT_SCADA",1,"2024/02/01 11:05:00","GB01","0",NA,NA,NA
"D","DISPATCH","UNIT_SCADA",1,"2024/02/01 11:05:00","GERMCRK","11.4530",NA,NA,NA
"D","DISPATCH","UNIT_SCADA",1,"2024/02/01 11:05:00","GRIFSF1","27.020075",NA,NA,NA
"D","DISPATCH","UNIT_SCADA",1,"2024/02/01 11:05:00","HUGSF1","5.2810",NA,NA,NA
"D","DISPATCH","UNIT_SCADA",1,"2024/02/01 11:05:00","KEPBG1","0",NA,NA,NA
"D","DISPATCH","UNIT_SCADA",1,"2024/02/01 11:05:00","LRSF1","10.033001",NA,NA,NA
"D","DISPATCH","UNIT_SCADA",1,"2024/02/01 11:05:00","MBAHNTH","49.912491",NA,NA,NA
"D","DISPATCH","UNIT_SCADA",1,"2024/02/01 11:05:00","MLSP1","11.3470",NA,NA,NA
"D","DISPATCH","UNIT_SCADA",1,"2024/02/01 11:05:00","MLWF1","10.559999",NA,NA,NA
"D","DISPATCH","UNIT_SCADA",1,"2024/02/01 11:05:00","PALOONA","0",NA,NA,NA
"D","DISPATCH","UNIT_SCADA",1,"2024/02/01 11:05:00","PIONEER","-0.80",NA,NA,NA
"D","DISPATCH","UNIT_SCADA",1,"2024/02/01 11:05:00","PORTWF","100.300003",NA,NA,NA
"D","DISPATCH","UNIT_SCADA",1,"2024/02/01 00:15:00","BARCSF1","0.10",NA,NA,NA
"D","DISPATCH","UNIT_SCADA",1,"2024/02/01 00:15:00","BUTLERSG","8.999998",NA,NA,NA
"D","DISPATCH","UNIT_SCADA",1,"2024/02/01 00:15:00","BWTR1","14.061360",NA,NA,NA
"D","DISPATCH","UNIT_SCADA",1,"2024/02/01 00:15:00","CAPTL_WF","10.615396",NA,NA,NA
"D","DISPATCH","UNIT_SCADA",1,"2024/02/01 00:15:00","CHALLHWF","9.40",NA,NA,NA
"D","DISPATCH","UNIT_SCADA",1,"2024/02/01 00:15:00","CLOVER","-0.01",NA,NA,NA
"D","DISPATCH","UNIT_SCADA",1,"2024/02/01 00:15:00","CLUNY","5.295949",NA,NA,NA
"D","DISPATCH","UNIT_SCADA",1,"2024/02/01 00:15:00","CONDONG1","-0.87",NA,NA,NA
"D","DISPATCH","UNIT_SCADA",1,"2024/02/01 00:15:00","CULLRGWF","10.88",NA,NA,NA
"D","DISPATCH","UNIT_SCADA",1,"2024/02/01 00:15:00","DIAPURWF1","0",NA,NA,NA
"D","DISPATCH","UNIT_SCADA",1,"2024/02/01 00:15:00","ERGT01","0",NA,NA,NA
"D","DISPATCH","UNIT_SCADA",1,"2024/02/01 00:15:00","GB01","0",NA,NA,NA
"D","DISPATCH","UNIT_SCADA",1,"2024/02/01 00:15:00","GERMCRK","15.2990",NA,NA,NA
"D","DISPATCH","UNIT_SCADA",1,"2024/02/01 00:15:00","GRIFSF1","0",NA,NA,NA
"D","DISPATCH","UNIT_SCADA",1,"2024/02/01 00:15:00","HUGSF1","-0.0490",NA,NA,NA
"D","DISPATCH","UNIT_SCADA",1,"2024/02/01 00:15:00","KEPBG1","0",NA,NA,NA
"D","DISPATCH","UNIT_SCADA",1,"2024/02/01 00:15:00","LRSF1","0.0480",NA,NA,NA
"D","DISPATCH","UNIT_SCADA",1,"2024/02/01 00:15:00","MBAHNTH","44.681259",NA,NA,NA
"D","DISPATCH","UNIT_SCADA",1,"2024/02/01 00:15:00","MLSP1","0.0140",NA,NA,NA
"D","DISPATCH","UNIT_SCADA",1,"2024/02/01 00:15:00","MLWF1","1.77",NA,NA,NA
"D","DISPATCH","UNIT_SCADA",1,"2024/02/01 00:15:00","PALOONA","0",NA,NA,NA
"D","DISPATCH","UNIT_SCADA",1,"2024/02/01 00:15:00","PIONEER","-0.40",NA,NA,NA
"D","DISPATCH","UNIT_SCADA",1,"2024/02/01 00:15:00","PORTWF","8.70",NA,NA,NA
"D","DISPATCH","UNIT_SCADA",1,"2024/02/01 00:15:00","REPULSE","9.282979",NA,NA,NA
"D","DISPATCH","UNIT_SCADA",1,"2024/02/01 00:15:00","ROWALLAN","0",NA,NA,NA
"D","DISPATCH","UNIT_SCADA",1,"2024/02/01 00:15:00","ROYALLA1","0",NA,NA,NA
"D","DISPATCH","UNIT_SCADA",1,"2024/02/01 00:15:00","RPCG","-0.20",NA,NA,NA
"D","DISPATCH","UNIT_SCADA",1,"2024/02/01 00:15:00","RUBICON","0.72",NA,NA,NA
"D","DISPATCH","UNIT_SCADA",1,"2024/02/01 00:15:00","SHOAL1","11.90",NA,NA,NA
"D","DISPATCH","UNIT_SCADA",1,"2024/02/01 00:15:00","WAUBRAWF","97.279999",NA,NA,NA
"D","DISPATCH","UNIT_SCADA",1,"2024/02/01 00:15:00","WOOLNTH1","63.720001",NA,NA,NA
"D","DISPATCH","UNIT_SCADA",1,"2024/02/01 00:15:00","YAMBUKWF","1.20",NA,NA,NA
"D","DISPATCH","UNIT_SCADA",1,"2024/02/01 00:15:00","YSWF1","1.90",NA,NA,NA
"D","DISPATCH","UNIT_SCADA",1,"2024/02/01 00:20:00","BARCSF1","0.10",NA,NA,NA
"D","DISPATCH","UNIT_SCADA",1,"2024/02/01 00:20:00","BUTLERSG","9.099998",NA,NA,NA
"D","DISPATCH","UNIT_SCADA",1,"2024/02/01 00:20:00","BWTR1","14.404320",NA,NA,NA
"D","DISPATCH","UNIT_SCADA",1,"2024/02/01 00:20:00","CAPTL_WF","11.338063",NA,NA,NA
"D","DISPATCH","UNIT_SCADA",1,"2024/02/01 00:20:00","CHALLHWF","9.80",NA,NA,NA
"D","DISPATCH","UNIT_SCADA",1,"2024/02/01 00:20:00","CLOVER","-0.02",NA,NA,NA
"D","DISPATCH","UNIT_SCADA",1,"2024/02/01 00:20:00","CLUNY","5.200732",NA,NA,NA
"D","DISPATCH","UNIT_SCADA",1,"2024/02/01 00:20:00","CONDONG1","-0.88",NA,NA,NA
"D","DISPATCH","UNIT_SCADA",1,"2024/02/01 00:20:00","CULLRGWF","11.40",NA,NA,NA
"D","DISPATCH","UNIT_SCADA",1,"2024/02/01 00:20:00","DIAPURWF1","0",NA,NA,NA
"D","DISPATCH","UNIT_SCADA",1,"2024/02/01 00:20:00","ERGT01","0",NA,NA,NA
"D","DISPATCH","UNIT_SCADA",1,"2024/02/01 00:20:00","GB01","0",NA,NA,NA
"D","DISPATCH","UNIT_SCADA",1,"2024/02/01 00:20:00","GERMCRK","15.3920",NA,NA,NA
"D","DISPATCH","UNIT_SCADA",1,"2024/02/01 00:20:00","GRIFSF1","0",NA,NA,NA
"D","DISPATCH","UNIT_SCADA",1,"2024/02/01 00:20:00","HUGSF1","-0.0490",NA,NA,NA
"D","DISPATCH","UNIT_SCADA",1,"2024/02/01 00:20:00","KEPBG1","0",NA,NA,NA
"D","DISPATCH","UNIT_SCADA",1,"2024/02/01 00:20:00","LRSF1","0.0480",NA,NA,NA
"D","DISPATCH","UNIT_SCADA",1,"2024/02/01 00:20:00","MBAHNTH","44.756241",NA,NA,NA
"D","DISPATCH","UNIT_SCADA",1,"2024/02/01 00:20:00","MLSP1","0.0140",NA,NA,NA
"D","DISPATCH","UNIT_SCADA",1,"2024/02/01 00:20:00","MLWF1","1.68",NA,NA,NA
"D","DISPATCH","UNIT_SCADA",1,"2024/02/01 00:20:00","PALOONA","0",NA,NA,NA
"D","DISPATCH","UNIT_SCADA",1,"2024/02/01 00:20:00","PIONEER","-0.40",NA,NA,NA
"D","DISPATCH","UNIT_SCADA",1,"2024/02/01 00:20:00","PORTWF","10.10",NA,NA,NA
"D","DISPATCH","UNIT_SCADA",1,"2024/02/01 00:20:00","REPULSE","9.282979",NA,NA,NA
"D","DISPATCH","UNIT_SCADA",1,"2024/02/01 00:20:00","ROWALLAN","0",NA,NA,NA
"D","DISPATCH","UNIT_SCADA",1,"2024/02/01 00:20:00","ROYALLA1","0",NA,NA,NA
"D","DISPATCH","UNIT_SCADA",1,"2024/02/01 00:20:00","RPCG","-0.20",NA,NA,NA
"D","DISPATCH","UNIT_SCADA",1,"2024/02/01 00:20:00","RUBICON","0.72",NA,NA,NA
"D","DISPATCH","UNIT_SCADA",1,"2024/02/01 00:20:00","SHOAL1","11.90",NA,NA,NA
"D","DISPATCH","UNIT_SCADA",1,"2024/02/01 00:20:00","WAUBRAWF","98.288002",NA,NA,NA
"D","DISPATCH","UNIT_SCADA",1,"2024/02/01 00:20:00","WOOLNTH1","73.860001",NA,NA,NA
"D","DISPATCH","UNIT_SCADA",1,"2024/02/01 00:20:00","YAMBUKWF","1.30",NA,NA,NA
"D","DISPATCH","UNIT_SCADA",1,"2024/02/01 00:20:00","YSWF1","2.80",NA,NA,NA
"D","DISPATCH","UNIT_SCADA",1,"2024/02/01 00:25:00","BARCSF1","0.10",NA,NA,NA
"D","DISPATCH","UNIT_SCADA",1,"2024/02/01 00:25:00","BUTLERSG","9.099998",NA,NA,NA
"D","DISPATCH","UNIT_SCADA",1,"2024/02/01 00:25:00","BWTR1","14.404320",NA,NA,NA
"D","DISPATCH","UNIT_SCADA",1,"2024/02/01 00:25:00","CAPTL_WF","10.681804",NA,NA,NA
"D","DISPATCH","UNIT_SCADA",1,"2024/02/01 00:25:00","CHALLHWF","9.90",NA,NA,NA
"D","DISPATCH","UNIT_SCADA",1,"2024/02/01 00:25:00","CLOVER","-0.01",NA,NA,NA
"D","DISPATCH","UNIT_SCADA",1,"2024/02/01 00:25:00","CLUNY","5.233692",NA,NA,NA
"D","DISPATCH","UNIT_SCADA",1,"2024/02/01 00:25:00","CONDONG1","-0.88",NA,NA,NA
"D","DISPATCH","UNIT_SCADA",1,"2024/02/01 00:25:00","CULLRGWF","10.89",NA,NA,NA
"D","DISPATCH","UNIT_SCADA",1,"2024/02/01 00:25:00","DIAPURWF1","0",NA,NA,NA
"D","DISPATCH","UNIT_SCADA",1,"2024/02/01 00:25:00","ERGT01","0",NA,NA,NA
"D","DISPATCH","UNIT_SCADA",1,"2024/02/01 00:25:00","GB01","0",NA,NA,NA
"D","DISPATCH","UNIT_SCADA",1,"2024/02/01 00:25:00","GERMCRK","15.2850",NA,NA,NA
"D","DISPATCH","UNIT_SCADA",1,"2024/02/01 00:25:00","GRIFSF1","0",NA,NA,NA
"D","DISPATCH","UNIT_SCADA",1,"2024/02/01 00:25:00","HUGSF1","-0.0490",NA,NA,NA
"D","DISPATCH","UNIT_SCADA",1,"2024/02/01 00:25:00","KEPBG1","0",NA,NA,NA
"D","DISPATCH","UNIT_SCADA",1,"2024/02/01 00:25:00","LRSF1","0.0480",NA,NA,NA
"D","DISPATCH","UNIT_SCADA",1,"2024/02/01 00:25:00","MBAHNTH","44.831253",NA,NA,NA
"D","DISPATCH","UNIT_SCADA",1,"2024/02/01 00:25:00","MLSP1","0.0140",NA,NA,NA
"D","DISPATCH","UNIT_SCADA",1,"2024/02/01 00:25:00","MLWF1","1.89",NA,NA,NA
"D","DISPATCH","UNIT_SCADA",1,"2024/02/01 00:25:00","PALOONA","0",NA,NA,NA
"D","DISPATCH","UNIT_SCADA",1,"2024/02/01 00:25:00","PIONEER","-0.40",NA,NA,NA
"D","DISPATCH","UNIT_SCADA",1,"2024/02/01 00:25:00","PORTWF","10.40",NA,NA,NA
"D","DISPATCH","UNIT_SCADA",1,"2024/02/01 00:25:00","REPULSE","9.199969",NA,NA,NA
"D","DISPATCH","UNIT_SCADA",1,"2024/02/01 00:25:00","ROWALLAN","0",NA,NA,NA
"D","DISPATCH","UNIT_SCADA",1,"2024/02/01 00:25:00","ROYALLA1","0",NA,NA,NA
"D","DISPATCH","UNIT_SCADA",1,"2024/02/01 00:25:00","RPCG","-0.20",NA,NA,NA
"D","DISPATCH","UNIT_SCADA",1,"2024/02/01 00:25:00","RUBICON","0.72",NA,NA,NA
"D","DISPATCH","UNIT_SCADA",1,"2024/02/01 00:25:00","SHOAL1","11.90",NA,NA,NA
"D","DISPATCH","UNIT_SCADA",1,"2024/02/01 00:25:00","WAUBRAWF","94.470001",NA,NA,NA
"D","DISPATCH","UNIT_SCADA",1,"2024/02/01 00:25:00","WOOLNTH1","83.169998",NA,NA,NA
"D","DISPATCH","UNIT_SCADA",1,"2024/02/01 00:25:00","YAMBUKWF","1.10",NA,NA,NA
"D","DISPATCH","UNIT_SCADA",1,"2024/02/01 00:25:00","YSWF1","3.40",NA,NA,NA
"D","DISPATCH","UNIT_SCADA",1,"2024/02/01 03:10:00","BARCSF1","0.10",NA,NA,NA
"D","DISPATCH","UNIT_SCADA",1,"2024/02/01 03:10:00","BUTLERSG","9.099998",NA,NA,NA
"D","DISPATCH","UNIT_SCADA",1,"2024/02/01 03:10:00","BWTR1","14.0042",NA,NA,NA
"D","DISPATCH","UNIT_SCADA",1,"2024/02/01 03:10:00","CAPTL_WF","0",NA,NA,NA
"D","DISPATCH","UNIT_SCADA",1,"2024/02/01 03:10:00","CHALLHWF","0",NA,NA,NA
"D","DISPATCH","UNIT_SCADA",1,"2024/02/01 03:10:00","CLOVER","-0.02",NA,NA,NA
"D","DISPATCH","UNIT_SCADA",1,"2024/02/01 03:10:00","CLUNY","5.172350",NA,NA,NA
"D","DISPATCH","UNIT_SCADA",1,"2024/02/01 03:10:00","CONDONG1","-0.88",NA,NA,NA
"D","DISPATCH","UNIT_SCADA",1,"2024/02/01 03:10:00","CULLRGWF","4.70",NA,NA,NA
"D","DISPATCH","UNIT_SCADA",1,"2024/02/01 03:10:00","DIAPURWF1","0",NA,NA,NA
"D","DISPATCH","UNIT_SCADA",1,"2024/02/01 03:10:00","ERGT01","0",NA,NA,NA
"D","DISPATCH","UNIT_SCADA",1,"2024/02/01 03:10:00","GB01","0",NA,NA,NA
"D","DISPATCH","UNIT_SCADA",1,"2024/02/01 03:10:00","GERMCRK","16.158001",NA,NA,NA
"D","DISPATCH","UNIT_SCADA",1,"2024/02/01 03:10:00","GRIFSF1","0",NA,NA,NA
"D","DISPATCH","UNIT_SCADA",1,"2024/02/01 03:10:00","HUGSF1","-0.0490",NA,NA,NA
"D","DISPATCH","UNIT_SCADA",1,"2024/02/01 03:10:00","KEPBG1","0",NA,NA,NA
"D","DISPATCH","UNIT_SCADA",1,"2024/02/01 03:10:00","LRSF1","0.0480",NA,NA,NA
"D","DISPATCH","UNIT_SCADA",1,"2024/02/01 03:10:00","MBAHNTH","45",NA,NA,NA
"D","DISPATCH","UNIT_SCADA",1,"2024/02/01 03:10:00","MLSP1","0.0140",NA,NA,NA
"D","DISPATCH","UNIT_SCADA",1,"2024/02/01 03:10:00","MLWF1","2.31",NA,NA,NA
"D","DISPATCH","UNIT_SCADA",1,"2024/02/01 03:10:00","PALOONA","0",NA,NA,NA
"D","DISPATCH","UNIT_SCADA",1,"2024/02/01 03:10:00","PIONEER","-0.40",NA,NA,NA
"D","DISPATCH","UNIT_SCADA",1,"2024/02/01 03:10:00","PORTWF","53.700001",NA,NA,NA
"D","DISPATCH","UNIT_SCADA",1,"2024/02/01 03:10:00","REPULSE","9.276875",NA,NA,NA
"D","DISPATCH","UNIT_SCADA",1,"2024/02/01 03:10:00","ROWALLAN","0",NA,NA,NA
"D","DISPATCH","UNIT_SCADA",1,"2024/02/01 03:10:00","ROYALLA1","0",NA,NA,NA
"D","DISPATCH","UNIT_SCADA",1,"2024/02/01 03:10:00","RPCG","-0.20",NA,NA,NA
"D","DISPATCH","UNIT_SCADA",1,"2024/02/01 03:10:00","RUBICON","0.72",NA,NA,NA
"D","DISPATCH","UNIT_SCADA",1,"2024/02/01 03:10:00","SHOAL1","11.95",NA,NA,NA
"D","DISPATCH","UNIT_SCADA",1,"2024/02/01 03:10:00","WAUBRAWF","41.894001",NA,NA,NA
"D","DISPATCH","UNIT_SCADA",1,"2024/02/01 03:10:00","WOOLNTH1","103.57",NA,NA,NA
"D","DISPATCH","UNIT_SCADA",1,"2024/02/01 03:10:00","YAMBUKWF","6",NA,NA,NA
"D","DISPATCH","UNIT_SCADA",1,"2024/02/01 03:10:00","YSWF1","3.70",NA,NA,NA
"D","DISPATCH","UNIT_SCADA",1,"2024/02/01 03:35:00","BARCSF1","0.10",NA,NA,NA
"D","DISPATCH","UNIT_SCADA",1,"2024/02/01 03:35:00","BUTLERSG","8.999998",NA,NA,NA
"D","DISPATCH","UNIT_SCADA",1,"2024/02/01 03:35:00","BWTR1","14.118520",NA,NA,NA
"D","DISPATCH","UNIT_SCADA",1,"2024/02/01 03:35:00","CAPTL_WF","0",NA,NA,NA
"D","DISPATCH","UNIT_SCADA",1,"2024/02/01 03:35:00","CHALLHWF","0",NA,NA,NA
"D","DISPATCH","UNIT_SCADA",1,"2024/02/01 03:35:00","CLOVER","-0.01",NA,NA,NA
"D","DISPATCH","UNIT_SCADA",1,"2024/02/01 03:35:00","CLUNY","5.224536",NA,NA,NA
"D","DISPATCH","UNIT_SCADA",1,"2024/02/01 03:35:00","CONDONG1","-0.89",NA,NA,NA
"D","DISPATCH","UNIT_SCADA",1,"2024/02/01 03:35:00","CULLRGWF","4.79",NA,NA,NA
"D","DISPATCH","UNIT_SCADA",1,"2024/02/01 03:35:00","DIAPURWF1","0",NA,NA,NA
"D","DISPATCH","UNIT_SCADA",1,"2024/02/01 03:35:00","ERGT01","0",NA,NA,NA
"D","DISPATCH","UNIT_SCADA",1,"2024/02/01 03:35:00","GB01","0",NA,NA,NA
"D","DISPATCH","UNIT_SCADA",1,"2024/02/01 03:35:00","GERMCRK","15.9850",NA,NA,NA
"D","DISPATCH","UNIT_SCADA",1,"2024/02/01 03:35:00","GRIFSF1","0",NA,NA,NA
"D","DISPATCH","UNIT_SCADA",1,"2024/02/01 03:35:00","HUGSF1","-0.0490",NA,NA,NA
"D","DISPATCH","UNIT_SCADA",1,"2024/02/01 03:35:00","KEPBG1","0",NA,NA,NA
"D","DISPATCH","UNIT_SCADA",1,"2024/02/01 03:35:00","LRSF1","0.0480",NA,NA,NA
"D","DISPATCH","UNIT_SCADA",1,"2024/02/01 03:35:00","MBAHNTH","44.868744",NA,NA,NA
"D","DISPATCH","UNIT_SCADA",1,"2024/02/01 03:35:00","MLSP1","0.0140",NA,NA,NA
"D","DISPATCH","UNIT_SCADA",1,"2024/02/01 03:35:00","MLWF1","3.4650",NA,NA,NA
"D","DISPATCH","UNIT_SCADA",1,"2024/02/01 03:35:00","PALOONA","0",NA,NA,NA
"D","DISPATCH","UNIT_SCADA",1,"2024/02/01 03:35:00","PIONEER","-0.40",NA,NA,NA
"D","DISPATCH","UNIT_SCADA",1,"2024/02/01 03:35:00","PORTWF","44.700001",NA,NA,NA
"D","DISPATCH","UNIT_SCADA",1,"2024/02/01 03:35:00","REPULSE","9.213397",NA,NA,NA
"D","DISPATCH","UNIT_SCADA",1,"2024/02/01 03:35:00","ROWALLAN","0",NA,NA,NA
"D","DISPATCH","UNIT_SCADA",1,"2024/02/01 03:35:00","ROYALLA1","0",NA,NA,NA
"D","DISPATCH","UNIT_SCADA",1,"2024/02/01 03:35:00","RPCG","-0.20",NA,NA,NA
"D","DISPATCH","UNIT_SCADA",1,"2024/02/01 03:35:00","RUBICON","0.72",NA,NA,NA
"D","DISPATCH","UNIT_SCADA",1,"2024/02/01 03:35:00","SHOAL1","11.95",NA,NA,NA
"D","DISPATCH","UNIT_SCADA",1,"2024/02/01 03:35:00","WAUBRAWF","30.427999",NA,NA,NA
"D","DISPATCH","UNIT_SCADA",1,"2024/02/01 03:35:00","WOOLNTH1","105.419998",NA,NA,NA
"D","DISPATCH","UNIT_SCADA",1,"2024/02/01 03:35:00","YAMBUKWF","4",NA,NA,NA
"D","DISPATCH","UNIT_SCADA",1,"2024/02/01 03:35:00","YSWF1","3.90",NA,NA,NA
"D","DISPATCH","UNIT_SCADA",1,"2024/02/01 03:45:00","BARCSF1","0.10",NA,NA,NA
"D","DISPATCH","UNIT_SCADA",1,"2024/02/01 03:45:00","BUTLERSG","9.099998",NA,NA,NA
"D","DISPATCH","UNIT_SCADA",1,"2024/02/01 03:45:00","BWTR1","14.118520",NA,NA,NA
"D","DISPATCH","UNIT_SCADA",1,"2024/02/01 03:45:00","CAPTL_WF","0",NA,NA,NA
"D","DISPATCH","UNIT_SCADA",1,"2024/02/01 03:45:00","CHALLHWF","0",NA,NA,NA
"D","DISPATCH","UNIT_SCADA",1,"2024/02/01 03:45:00","CLOVER","-0.02",NA,NA,NA
"D","DISPATCH","UNIT_SCADA",1,"2024/02/01 03:45:00","CLUNY","5.190661",NA,NA,NA
"D","DISPATCH","UNIT_SCADA",1,"2024/02/01 03:45:00","CONDONG1","-0.87",NA,NA,NA
"D","DISPATCH","UNIT_SCADA",1,"2024/02/01 03:45:00","CULLRGWF","4.15",NA,NA,NA
"D","DISPATCH","UNIT_SCADA",1,"2024/02/01 03:45:00","DIAPURWF1","0",NA,NA,NA
"D","DISPATCH","UNIT_SCADA",1,"2024/02/01 03:45:00","ERGT01","0",NA,NA,NA
"D","DISPATCH","UNIT_SCADA",1,"2024/02/01 03:45:00","GB01","0",NA,NA,NA
"D","DISPATCH","UNIT_SCADA",1,"2024/02/01 03:45:00","GERMCRK","16.082001",NA,NA,NA
"D","DISPATCH","UNIT_SCADA",1,"2024/02/01 03:45:00","GRIFSF1","0",NA,NA,NA
"D","DISPATCH","UNIT_SCADA",1,"2024/02/01 03:45:00","HUGSF1","-0.0490",NA,NA,NA
"D","DISPATCH","UNIT_SCADA",1,"2024/02/01 03:45:00","KEPBG1","0",NA,NA,NA
"D","DISPATCH","UNIT_SCADA",1,"2024/02/01 03:45:00","LRSF1","0.0480",NA,NA,NA
"D","DISPATCH","UNIT_SCADA",1,"2024/02/01 03:45:00","MBAHNTH","45.018753",NA,NA,NA
"D","DISPATCH","UNIT_SCADA",1,"2024/02/01 03:45:00","MLSP1","0.0140",NA,NA,NA
"D","DISPATCH","UNIT_SCADA",1,"2024/02/01 03:45:00","MLWF1","5.7750",NA,NA,NA
"D","DISPATCH","UNIT_SCADA",1,"2024/02/01 03:45:00","PALOONA","0",NA,NA,NA
"D","DISPATCH","UNIT_SCADA",1,"2024/02/01 03:45:00","PIONEER","-0.40",NA,NA,NA
"D","DISPATCH","UNIT_SCADA",1,"2024/02/01 03:45:00","PORTWF","44.700001",NA,NA,NA
"D","DISPATCH","UNIT_SCADA",1,"2024/02/01 03:45:00","REPULSE","9.334249",NA,NA,NA
"D","DISPATCH","UNIT_SCADA",1,"2024/02/01 03:45:00","ROWALLAN","0",NA,NA,NA
"D","DISPATCH","UNIT_SCADA",1,"2024/02/01 03:45:00","ROYALLA1","0",NA,NA,NA
"D","DISPATCH","UNIT_SCADA",1,"2024/02/01 03:45:00","RPCG","-0.20",NA,NA,NA
"D","DISPATCH","UNIT_SCADA",1,"2024/02/01 03:45:00","RUBICON","0.72",NA,NA,NA
"D","DISPATCH","UNIT_SCADA",1,"2024/02/01 03:45:00","SHOAL1","11.95",NA,NA,NA
"D","DISPATCH","UNIT_SCADA",1,"2024/02/01 03:45:00","WAUBRAWF","24.15",NA,NA,NA
"D","DISPATCH","UNIT_SCADA",1,"2024/02/01 03:45:00","WOOLNTH1","107.839996",NA,NA,NA
"D","DISPATCH","UNIT_SCADA",1,"2024/02/01 03:45:00","YAMBUKWF","3.40",NA,NA,NA
"D","DISPATCH","UNIT_SCADA",1,"2024/02/01 03:45:00","YSWF1","3.30",NA,NA,NA
"D","DISPATCH","UNIT_SCADA",1,"2024/02/01 04:05:00","BARCSF1","0.10",NA,NA,NA
"D","DISPATCH","UNIT_SCADA",1,"2024/02/01 04:05:00","BUTLERSG","9.099998",NA,NA,NA
"D","DISPATCH","UNIT_SCADA",1,"2024/02/01 04:05:00","BWTR1","14.632960",NA,NA,NA
"D","DISPATCH","UNIT_SCADA",1,"2024/02/01 04:05:00","CAPTL_WF","0",NA,NA,NA
"D","DISPATCH","UNIT_SCADA",1,"2024/02/01 04:05:00","CHALLHWF","0",NA,NA,NA
"D","DISPATCH","UNIT_SCADA",1,"2024/02/01 04:05:00","CLOVER","-0.02",NA,NA,NA
"D","DISPATCH","UNIT_SCADA",1,"2024/02/01 04:05:00","CLUNY","5.162280",NA,NA,NA
"D","DISPATCH","UNIT_SCADA",1,"2024/02/01 04:05:00","CONDONG1","-0.98",NA,NA,NA
"D","DISPATCH","UNIT_SCADA",1,"2024/02/01 04:05:00","CULLRGWF","4.29",NA,NA,NA
"D","DISPATCH","UNIT_SCADA",1,"2024/02/01 04:05:00","DIAPURWF1","0",NA,NA,NA
"D","DISPATCH","UNIT_SCADA",1,"2024/02/01 04:05:00","ERGT01","0",NA,NA,NA
"D","DISPATCH","UNIT_SCADA",1,"2024/02/01 04:05:00","GB01","0",NA,NA,NA
"D","DISPATCH","UNIT_SCADA",1,"2024/02/01 04:05:00","GERMCRK","12.5350",NA,NA,NA
"D","DISPATCH","UNIT_SCADA",1,"2024/02/01 04:05:00","GRIFSF1","0",NA,NA,NA
"D","DISPATCH","UNIT_SCADA",1,"2024/02/01 04:05:00","HUGSF1","-0.0490",NA,NA,NA
"D","DISPATCH","UNIT_SCADA",1,"2024/02/01 04:05:00","KEPBG1","0",NA,NA,NA
"D","DISPATCH","UNIT_SCADA",1,"2024/02/01 04:05:00","LRSF1","0.0480",NA,NA,NA
"D","DISPATCH","UNIT_SCADA",1,"2024/02/01 04:05:00","MBAHNTH","42.206253",NA,NA,NA
"D","DISPATCH","UNIT_SCADA",1,"2024/02/01 04:05:00","MLSP1","0.0140",NA,NA,NA
"D","DISPATCH","UNIT_SCADA",1,"2024/02/01 04:05:00","MLWF1","7.32",NA,NA,NA
"D","DISPATCH","UNIT_SCADA",1,"2024/02/01 04:05:00","PALOONA","0",NA,NA,NA
"D","DISPATCH","UNIT_SCADA",1,"2024/02/01 04:05:00","PIONEER","-0.40",NA,NA,NA
"D","DISPATCH","UNIT_SCADA",1,"2024/02/01 04:05:00","PORTWF","59.900002",NA,NA,NA
"D","DISPATCH","UNIT_SCADA",1,"2024/02/01 04:05:00","REPULSE","9.320821",NA,NA,NA
"D","DISPATCH","UNIT_SCADA",1,"2024/02/01 04:05:00","ROWALLAN","0",NA,NA,NA
"D","DISPATCH","UNIT_SCADA",1,"2024/02/01 04:05:00","ROYALLA1","0",NA,NA,NA
"D","DISPATCH","UNIT_SCADA",1,"2024/02/01 04:05:00","RPCG","-0.20",NA,NA,NA
"D","DISPATCH","UNIT_SCADA",1,"2024/02/01 04:05:00","RUBICON","0.72",NA,NA,NA
"D","DISPATCH","UNIT_SCADA",1,"2024/02/01 04:05:00","SHOAL1","11.95",NA,NA,NA
"D","DISPATCH","UNIT_SCADA",1,"2024/02/01 04:05:00","WAUBRAWF","18.794001",NA,NA,NA
"D","DISPATCH","UNIT_SCADA",1,"2024/02/01 04:05:00","WOOLNTH1","116.179993",NA,NA,NA
"D","DISPATCH","UNIT_SCADA",1,"2024/02/01 04:05:00","YAMBUKWF","2.70",NA,NA,NA
"D","DISPATCH","UNIT_SCADA",1,"2024/02/01 04:05:00","YSWF1","3.70",NA,NA,NA
"D","DISPATCH","UNIT_SCADA",1,"2024/02/01 04:10:00","BARCSF1","0.10",NA,NA,NA
"D","DISPATCH","UNIT_SCADA",1,"2024/02/01 04:10:00","BUTLERSG","9.099998",NA,NA,NA
"D","DISPATCH","UNIT_SCADA",1,"2024/02/01 04:10:00","BWTR1","14.975920",NA,NA,NA
"D","DISPATCH","UNIT_SCADA",1,"2024/02/01 04:10:00","CAPTL_WF","0",NA,NA,NA
"D","DISPATCH","UNIT_SCADA",1,"2024/02/01 04:10:00","CHALLHWF","0",NA,NA,NA
"D","DISPATCH","UNIT_SCADA",1,"2024/02/01 04:10:00","CLOVER","-0.01",NA,NA,NA
"D","DISPATCH","UNIT_SCADA",1,"2024/02/01 04:10:00","CLUNY","5.181506",NA,NA,NA
"D","DISPATCH","UNIT_SCADA",1,"2024/02/01 04:10:00","CONDONG1","-0.98",NA,NA,NA
"D","DISPATCH","UNIT_SCADA",1,"2024/02/01 04:10:00","CULLRGWF","3.73",NA,NA,NA
"D","DISPATCH","UNIT_SCADA",1,"2024/02/01 04:10:00","DIAPURWF1","0",NA,NA,NA
"D","DISPATCH","UNIT_SCADA",1,"2024/02/01 04:10:00","ERGT01","0",NA,NA,NA
"D","DISPATCH","UNIT_SCADA",1,"2024/02/01 04:10:00","GB01","0",NA,NA,NA
"D","DISPATCH","UNIT_SCADA",1,"2024/02/01 04:10:00","GERMCRK","12.9680",NA,NA,NA
"D","DISPATCH","UNIT_SCADA",1,"2024/02/01 04:10:00","GRIFSF1","0",NA,NA,NA
"D","DISPATCH","UNIT_SCADA",1,"2024/02/01 04:10:00","HUGSF1","-0.0490",NA,NA,NA
"D","DISPATCH","UNIT_SCADA",1,"2024/02/01 04:10:00","KEPBG1","0",NA,NA,NA
"D","DISPATCH","UNIT_SCADA",1,"2024/02/01 04:10:00","LRSF1","0.0480",NA,NA,NA
"D","DISPATCH","UNIT_SCADA",1,"2024/02/01 04:10:00","MBAHNTH","42.637497",NA,NA,NA
"D","DISPATCH","UNIT_SCADA",1,"2024/02/01 04:10:00","MLSP1","0.0140",NA,NA,NA
"D","DISPATCH","UNIT_SCADA",1,"2024/02/01 04:10:00","MLWF1","7.17",NA,NA,NA
"D","DISPATCH","UNIT_SCADA",1,"2024/02/01 04:10:00","PALOONA","0",NA,NA,NA
"D","DISPATCH","UNIT_SCADA",1,"2024/02/01 04:10:00","PIONEER","-0.40",NA,NA,NA
"D","DISPATCH","UNIT_SCADA",1,"2024/02/01 04:10:00","PORTWF","60.400002",NA,NA,NA
"D","DISPATCH","UNIT_SCADA",1,"2024/02/01 04:10:00","REPULSE","9.207294",NA,NA,NA
"D","DISPATCH","UNIT_SCADA",1,"2024/02/01 04:10:00","ROWALLAN","0",NA,NA,NA
"D","DISPATCH","UNIT_SCADA",1,"2024/02/01 04:10:00","ROYALLA1","0",NA,NA,NA
"D","DISPATCH","UNIT_SCADA",1,"2024/02/01 04:10:00","RPCG","-0.20",NA,NA,NA
"D","DISPATCH","UNIT_SCADA",1,"2024/02/01 04:10:00","RUBICON","0.72",NA,NA,NA
"D","DISPATCH","UNIT_SCADA",1,"2024/02/01 04:10:00","SHOAL1","11.95",NA,NA,NA
"D","DISPATCH","UNIT_SCADA",1,"2024/02/01 04:10:00","WAUBRAWF","18.219999",NA,NA,NA
"D","DISPATCH","UNIT_SCADA",1,"2024/02/01 04:10:00","WOOLNTH1","115.869995",NA,NA,NA
"D","DISPATCH","UNIT_SCADA",1,"2024/02/01 04:10:00","YAMBUKWF","2.90",NA,NA,NA
"D","DISPATCH","UNIT_SCADA",1,"2024/02/01 04:10:00","YSWF1","3.50",NA,NA,NA
"D","DISPATCH","UNIT_SCADA",1,"2024/02/01 04:40:00","BARCSF1","0.10",NA,NA,NA
"D","DISPATCH","UNIT_SCADA",1,"2024/02/01 04:40:00","BUTLERSG","9.099998",NA,NA,NA
"D","DISPATCH","UNIT_SCADA",1,"2024/02/01 04:40:00","BWTR1","14.975920",NA,NA,NA
"D","DISPATCH","UNIT_SCADA",1,"2024/02/01 04:40:00","CAPTL_WF","0",NA,NA,NA
"D","DISPATCH","UNIT_SCADA",1,"2024/02/01 04:40:00","CHALLHWF","1.60",NA,NA,NA
"D","DISPATCH","UNIT_SCADA",1,"2024/02/01 04:40:00","CLOVER","-0.05",NA,NA,NA
"D","DISPATCH","UNIT_SCADA",1,"2024/02/01 04:40:00","CLUNY","4.824445",NA,NA,NA
"D","DISPATCH","UNIT_SCADA",1,"2024/02/01 04:40:00","CONDONG1","-0.88",NA,NA,NA
"D","DISPATCH","UNIT_SCADA",1,"2024/02/01 04:40:00","CULLRGWF","3.65",NA,NA,NA
"D","DISPATCH","UNIT_SCADA",1,"2024/02/01 04:40:00","DIAPURWF1","0",NA,NA,NA
"D","DISPATCH","UNIT_SCADA",1,"2024/02/01 04:40:00","ERGT01","0",NA,NA,NA
"D","DISPATCH","UNIT_SCADA",1,"2024/02/01 04:40:00","GB01","0",NA,NA,NA
"D","DISPATCH","UNIT_SCADA",1,"2024/02/01 04:40:00","GERMCRK","16",NA,NA,NA
"D","DISPATCH","UNIT_SCADA",1,"2024/02/01 04:40:00","GRIFSF1","0",NA,NA,NA
"D","DISPATCH","UNIT_SCADA",1,"2024/02/01 04:40:00","HUGSF1","-0.0490",NA,NA,NA
"D","DISPATCH","UNIT_SCADA",1,"2024/02/01 04:40:00","KEPBG1","0",NA,NA,NA
"D","DISPATCH","UNIT_SCADA",1,"2024/02/01 04:40:00","LRSF1","0.0480",NA,NA,NA
"D","DISPATCH","UNIT_SCADA",1,"2024/02/01 04:40:00","MBAHNTH","41.906250",NA,NA,NA
"D","DISPATCH","UNIT_SCADA",1,"2024/02/01 04:40:00","MLSP1","0.0140",NA,NA,NA
"D","DISPATCH","UNIT_SCADA",1,"2024/02/01 04:40:00","MLWF1","4.3350",NA,NA,NA
"D","DISPATCH","UNIT_SCADA",1,"2024/02/01 04:40:00","PALOONA","0",NA,NA,NA
"D","DISPATCH","UNIT_SCADA",1,"2024/02/01 04:40:00","PIONEER","-0.40",NA,NA,NA
"D","DISPATCH","UNIT_SCADA",1,"2024/02/01 04:40:00","PORTWF","43.299999",NA,NA,NA
"D","DISPATCH","UNIT_SCADA",1,"2024/02/01 04:40:00","REPULSE","7.359121",NA,NA,NA
"D","DISPATCH","UNIT_SCADA",1,"2024/02/01 04:40:00","ROWALLAN","0",NA,NA,NA
"D","DISPATCH","UNIT_SCADA",1,"2024/02/01 04:40:00","ROYALLA1","0",NA,NA,NA
"D","DISPATCH","UNIT_SCADA",1,"2024/02/01 04:40:00","RPCG","-0.20",NA,NA,NA
"D","DISPATCH","UNIT_SCADA",1,"2024/02/01 04:40:00","RUBICON","0.72",NA,NA,NA
"D","DISPATCH","UNIT_SCADA",1,"2024/02/01 04:40:00","SHOAL1","11.9250",NA,NA,NA
"D","DISPATCH","UNIT_SCADA",1,"2024/02/01 04:40:00","WAUBRAWF","19.7230",NA,NA,NA
"D","DISPATCH","UNIT_SCADA",1,"2024/02/01 04:40:00","WOOLNTH1","118.439995",NA,NA,NA
"D","DISPATCH","UNIT_SCADA",1,"2024/02/01 17:15:00","ROWALLAN","0",NA,NA,NA
"D","DISPATCH","UNIT_SCADA",1,"2024/02/01 17:15:00","ROYALLA1","4.4360",NA,NA,NA
"D","DISPATCH","UNIT_SCADA",1,"2024/02/01 17:15:00","RPCG","-1.60",NA,NA,NA
"D","DISPATCH","UNIT_SCADA",1,"2024/02/01 17:15:00","RUBICON","0.81",NA,NA,NA
"D","DISPATCH","UNIT_SCADA",1,"2024/02/01 17:15:00","SHOAL1","19.950001",NA,NA,NA
"D","DISPATCH","UNIT_SCADA",1,"2024/02/01 17:15:00","WAUBRAWF","159.647003",NA,NA,NA
"D","DISPATCH","UNIT_SCADA",1,"2024/02/01 17:15:00","WOOLNTH1","126.520004",NA,NA,NA
"D","DISPATCH","UNIT_SCADA",1,"2024/02/01 17:15:00","YAMBUKWF","23.50",NA,NA,NA
"D","DISPATCH","UNIT_SCADA",1,"2024/02/01 17:15:00","YSWF1","27",NA,NA,NA
"D","DISPATCH","UNIT_SCADA",1,"2024/02/01 17:20:00","BARCSF1","13.400001",NA,NA,NA
"D","DISPATCH","UNIT_SCADA",1,"2024/02/01 17:20:00","BUTLERSG","9.099998",NA,NA,NA
"D","DISPATCH","UNIT_SCADA",1,"2024/02/01 17:20:00","BWTR1","14.8616",NA,NA,NA
"D","DISPATCH","UNIT_SCADA",1,"2024/02/01 17:20:00","CAPTL_WF","63.833008",NA,NA,NA
"D","DISPATCH","UNIT_SCADA",1,"2024/02/01 17:20:00","CHALLHWF","24.40",NA,NA,NA
"D","DISPATCH","UNIT_SCADA",1,"2024/02/01 17:20:00","CLOVER","-0.01",NA,NA,NA
"D","DISPATCH","UNIT_SCADA",1,"2024/02/01 17:20:00","CLUNY","2.190433",NA,NA,NA
"D","DISPATCH","UNIT_SCADA",1,"2024/02/01 17:20:00","CONDONG1","-0.73",NA,NA,NA
"D","DISPATCH","UNIT_SCADA",1,"2024/02/01 17:20:00","CULLRGWF","13.20",NA,NA,NA
"D","DISPATCH","UNIT_SCADA",1,"2024/02/01 17:20:00","DIAPURWF1","0",NA,NA,NA
"D","DISPATCH","UNIT_SCADA",1,"2024/02/01 17:20:00","ERGT01","0",NA,NA,NA
"D","DISPATCH","UNIT_SCADA",1,"2024/02/01 17:20:00","GB01","0",NA,NA,NA
"D","DISPATCH","UNIT_SCADA",1,"2024/02/01 17:20:00","GERMCRK","15.2580",NA,NA,NA
"D","DISPATCH","UNIT_SCADA",1,"2024/02/01 17:20:00","GRIFSF1","24.635424",NA,NA,NA
"D","DISPATCH","UNIT_SCADA",1,"2024/02/01 17:20:00","HUGSF1","5.6350",NA,NA,NA
"D","DISPATCH","UNIT_SCADA",1,"2024/02/01 17:20:00","KEPBG1","0",NA,NA,NA
"D","DISPATCH","UNIT_SCADA",1,"2024/02/01 17:20:00","LRSF1","9.9820",NA,NA,NA
"D","DISPATCH","UNIT_SCADA",1,"2024/02/01 17:20:00","MBAHNTH","48.449997",NA,NA,NA
"D","DISPATCH","UNIT_SCADA",1,"2024/02/01 17:20:00","MLSP1","3.09",NA,NA,NA
"D","DISPATCH","UNIT_SCADA",1,"2024/02/01 17:20:00","MLWF1","12.7050",NA,NA,NA
"D","DISPATCH","UNIT_SCADA",1,"2024/02/01 17:20:00","PALOONA","9.88",NA,NA,NA
"D","DISPATCH","UNIT_SCADA",1,"2024/02/01 17:20:00","PIONEER","-0.50",NA,NA,NA
"D","DISPATCH","UNIT_SCADA",1,"2024/02/01 17:20:00","PORTWF","92.400002",NA,NA,NA
"D","DISPATCH","UNIT_SCADA",1,"2024/02/01 17:20:00","REPULSE","3.402762",NA,NA,NA
"D","DISPATCH","UNIT_SCADA",1,"2024/02/01 17:20:00","ROWALLAN","0",NA,NA,NA
"D","DISPATCH","UNIT_SCADA",1,"2024/02/01 17:20:00","ROYALLA1","3.86",NA,NA,NA
"D","DISPATCH","UNIT_SCADA",1,"2024/02/01 17:20:00","RPCG","-1.60",NA,NA,NA
"D","DISPATCH","UNIT_SCADA",1,"2024/02/01 17:20:00","RUBICON","0.81",NA,NA,NA
"D","DISPATCH","UNIT_SCADA",1,"2024/02/01 17:20:00","SHOAL1","19.950001",NA,NA,NA
"D","DISPATCH","UNIT_SCADA",1,"2024/02/01 17:20:00","WAUBRAWF","164.005005",NA,NA,NA
"D","DISPATCH","UNIT_SCADA",1,"2024/02/01 17:20:00","WOOLNTH1","126.529999",NA,NA,NA
"D","DISPATCH","UNIT_SCADA",1,"2024/02/01 17:20:00","YAMBUKWF","23.60",NA,NA,NA
"D","DISPATCH","UNIT_SCADA",1,"2024/02/01 17:20:00","YSWF1","24.700001",NA,NA,NA
"D","DISPATCH","UNIT_SCADA",1,"2024/02/01 17:25:00","BARCSF1","13.400001",NA,NA,NA
"D","DISPATCH","UNIT_SCADA",1,"2024/02/01 17:25:00","BUTLERSG","9.099998",NA,NA,NA
"D","DISPATCH","UNIT_SCADA",1,"2024/02/01 17:25:00","BWTR1","14.8616",NA,NA,NA
"D","DISPATCH","UNIT_SCADA",1,"2024/02/01 17:25:00","CAPTL_WF","68.024475",NA,NA,NA
"D","DISPATCH","UNIT_SCADA",1,"2024/02/01 17:25:00","CHALLHWF","25.200001",NA,NA,NA
"D","DISPATCH","UNIT_SCADA",1,"2024/02/01 17:25:00","CLOVER","-0.02",NA,NA,NA
"D","DISPATCH","UNIT_SCADA",1,"2024/02/01 17:25:00","CLUNY","2.185855",NA,NA,NA
"D","DISPATCH","UNIT_SCADA",1,"2024/02/01 17:25:00","CONDONG1","-0.73",NA,NA,NA
"D","DISPATCH","UNIT_SCADA",1,"2024/02/01 17:25:00","CULLRGWF","11.99",NA,NA,NA
"D","DISPATCH","UNIT_SCADA",1,"2024/02/01 17:25:00","DIAPURWF1","0",NA,NA,NA
"D","DISPATCH","UNIT_SCADA",1,"2024/02/01 17:25:00","ERGT01","0",NA,NA,NA
"D","DISPATCH","UNIT_SCADA",1,"2024/02/01 17:25:00","GB01","0",NA,NA,NA
"D","DISPATCH","UNIT_SCADA",1,"2024/02/01 17:25:00","GERMCRK","15.6810",NA,NA,NA
"D","DISPATCH","UNIT_SCADA",1,"2024/02/01 17:25:00","GRIFSF1","24.226357",NA,NA,NA
"D","DISPATCH","UNIT_SCADA",1,"2024/02/01 17:25:00","HUGSF1","5.2830",NA,NA,NA
"D","DISPATCH","UNIT_SCADA",1,"2024/02/01 17:25:00","KEPBG1","0",NA,NA,NA
"D","DISPATCH","UNIT_SCADA",1,"2024/02/01 17:25:00","LRSF1","10.025001",NA,NA,NA
"D","DISPATCH","UNIT_SCADA",1,"2024/02/01 17:25:00","MBAHNTH","48.918747",NA,NA,NA
"D","DISPATCH","UNIT_SCADA",1,"2024/02/01 17:25:00","MLSP1","2.8390",NA,NA,NA
"D","DISPATCH","UNIT_SCADA",1,"2024/02/01 17:25:00","MLWF1","9.24",NA,NA,NA
"D","DISPATCH","UNIT_SCADA",1,"2024/02/01 17:25:00","PALOONA","9.809999",NA,NA,NA
"D","DISPATCH","UNIT_SCADA",1,"2024/02/01 17:25:00","PIONEER","-0.70",NA,NA,NA
"D","DISPATCH","UNIT_SCADA",1,"2024/02/01 17:25:00","PORTWF","95.099998",NA,NA,NA
"D","DISPATCH","UNIT_SCADA",1,"2024/02/01 17:25:00","REPULSE","3.358816",NA,NA,NA
"D","DISPATCH","UNIT_SCADA",1,"2024/02/01 17:25:00","ROWALLAN","0",NA,NA,NA
"D","DISPATCH","UNIT_SCADA",1,"2024/02/01 17:25:00","ROYALLA1","3.4280",NA,NA,NA
"D","DISPATCH","UNIT_SCADA",1,"2024/02/01 17:25:00","RPCG","-1.60",NA,NA,NA
"D","DISPATCH","UNIT_SCADA",1,"2024/02/01 17:25:00","RUBICON","0.81",NA,NA,NA
"D","DISPATCH","UNIT_SCADA",1,"2024/02/01 17:25:00","SHOAL1","19.950001",NA,NA,NA
"D","DISPATCH","UNIT_SCADA",1,"2024/02/01 17:25:00","WAUBRAWF","156.160004",NA,NA,NA
"D","DISPATCH","UNIT_SCADA",1,"2024/02/01 17:25:00","WOOLNTH1","127.929993",NA,NA,NA
"D","DISPATCH","UNIT_SCADA",1,"2024/02/01 17:25:00","YAMBUKWF","22.799999",NA,NA,NA
"D","DISPATCH","UNIT_SCADA",1,"2024/02/01 17:25:00","YSWF1","21.700001",NA,NA,NA
"D","DISPATCH","UNIT_SCADA",1,"2024/02/01 17:30:00","BARCSF1","13.400001",NA,NA,NA
"D","DISPATCH","UNIT_SCADA",1,"2024/02/01 17:30:00","BUTLERSG","9.099998",NA,NA,NA
"D","DISPATCH","UNIT_SCADA",1,"2024/02/01 17:30:00","BWTR1","14.8616",NA,NA,NA
"D","DISPATCH","UNIT_SCADA",1,"2024/02/01 17:30:00","CAPTL_WF","70.055756",NA,NA,NA
"D","DISPATCH","UNIT_SCADA",1,"2024/02/01 17:30:00","CHALLHWF","24.299999",NA,NA,NA
"D","DISPATCH","UNIT_SCADA",1,"2024/02/01 17:30:00","CLOVER","0",NA,NA,NA
"D","DISPATCH","UNIT_SCADA",1,"2024/02/01 17:30:00","CLUNY","2.176699",NA,NA,NA
"D","DISPATCH","UNIT_SCADA",1,"2024/02/01 17:30:00","CONDONG1","-0.74",NA,NA,NA
"D","DISPATCH","UNIT_SCADA",1,"2024/02/01 17:30:00","CULLRGWF","10.74",NA,NA,NA
"D","DISPATCH","UNIT_SCADA",1,"2024/02/01 17:30:00","DIAPURWF1","0",NA,NA,NA
"D","DISPATCH","UNIT_SCADA",1,"2024/02/01 17:30:00","ERGT01","0",NA,NA,NA
"D","DISPATCH","UNIT_SCADA",1,"2024/02/01 17:30:00","GB01","0",NA,NA,NA
"D","DISPATCH","UNIT_SCADA",1,"2024/02/01 17:30:00","GERMCRK","16.471001",NA,NA,NA
"D","DISPATCH","UNIT_SCADA",1,"2024/02/01 17:30:00","GRIFSF1","23.772049",NA,NA,NA
"D","DISPATCH","UNIT_SCADA",1,"2024/02/01 17:30:00","HUGSF1","4.9540",NA,NA,NA
"D","DISPATCH","UNIT_SCADA",1,"2024/02/01 17:30:00","KEPBG1","0",NA,NA,NA
"D","DISPATCH","UNIT_SCADA",1,"2024/02/01 17:30:00","LRSF1","10.025001",NA,NA,NA
"D","DISPATCH","UNIT_SCADA",1,"2024/02/01 17:30:00","MBAHNTH","49.425003",NA,NA,NA
"D","DISPATCH","UNIT_SCADA",1,"2024/02/01 17:30:00","MLSP1","2.5880",NA,NA,NA
"D","DISPATCH","UNIT_SCADA",1,"2024/02/01 17:30:00","MLWF1","12.93",NA,NA,NA
"D","DISPATCH","UNIT_SCADA",1,"2024/02/01 17:30:00","PALOONA","9.719999",NA,NA,NA
"D","DISPATCH","UNIT_SCADA",1,"2024/02/01 17:30:00","PIONEER","-0.70",NA,NA,NA
"D","DISPATCH","UNIT_SCADA",1,"2024/02/01 17:30:00","PORTWF","97.699997",NA,NA,NA
"D","DISPATCH","UNIT_SCADA",1,"2024/02/01 17:30:00","REPULSE","3.180591",NA,NA,NA
"D","DISPATCH","UNIT_SCADA",1,"2024/02/01 17:30:00","ROWALLAN","0",NA,NA,NA
"D","DISPATCH","UNIT_SCADA",1,"2024/02/01 17:30:00","ROYALLA1","3.0160",NA,NA,NA
"D","DISPATCH","UNIT_SCADA",1,"2024/02/01 17:30:00","RPCG","-1.60",NA,NA,NA
"D","DISPATCH","UNIT_SCADA",1,"2024/02/01 17:30:00","RUBICON","0.81",NA,NA,NA
"D","DISPATCH","UNIT_SCADA",1,"2024/02/01 17:30:00","SHOAL1","19.950001",NA,NA,NA
"D","DISPATCH","UNIT_SCADA",1,"2024/02/01 17:30:00","WAUBRAWF","149.649994",NA,NA,NA
"D","DISPATCH","UNIT_SCADA",1,"2024/02/01 17:30:00","WOOLNTH1","127.499992",NA,NA,NA
"D","DISPATCH","UNIT_SCADA",1,"2024/02/01 17:30:00","YAMBUKWF","23.60",NA,NA,NA
"D","DISPATCH","UNIT_SCADA",1,"2024/02/01 17:30:00","YSWF1","24.200001",NA,NA,NA
"D","DISPATCH","UNIT_SCADA",1,"2024/02/01 17:45:00","BARCSF1","13",NA,NA,NA
"D","DISPATCH","UNIT_SCADA",1,"2024/02/01 17:45:00","BUTLERSG","8.999998",NA,NA,NA
"D","DISPATCH","UNIT_SCADA",1,"2024/02/01 17:45:00","BWTR1","14.5758",NA,NA,NA
"D","DISPATCH","UNIT_SCADA",1,"2024/02/01 17:45:00","CAPTL_WF","79.821533",NA,NA,NA
"D","DISPATCH","UNIT_SCADA",1,"2024/02/01 17:45:00","CHALLHWF","21.10",NA,NA,NA
"D","DISPATCH","UNIT_SCADA",1,"2024/02/01 17:45:00","CLOVER","-0.02",NA,NA,NA
"D","DISPATCH","UNIT_SCADA",1,"2024/02/01 17:45:00","CLUNY","2.172122",NA,NA,NA
"D","DISPATCH","UNIT_SCADA",1,"2024/02/01 17:45:00","CONDONG1","-0.73",NA,NA,NA
"D","DISPATCH","UNIT_SCADA",1,"2024/02/01 17:45:00","CULLRGWF","15.54",NA,NA,NA
"D","DISPATCH","UNIT_SCADA",1,"2024/02/01 17:45:00","DIAPURWF1","0",NA,NA,NA
"D","DISPATCH","UNIT_SCADA",1,"2024/02/01 17:45:00","ERGT01","0",NA,NA,NA
"D","DISPATCH","UNIT_SCADA",1,"2024/02/01 17:45:00","GB01","0",NA,NA,NA
"D","DISPATCH","UNIT_SCADA",1,"2024/02/01 17:45:00","GERMCRK","15.5360",NA,NA,NA
"D","DISPATCH","UNIT_SCADA",1,"2024/02/01 17:45:00","GRIFSF1","21.129139",NA,NA,NA
"D","DISPATCH","UNIT_SCADA",1,"2024/02/01 17:45:00","HUGSF1","3.9960",NA,NA,NA
"D","DISPATCH","UNIT_SCADA",1,"2024/02/01 17:45:00","KEPBG1","0",NA,NA,NA
"D","DISPATCH","UNIT_SCADA",1,"2024/02/01 17:45:00","LRSF1","10.025001",NA,NA,NA
"D","DISPATCH","UNIT_SCADA",1,"2024/02/01 17:45:00","MBAHNTH","49.050003",NA,NA,NA
"D","DISPATCH","UNIT_SCADA",1,"2024/02/01 17:45:00","MLSP1","1.8360",NA,NA,NA
"D","DISPATCH","UNIT_SCADA",1,"2024/02/01 17:45:00","MLWF1","9.48",NA,NA,NA
"D","DISPATCH","UNIT_SCADA",1,"2024/02/01 17:45:00","PALOONA","9.82",NA,NA,NA
"D","DISPATCH","UNIT_SCADA",1,"2024/02/01 17:45:00","PIONEER","-0.70",NA,NA,NA
"D","DISPATCH","UNIT_SCADA",1,"2024/02/01 17:45:00","PORTWF","88.699997",NA,NA,NA
"D","DISPATCH","UNIT_SCADA",1,"2024/02/01 17:45:00","REPULSE","3.237964",NA,NA,NA
"D","DISPATCH","UNIT_SCADA",1,"2024/02/01 17:45:00","ROWALLAN","0",NA,NA,NA
"D","DISPATCH","UNIT_SCADA",1,"2024/02/01 17:45:00","ROYALLA1","1.8880",NA,NA,NA
"D","DISPATCH","UNIT_SCADA",1,"2024/02/01 17:45:00","RPCG","-1.60",NA,NA,NA
"D","DISPATCH","UNIT_SCADA",1,"2024/02/01 17:45:00","RUBICON","0.81",NA,NA,NA
"D","DISPATCH","UNIT_SCADA",1,"2024/02/01 17:45:00","SHOAL1","19.924999",NA,NA,NA
"D","DISPATCH","UNIT_SCADA",1,"2024/02/01 17:45:00","WAUBRAWF","145.703995",NA,NA,NA
"D","DISPATCH","UNIT_SCADA",1,"2024/02/01 17:45:00","WOOLNTH1","129.539993",NA,NA,NA
"D","DISPATCH","UNIT_SCADA",1,"2024/02/01 17:45:00","YAMBUKWF","25.10",NA,NA,NA
"D","DISPATCH","UNIT_SCADA",1,"2024/02/01 17:45:00","YSWF1","27.200001",NA,NA,NA
"D","DISPATCH","UNIT_SCADA",1,"2024/02/01 17:50:00","BARCSF1","12.60",NA,NA,NA
"D","DISPATCH","UNIT_SCADA",1,"2024/02/01 17:50:00","BUTLERSG","9.099998",NA,NA,NA
"D","DISPATCH","UNIT_SCADA",1,"2024/02/01 17:50:00","BWTR1","14.5758",NA,NA,NA
"D","DISPATCH","UNIT_SCADA",1,"2024/02/01 17:50:00","CAPTL_WF","82.903610",NA,NA,NA
"D","DISPATCH","UNIT_SCADA",1,"2024/02/01 17:50:00","CHALLHWF","22.10",NA,NA,NA
"D","DISPATCH","UNIT_SCADA",1,"2024/02/01 17:50:00","CLOVER","-0.01",NA,NA,NA
"D","DISPATCH","UNIT_SCADA",1,"2024/02/01 17:50:00","CLUNY","2.166629",NA,NA,NA
"D","DISPATCH","UNIT_SCADA",1,"2024/02/01 17:50:00","CONDONG1","-0.73",NA,NA,NA
"D","DISPATCH","UNIT_SCADA",1,"2024/02/01 17:50:00","CULLRGWF","14.96",NA,NA,NA
"D","DISPATCH","UNIT_SCADA",1,"2024/02/01 17:50:00","DIAPURWF1","0",NA,NA,NA
"D","DISPATCH","UNIT_SCADA",1,"2024/02/01 17:50:00","ERGT01","0",NA,NA,NA
"D","DISPATCH","UNIT_SCADA",1,"2024/02/01 17:50:00","GB01","0",NA,NA,NA
"D","DISPATCH","UNIT_SCADA",1,"2024/02/01 17:50:00","GERMCRK","15.35",NA,NA,NA
"D","DISPATCH","UNIT_SCADA",1,"2024/02/01 17:50:00","GRIFSF1","19.890629",NA,NA,NA
"D","DISPATCH","UNIT_SCADA",1,"2024/02/01 17:50:00","HUGSF1","3.2070",NA,NA,NA
"D","DISPATCH","UNIT_SCADA",1,"2024/02/01 17:50:00","KEPBG1","0",NA,NA,NA
"D","DISPATCH","UNIT_SCADA",1,"2024/02/01 17:50:00","LRSF1","9.924001",NA,NA,NA
"D","DISPATCH","UNIT_SCADA",1,"2024/02/01 17:50:00","MBAHNTH","49.181244",NA,NA,NA
"D","DISPATCH","UNIT_SCADA",1,"2024/02/01 17:50:00","MLSP1","1.5850",NA,NA,NA
"D","DISPATCH","UNIT_SCADA",1,"2024/02/01 17:50:00","MLWF1","10.2750",NA,NA,NA
"D","DISPATCH","UNIT_SCADA",1,"2024/02/01 17:50:00","PALOONA","9.80",NA,NA,NA
"D","DISPATCH","UNIT_SCADA",1,"2024/02/01 17:50:00","PIONEER","-0.50",NA,NA,NA
"D","DISPATCH","UNIT_SCADA",1,"2024/02/01 17:50:00","PORTWF","87.099998",NA,NA,NA
"D","DISPATCH","UNIT_SCADA",1,"2024/02/01 17:50:00","REPULSE","3.200122",NA,NA,NA
"D","DISPATCH","UNIT_SCADA",1,"2024/02/01 17:50:00","ROWALLAN","0",NA,NA,NA
"D","DISPATCH","UNIT_SCADA",1,"2024/02/01 17:50:00","ROYALLA1","1.5590",NA,NA,NA
"D","DISPATCH","UNIT_SCADA",1,"2024/02/01 17:50:00","RPCG","-1.60",NA,NA,NA
"D","DISPATCH","UNIT_SCADA",1,"2024/02/01 17:50:00","RUBICON","0.81",NA,NA,NA
"D","DISPATCH","UNIT_SCADA",1,"2024/02/01 17:50:00","SHOAL1","19.9750",NA,NA,NA
"D","DISPATCH","UNIT_SCADA",1,"2024/02/01 17:50:00","WAUBRAWF","149.953995",NA,NA,NA
"D","DISPATCH","UNIT_SCADA",1,"2024/02/01 17:50:00","WOOLNTH1","127.469994",NA,NA,NA
"D","DISPATCH","UNIT_SCADA",1,"2024/02/01 17:50:00","YAMBUKWF","25.90",NA,NA,NA
"D","DISPATCH","UNIT_SCADA",1,"2024/02/01 17:50:00","YSWF1","23.10",NA,NA,NA
"D","DISPATCH","UNIT_SCADA",1,"2024/02/01 17:55:00","BARCSF1","11.900001",NA,NA,NA
"D","DISPATCH","UNIT_SCADA",1,"2024/02/01 17:55:00","BUTLERSG","8.999998",NA,NA,NA
"D","DISPATCH","UNIT_SCADA",1,"2024/02/01 17:55:00","BWTR1","14.5758",NA,NA,NA
"D","DISPATCH","UNIT_SCADA",1,"2024/02/01 17:55:00","CAPTL_WF","89.259171",NA,NA,NA
"D","DISPATCH","UNIT_SCADA",1,"2024/02/01 17:55:00","CHALLHWF","24.400002",NA,NA,NA
"D","DISPATCH","UNIT_SCADA",1,"2024/02/01 17:55:00","CLOVER","-0.01",NA,NA,NA
"D","DISPATCH","UNIT_SCADA",1,"2024/02/01 17:55:00","CLUNY","2.200504",NA,NA,NA
"D","DISPATCH","UNIT_SCADA",1,"2024/02/01 17:55:00","CONDONG1","-0.73",NA,NA,NA
"D","DISPATCH","UNIT_SCADA",1,"2024/02/01 17:55:00","CULLRGWF","13.47",NA,NA,NA
"D","DISPATCH","UNIT_SCADA",1,"2024/02/01 17:55:00","DIAPURWF1","0",NA,NA,NA
"D","DISPATCH","UNIT_SCADA",1,"2024/02/01 17:55:00","ERGT01","0",NA,NA,NA
"D","DISPATCH","UNIT_SCADA",1,"2024/02/01 17:55:00","GB01","0",NA,NA,NA
"D","DISPATCH","UNIT_SCADA",1,"2024/02/01 17:55:00","GERMCRK","15.3780",NA,NA,NA
"D","DISPATCH","UNIT_SCADA",1,"2024/02/01 17:55:00","GRIFSF1","18.659658",NA,NA,NA
"D","DISPATCH","UNIT_SCADA",1,"2024/02/01 17:55:00","HUGSF1","3.2250",NA,NA,NA
"D","DISPATCH","UNIT_SCADA",1,"2024/02/01 17:55:00","KEPBG1","2.01",NA,NA,NA
"D","DISPATCH","UNIT_SCADA",1,"2024/02/01 17:55:00","LRSF1","7.61",NA,NA,NA
"D","DISPATCH","UNIT_SCADA",1,"2024/02/01 17:55:00","MBAHNTH","49.274994",NA,NA,NA
"D","DISPATCH","UNIT_SCADA",1,"2024/02/01 17:55:00","MLSP1","1.3830",NA,NA,NA
"D","DISPATCH","UNIT_SCADA",1,"2024/02/01 17:55:00","MLWF1","10.83",NA,NA,NA
"D","DISPATCH","UNIT_SCADA",1,"2024/02/01 17:55:00","PALOONA","9.84",NA,NA,NA
"D","DISPATCH","UNIT_SCADA",1,"2024/02/01 17:55:00","PIONEER","-0.70",NA,NA,NA
"D","DISPATCH","UNIT_SCADA",1,"2024/02/01 17:55:00","PORTWF","87.699997",NA,NA,NA
"D","DISPATCH","UNIT_SCADA",1,"2024/02/01 17:55:00","REPULSE","3.059739",NA,NA,NA
"D","DISPATCH","UNIT_SCADA",1,"2024/02/01 17:55:00","ROWALLAN","0",NA,NA,NA
"D","DISPATCH","UNIT_SCADA",1,"2024/02/01 17:55:00","ROYALLA1","1.2510",NA,NA,NA
"D","DISPATCH","UNIT_SCADA",1,"2024/02/01 17:55:00","RPCG","-1.60",NA,NA,NA
"D","DISPATCH","UNIT_SCADA",1,"2024/02/01 17:55:00","RUBICON","0.81",NA,NA,NA
"D","DISPATCH","UNIT_SCADA",1,"2024/02/01 17:55:00","SHOAL1","19.9750",NA,NA,NA
"D","DISPATCH","UNIT_SCADA",1,"2024/02/01 17:55:00","WAUBRAWF","150.093002",NA,NA,NA
"D","DISPATCH","UNIT_SCADA",1,"2024/02/01 17:55:00","WOOLNTH1","127.809998",NA,NA,NA
"D","DISPATCH","UNIT_SCADA",1,"2024/02/01 17:55:00","YAMBUKWF","23.700001",NA,NA,NA
"D","DISPATCH","UNIT_SCADA",1,"2024/02/01 17:55:00","YSWF1","25.799999",NA,NA,NA
"D","DISPATCH","UNIT_SCADA",1,"2024/02/01 18:05:00","BARCSF1","9.900001",NA,NA,NA
"D","DISPATCH","UNIT_SCADA",1,"2024/02/01 18:05:00","BUTLERSG","9.099998",NA,NA,NA
"D","DISPATCH","UNIT_SCADA",1,"2024/02/01 18:05:00","BWTR1","14.5758",NA,NA,NA
"D","DISPATCH","UNIT_SCADA",1,"2024/02/01 18:05:00","CAPTL_WF","92.208435",NA,NA,NA
"D","DISPATCH","UNIT_SCADA",1,"2024/02/01 18:05:00","CHALLHWF","25.60",NA,NA,NA
"D","DISPATCH","UNIT_SCADA",1,"2024/02/01 18:05:00","CLOVER","-0.01",NA,NA,NA
"D","DISPATCH","UNIT_SCADA",1,"2024/02/01 18:05:00","CLUNY","2.252689",NA,NA,NA
"D","DISPATCH","UNIT_SCADA",1,"2024/02/01 18:05:00","CONDONG1","-0.73",NA,NA,NA
"D","DISPATCH","UNIT_SCADA",1,"2024/02/01 18:05:00","CULLRGWF","15.82",NA,NA,NA
"D","DISPATCH","UNIT_SCADA",1,"2024/02/01 18:05:00","DIAPURWF1","0",NA,NA,NA
"D","DISPATCH","UNIT_SCADA",1,"2024/02/01 18:05:00","ERGT01","0",NA,NA,NA
"D","DISPATCH","UNIT_SCADA",1,"2024/02/01 18:05:00","GB01","0",NA,NA,NA
"D","DISPATCH","UNIT_SCADA",1,"2024/02/01 18:05:00","GERMCRK","15.3660",NA,NA,NA
"D","DISPATCH","UNIT_SCADA",1,"2024/02/01 18:05:00","GRIFSF1","16.810375",NA,NA,NA
"D","DISPATCH","UNIT_SCADA",1,"2024/02/01 18:05:00","HUGSF1","2.2870",NA,NA,NA
"D","DISPATCH","UNIT_SCADA",1,"2024/02/01 18:05:00","KEPBG1","2.01",NA,NA,NA
"D","DISPATCH","UNIT_SCADA",1,"2024/02/01 18:05:00","LRSF1","7.9570",NA,NA,NA
"D","DISPATCH","UNIT_SCADA",1,"2024/02/01 18:05:00","MBAHNTH","51.206253",NA,NA,NA
"D","DISPATCH","UNIT_SCADA",1,"2024/02/01 18:05:00","MLSP1","0.9830",NA,NA,NA
"D","DISPATCH","UNIT_SCADA",1,"2024/02/01 18:05:00","MLWF1","10.14",NA,NA,NA
"D","DISPATCH","UNIT_SCADA",1,"2024/02/01 18:05:00","PALOONA","9.67",NA,NA,NA
"D","DISPATCH","UNIT_SCADA",1,"2024/02/01 18:05:00","PIONEER","-0.60",NA,NA,NA
"D","DISPATCH","UNIT_SCADA",1,"2024/02/01 18:05:00","PORTWF","74.800003",NA,NA,NA
"D","DISPATCH","UNIT_SCADA",1,"2024/02/01 18:05:00","REPULSE","2.970626",NA,NA,NA
"D","DISPATCH","UNIT_SCADA",1,"2024/02/01 18:05:00","ROWALLAN","0",NA,NA,NA
"D","DISPATCH","UNIT_SCADA",1,"2024/02/01 18:05:00","ROYALLA1","0.7340",NA,NA,NA
"D","DISPATCH","UNIT_SCADA",1,"2024/02/01 18:05:00","RPCG","-1.60",NA,NA,NA
"D","DISPATCH","UNIT_SCADA",1,"2024/02/01 18:05:00","RUBICON","0.81",NA,NA,NA
"D","DISPATCH","UNIT_SCADA",1,"2024/02/01 18:05:00","SHOAL1","19.9750",NA,NA,NA
"D","DISPATCH","UNIT_SCADA",1,"2024/02/01 18:05:00","WAUBRAWF","145.4590",NA,NA,NA
"D","DISPATCH","UNIT_SCADA",1,"2024/02/01 18:05:00","WOOLNTH1","127.970001",NA,NA,NA
"D","DISPATCH","UNIT_SCADA",1,"2024/02/01 18:05:00","YAMBUKWF","23.799999",NA,NA,NA
"D","DISPATCH","UNIT_SCADA",1,"2024/02/01 18:05:00","YSWF1","23.799999",NA,NA,NA
"D","DISPATCH","UNIT_SCADA",1,"2024/02/01 18:10:00","BARCSF1","8.800001",NA,NA,NA
"D","DISPATCH","UNIT_SCADA",1,"2024/02/01 18:10:00","BUTLERSG","8.999998",NA,NA,NA
"D","DISPATCH","UNIT_SCADA",1,"2024/02/01 18:10:00","BWTR1","14.5758",NA,NA,NA
"D","DISPATCH","UNIT_SCADA",1,"2024/02/01 18:10:00","CAPTL_WF","96.009277",NA,NA,NA
"D","DISPATCH","UNIT_SCADA",1,"2024/02/01 18:10:00","CHALLHWF","23.299999",NA,NA,NA
"D","DISPATCH","UNIT_SCADA",1,"2024/02/01 18:10:00","CLOVER","-0.01",NA,NA,NA
"D","DISPATCH","UNIT_SCADA",1,"2024/02/01 18:10:00","CLUNY","2.219730",NA,NA,NA
"D","DISPATCH","UNIT_SCADA",1,"2024/02/01 18:10:00","CONDONG1","-0.74",NA,NA,NA
"D","DISPATCH","UNIT_SCADA",1,"2024/02/01 18:10:00","CULLRGWF","18.059999",NA,NA,NA
"D","DISPATCH","UNIT_SCADA",1,"2024/02/01 18:10:00","DIAPURWF1","0",NA,NA,NA
"D","DISPATCH","UNIT_SCADA",1,"2024/02/01 18:10:00","ERGT01","0",NA,NA,NA
"D","DISPATCH","UNIT_SCADA",1,"2024/02/01 18:10:00","GB01","0",NA,NA,NA
"D","DISPATCH","UNIT_SCADA",1,"2024/02/01 18:10:00","GERMCRK","16.216999",NA,NA,NA
"D","DISPATCH","UNIT_SCADA",1,"2024/02/01 18:10:00","GRIFSF1","15.707592",NA,NA,NA
"D","DISPATCH","UNIT_SCADA",1,"2024/02/01 18:10:00","HUGSF1","2.4920",NA,NA,NA
"D","DISPATCH","UNIT_SCADA",1,"2024/02/01 18:10:00","KEPBG1","2.01",NA,NA,NA
"D","DISPATCH","UNIT_SCADA",1,"2024/02/01 18:10:00","LRSF1","7.1270",NA,NA,NA
"D","DISPATCH","UNIT_SCADA",1,"2024/02/01 18:10:00","MBAHNTH","43.725006",NA,NA,NA
"D","DISPATCH","UNIT_SCADA",1,"2024/02/01 18:10:00","MLSP1","0.8330",NA,NA,NA
"D","DISPATCH","UNIT_SCADA",1,"2024/02/01 18:10:00","MLWF1","13.0050",NA,NA,NA
"D","DISPATCH","UNIT_SCADA",1,"2024/02/01 18:10:00","PALOONA","9.809999",NA,NA,NA
"D","DISPATCH","UNIT_SCADA",1,"2024/02/01 18:10:00","PIONEER","-0.60",NA,NA,NA
"D","DISPATCH","UNIT_SCADA",1,"2024/02/01 18:10:00","PORTWF","75.400002",NA,NA,NA
"D","DISPATCH","UNIT_SCADA",1,"2024/02/01 18:10:00","REPULSE","3.390555",NA,NA,NA
"D","DISPATCH","UNIT_SCADA",1,"2024/02/01 18:10:00","ROWALLAN","0",NA,NA,NA
"D","DISPATCH","UNIT_SCADA",1,"2024/02/01 18:10:00","ROYALLA1","0.5640",NA,NA,NA
"D","DISPATCH","UNIT_SCADA",1,"2024/02/01 18:10:00","RPCG","-1.60",NA,NA,NA
"D","DISPATCH","UNIT_SCADA",1,"2024/02/01 18:10:00","RUBICON","0.81",NA,NA,NA
"D","DISPATCH","UNIT_SCADA",1,"2024/02/01 18:10:00","SHOAL1","19.9750",NA,NA,NA
"D","DISPATCH","UNIT_SCADA",1,"2024/02/01 18:10:00","WAUBRAWF","141.852005",NA,NA,NA
"D","DISPATCH","UNIT_SCADA",1,"2024/02/01 18:10:00","WOOLNTH1","125.940002",NA,NA,NA
"D","DISPATCH","UNIT_SCADA",1,"2024/02/01 18:10:00","YAMBUKWF","23.50",NA,NA,NA
"D","DISPATCH","UNIT_SCADA",1,"2024/02/01 18:10:00","YSWF1","25.200001",NA,NA,NA
"D","DISPATCH","UNIT_SCADA",1,"2024/02/01 18:15:00","BARCSF1","7.60",NA,NA,NA
"D","DISPATCH","UNIT_SCADA",1,"2024/02/01 18:15:00","BUTLERSG","9.099998",NA,NA,NA
"D","DISPATCH","UNIT_SCADA",1,"2024/02/01 18:15:00","BWTR1","14.5758",NA,NA,NA
"D","DISPATCH","UNIT_SCADA",1,"2024/02/01 18:15:00","CAPTL_WF","93.911591",NA,NA,NA
"D","DISPATCH","UNIT_SCADA",1,"2024/02/01 18:15:00","CHALLHWF","20.900002",NA,NA,NA
"D","DISPATCH","UNIT_SCADA",1,"2024/02/01 18:15:00","CLOVER","-0.01",NA,NA,NA
"D","DISPATCH","UNIT_SCADA",1,"2024/02/01 18:15:00","CLUNY","2.190433",NA,NA,NA
"D","DISPATCH","UNIT_SCADA",1,"2024/02/01 18:15:00","CONDONG1","-0.74",NA,NA,NA
"D","DISPATCH","UNIT_SCADA",1,"2024/02/01 18:15:00","CULLRGWF","20.42",NA,NA,NA
"D","DISPATCH","UNIT_SCADA",1,"2024/02/01 18:15:00","DIAPURWF1","0",NA,NA,NA
"D","DISPATCH","UNIT_SCADA",1,"2024/02/01 18:15:00","ERGT01","0",NA,NA,NA
"D","DISPATCH","UNIT_SCADA",1,"2024/02/01 18:15:00","GB01","0",NA,NA,NA
"D","DISPATCH","UNIT_SCADA",1,"2024/02/01 18:15:00","GERMCRK","16.8410",NA,NA,NA
"D","DISPATCH","UNIT_SCADA",1,"2024/02/01 11:05:00","REPULSE","3.0280",NA,NA,NA
"D","DISPATCH","UNIT_SCADA",1,"2024/02/01 11:05:00","ROWALLAN","0",NA,NA,NA
"D","DISPATCH","UNIT_SCADA",1,"2024/02/01 11:05:00","ROYALLA1","16.543001",NA,NA,NA
"D","DISPATCH","UNIT_SCADA",1,"2024/02/01 11:05:00","RPCG","-1.60",NA,NA,NA
"D","DISPATCH","UNIT_SCADA",1,"2024/02/01 11:05:00","RUBICON","0.81",NA,NA,NA
"D","DISPATCH","UNIT_SCADA",1,"2024/02/01 11:05:00","SHOAL1","0",NA,NA,NA
"D","DISPATCH","UNIT_SCADA",1,"2024/02/01 11:05:00","WAUBRAWF","56.783001",NA,NA,NA
"D","DISPATCH","UNIT_SCADA",1,"2024/02/01 11:05:00","WOOLNTH1","123.309998",NA,NA,NA
"D","DISPATCH","UNIT_SCADA",1,"2024/02/01 11:05:00","YAMBUKWF","14.30",NA,NA,NA
"D","DISPATCH","UNIT_SCADA",1,"2024/02/01 11:05:00","YSWF1","8.10",NA,NA,NA
"D","DISPATCH","UNIT_SCADA",1,"2024/02/01 11:15:00","BARCSF1","13.300001",NA,NA,NA
"D","DISPATCH","UNIT_SCADA",1,"2024/02/01 11:15:00","BUTLERSG","8.999998",NA,NA,NA
"D","DISPATCH","UNIT_SCADA",1,"2024/02/01 11:15:00","BWTR1","15.261720",NA,NA,NA
"D","DISPATCH","UNIT_SCADA",1,"2024/02/01 11:15:00","CAPTL_WF","25.492577",NA,NA,NA
"D","DISPATCH","UNIT_SCADA",1,"2024/02/01 11:15:00","CHALLHWF","3.10",NA,NA,NA
"D","DISPATCH","UNIT_SCADA",1,"2024/02/01 11:15:00","CLOVER","-0.02",NA,NA,NA
"D","DISPATCH","UNIT_SCADA",1,"2024/02/01 11:15:00","CLUNY","2.109865",NA,NA,NA
"D","DISPATCH","UNIT_SCADA",1,"2024/02/01 11:15:00","CONDONG1","-0.93",NA,NA,NA
"D","DISPATCH","UNIT_SCADA",1,"2024/02/01 11:15:00","CULLRGWF","6.51",NA,NA,NA
"D","DISPATCH","UNIT_SCADA",1,"2024/02/01 11:15:00","DIAPURWF1","0",NA,NA,NA
"D","DISPATCH","UNIT_SCADA",1,"2024/02/01 11:15:00","ERGT01","0",NA,NA,NA
"D","DISPATCH","UNIT_SCADA",1,"2024/02/01 11:15:00","GB01","0",NA,NA,NA
"D","DISPATCH","UNIT_SCADA",1,"2024/02/01 11:15:00","GERMCRK","12.13",NA,NA,NA
"D","DISPATCH","UNIT_SCADA",1,"2024/02/01 11:15:00","GRIFSF1","27.020075",NA,NA,NA
"D","DISPATCH","UNIT_SCADA",1,"2024/02/01 11:15:00","HUGSF1","4.4340",NA,NA,NA
"D","DISPATCH","UNIT_SCADA",1,"2024/02/01 11:15:00","KEPBG1","0",NA,NA,NA
"D","DISPATCH","UNIT_SCADA",1,"2024/02/01 11:15:00","LRSF1","9.214001",NA,NA,NA
"D","DISPATCH","UNIT_SCADA",1,"2024/02/01 11:15:00","MBAHNTH","50.212509",NA,NA,NA
"D","DISPATCH","UNIT_SCADA",1,"2024/02/01 11:15:00","MLSP1","11.448001",NA,NA,NA
"D","DISPATCH","UNIT_SCADA",1,"2024/02/01 11:15:00","MLWF1","9.434999",NA,NA,NA
"D","DISPATCH","UNIT_SCADA",1,"2024/02/01 11:15:00","PALOONA","0",NA,NA,NA
"D","DISPATCH","UNIT_SCADA",1,"2024/02/01 11:15:00","PIONEER","-0.80",NA,NA,NA
"D","DISPATCH","UNIT_SCADA",1,"2024/02/01 11:15:00","PORTWF","106.099998",NA,NA,NA
"D","DISPATCH","UNIT_SCADA",1,"2024/02/01 11:15:00","REPULSE","3.257496",NA,NA,NA
"D","DISPATCH","UNIT_SCADA",1,"2024/02/01 11:15:00","ROWALLAN","0",NA,NA,NA
"D","DISPATCH","UNIT_SCADA",1,"2024/02/01 11:15:00","ROYALLA1","16.539001",NA,NA,NA
"D","DISPATCH","UNIT_SCADA",1,"2024/02/01 11:15:00","RPCG","-1.60",NA,NA,NA
"D","DISPATCH","UNIT_SCADA",1,"2024/02/01 11:15:00","RUBICON","0.81",NA,NA,NA
"D","DISPATCH","UNIT_SCADA",1,"2024/02/01 11:15:00","SHOAL1","0",NA,NA,NA
"D","DISPATCH","UNIT_SCADA",1,"2024/02/01 11:15:00","WAUBRAWF","62.707001",NA,NA,NA
"D","DISPATCH","UNIT_SCADA",1,"2024/02/01 11:15:00","WOOLNTH1","124.119995",NA,NA,NA
"D","DISPATCH","UNIT_SCADA",1,"2024/02/01 11:15:00","YAMBUKWF","22.700001",NA,NA,NA
"D","DISPATCH","UNIT_SCADA",1,"2024/02/01 11:15:00","YSWF1","8.90",NA,NA,NA
"D","DISPATCH","UNIT_SCADA",1,"2024/02/01 11:20:00","BARCSF1","13.50",NA,NA,NA
"D","DISPATCH","UNIT_SCADA",1,"2024/02/01 11:20:00","BUTLERSG","9.099998",NA,NA,NA
"D","DISPATCH","UNIT_SCADA",1,"2024/02/01 11:20:00","BWTR1","15.261720",NA,NA,NA
"D","DISPATCH","UNIT_SCADA",1,"2024/02/01 11:20:00","CAPTL_WF","27.527763",NA,NA,NA
"D","DISPATCH","UNIT_SCADA",1,"2024/02/01 11:20:00","CHALLHWF","4.80",NA,NA,NA
"D","DISPATCH","UNIT_SCADA",1,"2024/02/01 11:20:00","CLOVER","-0.01",NA,NA,NA
"D","DISPATCH","UNIT_SCADA",1,"2024/02/01 11:20:00","CLUNY","2.181277",NA,NA,NA
"D","DISPATCH","UNIT_SCADA",1,"2024/02/01 11:20:00","CONDONG1","-0.90",NA,NA,NA
"D","DISPATCH","UNIT_SCADA",1,"2024/02/01 11:20:00","CULLRGWF","6.31",NA,NA,NA
"D","DISPATCH","UNIT_SCADA",1,"2024/02/01 11:20:00","DIAPURWF1","0",NA,NA,NA
"D","DISPATCH","UNIT_SCADA",1,"2024/02/01 11:20:00","ERGT01","0",NA,NA,NA
"D","DISPATCH","UNIT_SCADA",1,"2024/02/01 11:20:00","GB01","0",NA,NA,NA
"D","DISPATCH","UNIT_SCADA",1,"2024/02/01 11:20:00","GERMCRK","13.7690",NA,NA,NA
"D","DISPATCH","UNIT_SCADA",1,"2024/02/01 11:20:00","GRIFSF1","27.012535",NA,NA,NA
"D","DISPATCH","UNIT_SCADA",1,"2024/02/01 11:20:00","HUGSF1","5.0110",NA,NA,NA
"D","DISPATCH","UNIT_SCADA",1,"2024/02/01 11:20:00","KEPBG1","0",NA,NA,NA
"D","DISPATCH","UNIT_SCADA",1,"2024/02/01 11:20:00","LRSF1","10.0340",NA,NA,NA
"D","DISPATCH","UNIT_SCADA",1,"2024/02/01 11:20:00","MBAHNTH","51.037491",NA,NA,NA
"D","DISPATCH","UNIT_SCADA",1,"2024/02/01 11:20:00","MLSP1","11.448001",NA,NA,NA
"D","DISPATCH","UNIT_SCADA",1,"2024/02/01 11:20:00","MLWF1","8.8350",NA,NA,NA
"D","DISPATCH","UNIT_SCADA",1,"2024/02/01 11:20:00","PALOONA","0",NA,NA,NA
"D","DISPATCH","UNIT_SCADA",1,"2024/02/01 11:20:00","PIONEER","-0.80",NA,NA,NA
"D","DISPATCH","UNIT_SCADA",1,"2024/02/01 11:20:00","PORTWF","106.50",NA,NA,NA
"D","DISPATCH","UNIT_SCADA",1,"2024/02/01 11:20:00","REPULSE","3.289235",NA,NA,NA
"D","DISPATCH","UNIT_SCADA",1,"2024/02/01 11:20:00","ROWALLAN","0",NA,NA,NA
"D","DISPATCH","UNIT_SCADA",1,"2024/02/01 11:20:00","ROYALLA1","16.655001",NA,NA,NA
"D","DISPATCH","UNIT_SCADA",1,"2024/02/01 11:20:00","RPCG","-1.60",NA,NA,NA
"D","DISPATCH","UNIT_SCADA",1,"2024/02/01 11:20:00","RUBICON","0.81",NA,NA,NA
"D","DISPATCH","UNIT_SCADA",1,"2024/02/01 11:20:00","SHOAL1","0",NA,NA,NA
"D","DISPATCH","UNIT_SCADA",1,"2024/02/01 11:20:00","WAUBRAWF","60.858002",NA,NA,NA
"D","DISPATCH","UNIT_SCADA",1,"2024/02/01 11:20:00","WOOLNTH1","123.729996",NA,NA,NA
"D","DISPATCH","UNIT_SCADA",1,"2024/02/01 11:20:00","YAMBUKWF","22.90",NA,NA,NA
"D","DISPATCH","UNIT_SCADA",1,"2024/02/01 11:20:00","YSWF1","8",NA,NA,NA
"D","DISPATCH","UNIT_SCADA",1,"2024/02/01 11:25:00","BARCSF1","13.300001",NA,NA,NA
"D","DISPATCH","UNIT_SCADA",1,"2024/02/01 11:25:00","BUTLERSG","8.999998",NA,NA,NA
"D","DISPATCH","UNIT_SCADA",1,"2024/02/01 11:25:00","BWTR1","15.261720",NA,NA,NA
"D","DISPATCH","UNIT_SCADA",1,"2024/02/01 11:25:00","CAPTL_WF","34.145054",NA,NA,NA
"D","DISPATCH","UNIT_SCADA",1,"2024/02/01 11:25:00","CHALLHWF","5",NA,NA,NA
"D","DISPATCH","UNIT_SCADA",1,"2024/02/01 11:25:00","CLOVER","-0.01",NA,NA,NA
"D","DISPATCH","UNIT_SCADA",1,"2024/02/01 11:25:00","CLUNY","2.252689",NA,NA,NA
"D","DISPATCH","UNIT_SCADA",1,"2024/02/01 11:25:00","CONDONG1","-0.90",NA,NA,NA
"D","DISPATCH","UNIT_SCADA",1,"2024/02/01 11:25:00","CULLRGWF","5.37",NA,NA,NA
"D","DISPATCH","UNIT_SCADA",1,"2024/02/01 11:25:00","DIAPURWF1","0",NA,NA,NA
"D","DISPATCH","UNIT_SCADA",1,"2024/02/01 11:25:00","ERGT01","0",NA,NA,NA
"D","DISPATCH","UNIT_SCADA",1,"2024/02/01 11:25:00","GB01","0",NA,NA,NA
"D","DISPATCH","UNIT_SCADA",1,"2024/02/01 11:25:00","GERMCRK","14.0390",NA,NA,NA
"D","DISPATCH","UNIT_SCADA",1,"2024/02/01 11:25:00","GRIFSF1","27.020075",NA,NA,NA
"D","DISPATCH","UNIT_SCADA",1,"2024/02/01 11:25:00","HUGSF1","5.0110",NA,NA,NA
"D","DISPATCH","UNIT_SCADA",1,"2024/02/01 11:25:00","KEPBG1","0",NA,NA,NA
"D","DISPATCH","UNIT_SCADA",1,"2024/02/01 11:25:00","LRSF1","5.3530",NA,NA,NA
"D","DISPATCH","UNIT_SCADA",1,"2024/02/01 11:25:00","MBAHNTH","50.156250",NA,NA,NA
"D","DISPATCH","UNIT_SCADA",1,"2024/02/01 11:25:00","MLSP1","11.4980",NA,NA,NA
"D","DISPATCH","UNIT_SCADA",1,"2024/02/01 11:25:00","MLWF1","8.7450",NA,NA,NA
"D","DISPATCH","UNIT_SCADA",1,"2024/02/01 11:25:00","PALOONA","0",NA,NA,NA
"D","DISPATCH","UNIT_SCADA",1,"2024/02/01 11:25:00","PIONEER","-0.80",NA,NA,NA
"D","DISPATCH","UNIT_SCADA",1,"2024/02/01 11:25:00","PORTWF","105.199997",NA,NA,NA
"D","DISPATCH","UNIT_SCADA",1,"2024/02/01 11:25:00","REPULSE","3.174487",NA,NA,NA
"D","DISPATCH","UNIT_SCADA",1,"2024/02/01 11:25:00","ROWALLAN","0",NA,NA,NA
"D","DISPATCH","UNIT_SCADA",1,"2024/02/01 11:25:00","ROYALLA1","16.730001",NA,NA,NA
"D","DISPATCH","UNIT_SCADA",1,"2024/02/01 11:25:00","RPCG","-1.60",NA,NA,NA
"D","DISPATCH","UNIT_SCADA",1,"2024/02/01 11:25:00","RUBICON","0.81",NA,NA,NA
"D","DISPATCH","UNIT_SCADA",1,"2024/02/01 11:25:00","SHOAL1","0",NA,NA,NA
"D","DISPATCH","UNIT_SCADA",1,"2024/02/01 11:25:00","WAUBRAWF","66.588997",NA,NA,NA
"D","DISPATCH","UNIT_SCADA",1,"2024/02/01 11:25:00","WOOLNTH1","125.529999",NA,NA,NA
"D","DISPATCH","UNIT_SCADA",1,"2024/02/01 11:25:00","YAMBUKWF","21",NA,NA,NA
"D","DISPATCH","UNIT_SCADA",1,"2024/02/01 11:25:00","YSWF1","10.20",NA,NA,NA
"D","DISPATCH","UNIT_SCADA",1,"2024/02/01 11:30:00","BARCSF1","13.300001",NA,NA,NA
"D","DISPATCH","UNIT_SCADA",1,"2024/02/01 11:30:00","BUTLERSG","9.099998",NA,NA,NA
"D","DISPATCH","UNIT_SCADA",1,"2024/02/01 11:30:00","BWTR1","15.261720",NA,NA,NA
"D","DISPATCH","UNIT_SCADA",1,"2024/02/01 11:30:00","CAPTL_WF","29.949677",NA,NA,NA
"D","DISPATCH","UNIT_SCADA",1,"2024/02/01 11:30:00","CHALLHWF","4.80",NA,NA,NA
"D","DISPATCH","UNIT_SCADA",1,"2024/02/01 11:30:00","CLOVER","-0.02",NA,NA,NA
"D","DISPATCH","UNIT_SCADA",1,"2024/02/01 11:30:00","CLUNY","2.123598",NA,NA,NA
"D","DISPATCH","UNIT_SCADA",1,"2024/02/01 11:30:00","CONDONG1","-0.97",NA,NA,NA
"D","DISPATCH","UNIT_SCADA",1,"2024/02/01 11:30:00","CULLRGWF","4.87",NA,NA,NA
"D","DISPATCH","UNIT_SCADA",1,"2024/02/01 11:30:00","DIAPURWF1","0",NA,NA,NA
"D","DISPATCH","UNIT_SCADA",1,"2024/02/01 11:30:00","ERGT01","0",NA,NA,NA
"D","DISPATCH","UNIT_SCADA",1,"2024/02/01 11:30:00","GB01","0",NA,NA,NA
"D","DISPATCH","UNIT_SCADA",1,"2024/02/01 11:30:00","GERMCRK","14.9360",NA,NA,NA
"D","DISPATCH","UNIT_SCADA",1,"2024/02/01 11:30:00","GRIFSF1","27.012535",NA,NA,NA
"D","DISPATCH","UNIT_SCADA",1,"2024/02/01 11:30:00","HUGSF1","4.8090",NA,NA,NA
"D","DISPATCH","UNIT_SCADA",1,"2024/02/01 11:30:00","KEPBG1","0",NA,NA,NA
"D","DISPATCH","UNIT_SCADA",1,"2024/02/01 11:30:00","LRSF1","9.9610",NA,NA,NA
"D","DISPATCH","UNIT_SCADA",1,"2024/02/01 11:30:00","MBAHNTH","49.837509",NA,NA,NA
"D","DISPATCH","UNIT_SCADA",1,"2024/02/01 11:30:00","MLSP1","11.4980",NA,NA,NA
"D","DISPATCH","UNIT_SCADA",1,"2024/02/01 11:30:00","MLWF1","10.485001",NA,NA,NA
"D","DISPATCH","UNIT_SCADA",1,"2024/02/01 11:30:00","PALOONA","0",NA,NA,NA
"D","DISPATCH","UNIT_SCADA",1,"2024/02/01 11:30:00","PIONEER","-0.80",NA,NA,NA
"D","DISPATCH","UNIT_SCADA",1,"2024/02/01 11:30:00","PORTWF","102.599998",NA,NA,NA
"D","DISPATCH","UNIT_SCADA",1,"2024/02/01 11:30:00","REPULSE","3.186694",NA,NA,NA
"D","DISPATCH","UNIT_SCADA",1,"2024/02/01 11:30:00","ROWALLAN","0",NA,NA,NA
"D","DISPATCH","UNIT_SCADA",1,"2024/02/01 11:30:00","ROYALLA1","16.755001",NA,NA,NA
"D","DISPATCH","UNIT_SCADA",1,"2024/02/01 11:30:00","RPCG","-1.60",NA,NA,NA
"D","DISPATCH","UNIT_SCADA",1,"2024/02/01 11:30:00","RUBICON","0.81",NA,NA,NA
"D","DISPATCH","UNIT_SCADA",1,"2024/02/01 11:30:00","SHOAL1","0",NA,NA,NA
"D","DISPATCH","UNIT_SCADA",1,"2024/02/01 11:30:00","WAUBRAWF","68.202003",NA,NA,NA
"D","DISPATCH","UNIT_SCADA",1,"2024/02/01 11:30:00","WOOLNTH1","124.759995",NA,NA,NA
"D","DISPATCH","UNIT_SCADA",1,"2024/02/01 11:30:00","YAMBUKWF","20",NA,NA,NA
"D","DISPATCH","UNIT_SCADA",1,"2024/02/01 11:30:00","YSWF1","8.90",NA,NA,NA
"D","DISPATCH","UNIT_SCADA",1,"2024/02/01 11:40:00","BARCSF1","13.300001",NA,NA,NA
"D","DISPATCH","UNIT_SCADA",1,"2024/02/01 11:40:00","BUTLERSG","9.099998",NA,NA,NA
"D","DISPATCH","UNIT_SCADA",1,"2024/02/01 11:40:00","BWTR1","14.918760",NA,NA,NA
"D","DISPATCH","UNIT_SCADA",1,"2024/02/01 11:40:00","CAPTL_WF","28.309025",NA,NA,NA
"D","DISPATCH","UNIT_SCADA",1,"2024/02/01 11:40:00","CHALLHWF","5.80",NA,NA,NA
"D","DISPATCH","UNIT_SCADA",1,"2024/02/01 11:40:00","CLOVER","-0.01",NA,NA,NA
"D","DISPATCH","UNIT_SCADA",1,"2024/02/01 11:40:00","CLUNY","2.166629",NA,NA,NA
"D","DISPATCH","UNIT_SCADA",1,"2024/02/01 11:40:00","CONDONG1","-1",NA,NA,NA
"D","DISPATCH","UNIT_SCADA",1,"2024/02/01 11:40:00","CULLRGWF","5.36",NA,NA,NA
"D","DISPATCH","UNIT_SCADA",1,"2024/02/01 11:40:00","DIAPURWF1","0",NA,NA,NA
"D","DISPATCH","UNIT_SCADA",1,"2024/02/01 11:40:00","ERGT01","0",NA,NA,NA
"D","DISPATCH","UNIT_SCADA",1,"2024/02/01 11:40:00","GB01","0",NA,NA,NA
"D","DISPATCH","UNIT_SCADA",1,"2024/02/01 11:40:00","GERMCRK","15.3480",NA,NA,NA
"D","DISPATCH","UNIT_SCADA",1,"2024/02/01 11:40:00","GRIFSF1","27.020075",NA,NA,NA
"D","DISPATCH","UNIT_SCADA",1,"2024/02/01 11:40:00","HUGSF1","3.8820",NA,NA,NA
"D","DISPATCH","UNIT_SCADA",1,"2024/02/01 11:40:00","KEPBG1","0",NA,NA,NA
"D","DISPATCH","UNIT_SCADA",1,"2024/02/01 11:40:00","LRSF1","9.9720",NA,NA,NA
"D","DISPATCH","UNIT_SCADA",1,"2024/02/01 11:40:00","MBAHNTH","49.987503",NA,NA,NA
"D","DISPATCH","UNIT_SCADA",1,"2024/02/01 11:40:00","MLSP1","11.6490",NA,NA,NA
"D","DISPATCH","UNIT_SCADA",1,"2024/02/01 11:40:00","MLWF1","9.84",NA,NA,NA
"D","DISPATCH","UNIT_SCADA",1,"2024/02/01 11:40:00","PALOONA","0",NA,NA,NA
"D","DISPATCH","UNIT_SCADA",1,"2024/02/01 11:40:00","PIONEER","-0.80",NA,NA,NA
"D","DISPATCH","UNIT_SCADA",1,"2024/02/01 11:40:00","PORTWF","108.50",NA,NA,NA
"D","DISPATCH","UNIT_SCADA",1,"2024/02/01 11:40:00","REPULSE","3.104906",NA,NA,NA
"D","DISPATCH","UNIT_SCADA",1,"2024/02/01 11:40:00","ROWALLAN","0",NA,NA,NA
"D","DISPATCH","UNIT_SCADA",1,"2024/02/01 11:40:00","ROYALLA1","16.6040",NA,NA,NA
"D","DISPATCH","UNIT_SCADA",1,"2024/02/01 11:40:00","RPCG","-1.60",NA,NA,NA
"D","DISPATCH","UNIT_SCADA",1,"2024/02/01 11:40:00","RUBICON","0.81",NA,NA,NA
"D","DISPATCH","UNIT_SCADA",1,"2024/02/01 11:40:00","SHOAL1","0",NA,NA,NA
"D","DISPATCH","UNIT_SCADA",1,"2024/02/01 11:40:00","WAUBRAWF","58.117001",NA,NA,NA
"D","DISPATCH","UNIT_SCADA",1,"2024/02/01 11:40:00","WOOLNTH1","124.699997",NA,NA,NA
"D","DISPATCH","UNIT_SCADA",1,"2024/02/01 11:40:00","YAMBUKWF","22",NA,NA,NA
"D","DISPATCH","UNIT_SCADA",1,"2024/02/01 11:40:00","YSWF1","7.80",NA,NA,NA
"D","DISPATCH","UNIT_SCADA",1,"2024/02/01 11:45:00","BARCSF1","13.300001",NA,NA,NA
"D","DISPATCH","UNIT_SCADA",1,"2024/02/01 11:45:00","BUTLERSG","8.999998",NA,NA,NA
"D","DISPATCH","UNIT_SCADA",1,"2024/02/01 11:45:00","BWTR1","14.918760",NA,NA,NA
"D","DISPATCH","UNIT_SCADA",1,"2024/02/01 11:45:00","CAPTL_WF","33.555199",NA,NA,NA
"D","DISPATCH","UNIT_SCADA",1,"2024/02/01 11:45:00","CHALLHWF","7.20",NA,NA,NA
"D","DISPATCH","UNIT_SCADA",1,"2024/02/01 11:45:00","CLOVER","-0.02",NA,NA,NA
"D","DISPATCH","UNIT_SCADA",1,"2024/02/01 11:45:00","CLUNY","2.205081",NA,NA,NA
"D","DISPATCH","UNIT_SCADA",1,"2024/02/01 11:45:00","CONDONG1","-1.01",NA,NA,NA
"D","DISPATCH","UNIT_SCADA",1,"2024/02/01 11:45:00","CULLRGWF","5.40",NA,NA,NA
"D","DISPATCH","UNIT_SCADA",1,"2024/02/01 11:45:00","DIAPURWF1","0",NA,NA,NA
"D","DISPATCH","UNIT_SCADA",1,"2024/02/01 11:45:00","ERGT01","0",NA,NA,NA
"D","DISPATCH","UNIT_SCADA",1,"2024/02/01 11:45:00","GB01","0",NA,NA,NA
"D","DISPATCH","UNIT_SCADA",1,"2024/02/01 11:45:00","GERMCRK","15.62",NA,NA,NA
"D","DISPATCH","UNIT_SCADA",1,"2024/02/01 11:45:00","GRIFSF1","27.025730",NA,NA,NA
"D","DISPATCH","UNIT_SCADA",1,"2024/02/01 11:45:00","HUGSF1","3.78",NA,NA,NA
"D","DISPATCH","UNIT_SCADA",1,"2024/02/01 11:45:00","KEPBG1","0",NA,NA,NA
"D","DISPATCH","UNIT_SCADA",1,"2024/02/01 11:45:00","LRSF1","9.9720",NA,NA,NA
"D","DISPATCH","UNIT_SCADA",1,"2024/02/01 11:45:00","MBAHNTH","51.524994",NA,NA,NA
"D","DISPATCH","UNIT_SCADA",1,"2024/02/01 11:45:00","MLSP1","11.6350",NA,NA,NA
"D","DISPATCH","UNIT_SCADA",1,"2024/02/01 11:45:00","MLWF1","8.97",NA,NA,NA
"D","DISPATCH","UNIT_SCADA",1,"2024/02/01 11:45:00","PALOONA","0",NA,NA,NA
"D","DISPATCH","UNIT_SCADA",1,"2024/02/01 11:45:00","PIONEER","-0.80",NA,NA,NA
"D","DISPATCH","UNIT_SCADA",1,"2024/02/01 11:45:00","PORTWF","107.900002",NA,NA,NA
"D","DISPATCH","UNIT_SCADA",1,"2024/02/01 11:45:00","REPULSE","2.996262",NA,NA,NA
"D","DISPATCH","UNIT_SCADA",1,"2024/02/01 11:45:00","ROWALLAN","0",NA,NA,NA
"D","DISPATCH","UNIT_SCADA",1,"2024/02/01 11:45:00","ROYALLA1","16.536001",NA,NA,NA
"D","DISPATCH","UNIT_SCADA",1,"2024/02/01 11:45:00","RPCG","-1.60",NA,NA,NA
"D","DISPATCH","UNIT_SCADA",1,"2024/02/01 11:45:00","RUBICON","0.81",NA,NA,NA
"D","DISPATCH","UNIT_SCADA",1,"2024/02/01 11:45:00","SHOAL1","0",NA,NA,NA
"D","DISPATCH","UNIT_SCADA",1,"2024/02/01 11:45:00","WAUBRAWF","60.661999",NA,NA,NA
"D","DISPATCH","UNIT_SCADA",1,"2024/02/01 11:45:00","WOOLNTH1","125.539993",NA,NA,NA
"D","DISPATCH","UNIT_SCADA",1,"2024/02/01 11:45:00","YAMBUKWF","23.50",NA,NA,NA
"D","DISPATCH","UNIT_SCADA",1,"2024/02/01 11:45:00","YSWF1","10.10",NA,NA,NA
"D","DISPATCH","UNIT_SCADA",1,"2024/02/01 11:55:00","BARCSF1","13.700001",NA,NA,NA
"D","DISPATCH","UNIT_SCADA",1,"2024/02/01 11:55:00","BUTLERSG","9.099998",NA,NA,NA
"D","DISPATCH","UNIT_SCADA",1,"2024/02/01 11:55:00","BWTR1","14.918760",NA,NA,NA
"D","DISPATCH","UNIT_SCADA",1,"2024/02/01 11:55:00","CAPTL_WF","52.231266",NA,NA,NA
"D","DISPATCH","UNIT_SCADA",1,"2024/02/01 11:55:00","CHALLHWF","8.10",NA,NA,NA
"D","DISPATCH","UNIT_SCADA",1,"2024/02/01 11:55:00","CLOVER","-0.02",NA,NA,NA
"D","DISPATCH","UNIT_SCADA",1,"2024/02/01 11:55:00","CLUNY","2.333257",NA,NA,NA
"D","DISPATCH","UNIT_SCADA",1,"2024/02/01 11:55:00","CONDONG1","-1.02",NA,NA,NA
"D","DISPATCH","UNIT_SCADA",1,"2024/02/01 11:55:00","CULLRGWF","6.71",NA,NA,NA
"D","DISPATCH","UNIT_SCADA",1,"2024/02/01 11:55:00","DIAPURWF1","0",NA,NA,NA
"D","DISPATCH","UNIT_SCADA",1,"2024/02/01 11:55:00","ERGT01","0",NA,NA,NA
"D","DISPATCH","UNIT_SCADA",1,"2024/02/01 11:55:00","GB01","0",NA,NA,NA
"D","DISPATCH","UNIT_SCADA",1,"2024/02/01 11:55:00","GERMCRK","15.40",NA,NA,NA
"D","DISPATCH","UNIT_SCADA",1,"2024/02/01 11:55:00","GRIFSF1","27.020075",NA,NA,NA
"D","DISPATCH","UNIT_SCADA",1,"2024/02/01 11:55:00","HUGSF1","4.89",NA,NA,NA
"D","DISPATCH","UNIT_SCADA",1,"2024/02/01 11:55:00","KEPBG1","0",NA,NA,NA
"D","DISPATCH","UNIT_SCADA",1,"2024/02/01 11:55:00","LRSF1","8.360001",NA,NA,NA
"D","DISPATCH","UNIT_SCADA",1,"2024/02/01 11:55:00","MBAHNTH","51.524994",NA,NA,NA
"D","DISPATCH","UNIT_SCADA",1,"2024/02/01 11:55:00","MLSP1","11.6160",NA,NA,NA
"D","DISPATCH","UNIT_SCADA",1,"2024/02/01 11:55:00","MLWF1","7.44",NA,NA,NA
"D","DISPATCH","UNIT_SCADA",1,"2024/02/01 11:55:00","PALOONA","0",NA,NA,NA
"D","DISPATCH","UNIT_SCADA",1,"2024/02/01 11:55:00","PIONEER","-0.80",NA,NA,NA
"D","DISPATCH","UNIT_SCADA",1,"2024/02/01 11:55:00","PORTWF","106.50",NA,NA,NA
"D","DISPATCH","UNIT_SCADA",1,"2024/02/01 11:55:00","REPULSE","3.180591",NA,NA,NA
"D","DISPATCH","UNIT_SCADA",1,"2024/02/01 11:55:00","ROWALLAN","0",NA,NA,NA
"D","DISPATCH","UNIT_SCADA",1,"2024/02/01 11:55:00","ROYALLA1","16.560001",NA,NA,NA
"D","DISPATCH","UNIT_SCADA",1,"2024/02/01 11:55:00","RPCG","-1.60",NA,NA,NA
"D","DISPATCH","UNIT_SCADA",1,"2024/02/01 11:55:00","RUBICON","0.81",NA,NA,NA
"D","DISPATCH","UNIT_SCADA",1,"2024/02/01 11:55:00","SHOAL1","0",NA,NA,NA
"D","DISPATCH","UNIT_SCADA",1,"2024/02/01 11:55:00","WAUBRAWF","8.9060",NA,NA,NA
"D","DISPATCH","UNIT_SCADA",1,"2024/02/01 11:55:00","WOOLNTH1","124.880005",NA,NA,NA
"D","DISPATCH","UNIT_SCADA",1,"2024/02/01 11:55:00","YAMBUKWF","22.299999",NA,NA,NA
"D","DISPATCH","UNIT_SCADA",1,"2024/02/01 11:55:00","YSWF1","11.90",NA,NA,NA
"D","DISPATCH","UNIT_SCADA",1,"2024/02/01 12:00:00","BARCSF1","13.300001",NA,NA,NA
"D","DISPATCH","UNIT_SCADA",1,"2024/02/01 12:00:00","BUTLERSG","9.099998",NA,NA,NA
"D","DISPATCH","UNIT_SCADA",1,"2024/02/01 12:00:00","BWTR1","14.918760",NA,NA,NA
"D","DISPATCH","UNIT_SCADA",1,"2024/02/01 12:00:00","CAPTL_WF","48.625740",NA,NA,NA
"D","DISPATCH","UNIT_SCADA",1,"2024/02/01 12:00:00","CHALLHWF","8.299999",NA,NA,NA
"D","DISPATCH","UNIT_SCADA",1,"2024/02/01 12:00:00","CLOVER","-0.02",NA,NA,NA
"D","DISPATCH","UNIT_SCADA",1,"2024/02/01 12:00:00","CLUNY","2.324102",NA,NA,NA
"D","DISPATCH","UNIT_SCADA",1,"2024/02/01 12:00:00","CONDONG1","-1.01",NA,NA,NA
"D","DISPATCH","UNIT_SCADA",1,"2024/02/01 12:00:00","CULLRGWF","8.49",NA,NA,NA
"D","DISPATCH","UNIT_SCADA",1,"2024/02/01 12:00:00","DIAPURWF1","0",NA,NA,NA
"D","DISPATCH","UNIT_SCADA",1,"2024/02/01 12:00:00","ERGT01","0",NA,NA,NA
"D","DISPATCH","UNIT_SCADA",1,"2024/02/01 12:00:00","GB01","0",NA,NA,NA
"D","DISPATCH","UNIT_SCADA",1,"2024/02/01 12:00:00","GERMCRK","15.8260",NA,NA,NA
"D","DISPATCH","UNIT_SCADA",1,"2024/02/01 12:00:00","GRIFSF1","27.012535",NA,NA,NA
"D","DISPATCH","UNIT_SCADA",1,"2024/02/01 12:00:00","HUGSF1","4.9910",NA,NA,NA
"D","DISPATCH","UNIT_SCADA",1,"2024/02/01 12:00:00","KEPBG1","0",NA,NA,NA
"D","DISPATCH","UNIT_SCADA",1,"2024/02/01 12:00:00","LRSF1","10.006001",NA,NA,NA
"D","DISPATCH","UNIT_SCADA",1,"2024/02/01 12:00:00","MBAHNTH","51.300003",NA,NA,NA
"D","DISPATCH","UNIT_SCADA",1,"2024/02/01 12:00:00","MLSP1","11.6660",NA,NA,NA
"D","DISPATCH","UNIT_SCADA",1,"2024/02/01 12:00:00","MLWF1","6.90",NA,NA,NA
"D","DISPATCH","UNIT_SCADA",1,"2024/02/01 12:00:00","PALOONA","0",NA,NA,NA
"D","DISPATCH","UNIT_SCADA",1,"2024/02/01 12:00:00","PIONEER","-0.80",NA,NA,NA
"D","DISPATCH","UNIT_SCADA",1,"2024/02/01 12:00:00","PORTWF","103.900002",NA,NA,NA
"D","DISPATCH","UNIT_SCADA",1,"2024/02/01 12:00:00","REPULSE","3.714046",NA,NA,NA
"D","DISPATCH","UNIT_SCADA",1,"2024/02/01 12:00:00","ROWALLAN","0",NA,NA,NA
"D","DISPATCH","UNIT_SCADA",1,"2024/02/01 12:00:00","ROYALLA1","16.622002",NA,NA,NA
"D","DISPATCH","UNIT_SCADA",1,"2024/02/01 12:00:00","RPCG","-1.60",NA,NA,NA
"D","DISPATCH","UNIT_SCADA",1,"2024/02/01 12:00:00","RUBICON","0.81",NA,NA,NA
"D","DISPATCH","UNIT_SCADA",1,"2024/02/01 12:00:00","SHOAL1","0",NA,NA,NA
"D","DISPATCH","UNIT_SCADA",1,"2024/02/01 12:00:00","WAUBRAWF","6.1560",NA,NA,NA
"D","DISPATCH","UNIT_SCADA",1,"2024/02/01 12:00:00","WOOLNTH1","121.929993",NA,NA,NA
"D","DISPATCH","UNIT_SCADA",1,"2024/02/01 12:00:00","YAMBUKWF","20.799999",NA,NA,NA
"D","DISPATCH","UNIT_SCADA",1,"2024/02/01 12:00:00","YSWF1","14.90",NA,NA,NA
"D","DISPATCH","UNIT_SCADA",1,"2024/02/01 12:25:00","BARCSF1","13.300001",NA,NA,NA
"D","DISPATCH","UNIT_SCADA",1,"2024/02/01 12:25:00","BUTLERSG","8.999998",NA,NA,NA
"D","DISPATCH","UNIT_SCADA",1,"2024/02/01 12:25:00","BWTR1","14.518640",NA,NA,NA
"D","DISPATCH","UNIT_SCADA",1,"2024/02/01 12:25:00","CAPTL_WF","67.629944",NA,NA,NA
"D","DISPATCH","UNIT_SCADA",1,"2024/02/01 12:25:00","CHALLHWF","7.40",NA,NA,NA
"D","DISPATCH","UNIT_SCADA",1,"2024/02/01 12:25:00","CLOVER","-0.02",NA,NA,NA
"D","DISPATCH","UNIT_SCADA",1,"2024/02/01 12:25:00","CLUNY","2.490730",NA,NA,NA
"D","DISPATCH","UNIT_SCADA",1,"2024/02/01 12:25:00","CONDONG1","-0.99",NA,NA,NA
"D","DISPATCH","UNIT_SCADA",1,"2024/02/01 12:25:00","CULLRGWF","12.86",NA,NA,NA
"D","DISPATCH","UNIT_SCADA",1,"2024/02/01 12:25:00","DIAPURWF1","0",NA,NA,NA
"D","DISPATCH","UNIT_SCADA",1,"2024/02/01 12:25:00","ERGT01","0",NA,NA,NA
"D","DISPATCH","UNIT_SCADA",1,"2024/02/01 12:25:00","GB01","0",NA,NA,NA
"D","DISPATCH","UNIT_SCADA",1,"2024/02/01 12:25:00","GERMCRK","15.72",NA,NA,NA
"D","DISPATCH","UNIT_SCADA",1,"2024/02/01 12:25:00","GRIFSF1","27.020075",NA,NA,NA
"D","DISPATCH","UNIT_SCADA",1,"2024/02/01 04:40:00","YAMBUKWF","2",NA,NA,NA
"D","DISPATCH","UNIT_SCADA",1,"2024/02/01 04:40:00","YSWF1","5.70",NA,NA,NA
"D","DISPATCH","UNIT_SCADA",1,"2024/02/01 04:45:00","BARCSF1","0.10",NA,NA,NA
"D","DISPATCH","UNIT_SCADA",1,"2024/02/01 04:45:00","BUTLERSG","9.099998",NA,NA,NA
"D","DISPATCH","UNIT_SCADA",1,"2024/02/01 04:45:00","BWTR1","14.975920",NA,NA,NA
"D","DISPATCH","UNIT_SCADA",1,"2024/02/01 04:45:00","CAPTL_WF","0",NA,NA,NA
"D","DISPATCH","UNIT_SCADA",1,"2024/02/01 04:45:00","CHALLHWF","2.30",NA,NA,NA
"D","DISPATCH","UNIT_SCADA",1,"2024/02/01 04:45:00","CLOVER","11.38",NA,NA,NA
"D","DISPATCH","UNIT_SCADA",1,"2024/02/01 04:45:00","CLUNY","4.666972",NA,NA,NA
"D","DISPATCH","UNIT_SCADA",1,"2024/02/01 04:45:00","CONDONG1","-0.88",NA,NA,NA
"D","DISPATCH","UNIT_SCADA",1,"2024/02/01 04:45:00","CULLRGWF","3.71",NA,NA,NA
"D","DISPATCH","UNIT_SCADA",1,"2024/02/01 04:45:00","DIAPURWF1","0",NA,NA,NA
"D","DISPATCH","UNIT_SCADA",1,"2024/02/01 04:45:00","ERGT01","0",NA,NA,NA
"D","DISPATCH","UNIT_SCADA",1,"2024/02/01 04:45:00","GB01","0",NA,NA,NA
"D","DISPATCH","UNIT_SCADA",1,"2024/02/01 04:45:00","GERMCRK","15.8880",NA,NA,NA
"D","DISPATCH","UNIT_SCADA",1,"2024/02/01 04:45:00","GRIFSF1","0",NA,NA,NA
"D","DISPATCH","UNIT_SCADA",1,"2024/02/01 04:45:00","HUGSF1","-0.0490",NA,NA,NA
"D","DISPATCH","UNIT_SCADA",1,"2024/02/01 04:45:00","KEPBG1","0",NA,NA,NA
"D","DISPATCH","UNIT_SCADA",1,"2024/02/01 04:45:00","LRSF1","0.0480",NA,NA,NA
"D","DISPATCH","UNIT_SCADA",1,"2024/02/01 04:45:00","MBAHNTH","42.543747",NA,NA,NA
"D","DISPATCH","UNIT_SCADA",1,"2024/02/01 04:45:00","MLSP1","0.0140",NA,NA,NA
"D","DISPATCH","UNIT_SCADA",1,"2024/02/01 04:45:00","MLWF1","4.8450",NA,NA,NA
"D","DISPATCH","UNIT_SCADA",1,"2024/02/01 04:45:00","PALOONA","0",NA,NA,NA
"D","DISPATCH","UNIT_SCADA",1,"2024/02/01 04:45:00","PIONEER","-0.40",NA,NA,NA
"D","DISPATCH","UNIT_SCADA",1,"2024/02/01 04:45:00","PORTWF","45.700001",NA,NA,NA
"D","DISPATCH","UNIT_SCADA",1,"2024/02/01 04:45:00","REPULSE","6.914778",NA,NA,NA
"D","DISPATCH","UNIT_SCADA",1,"2024/02/01 04:45:00","ROWALLAN","0",NA,NA,NA
"D","DISPATCH","UNIT_SCADA",1,"2024/02/01 04:45:00","ROYALLA1","0",NA,NA,NA
"D","DISPATCH","UNIT_SCADA",1,"2024/02/01 04:45:00","RPCG","-0.20",NA,NA,NA
"D","DISPATCH","UNIT_SCADA",1,"2024/02/01 04:45:00","RUBICON","0.72",NA,NA,NA
"D","DISPATCH","UNIT_SCADA",1,"2024/02/01 04:45:00","SHOAL1","11.9250",NA,NA,NA
"D","DISPATCH","UNIT_SCADA",1,"2024/02/01 04:45:00","WAUBRAWF","29.5790",NA,NA,NA
"D","DISPATCH","UNIT_SCADA",1,"2024/02/01 04:45:00","WOOLNTH1","118",NA,NA,NA
"D","DISPATCH","UNIT_SCADA",1,"2024/02/01 04:45:00","YAMBUKWF","1.80",NA,NA,NA
"D","DISPATCH","UNIT_SCADA",1,"2024/02/01 04:45:00","YSWF1","8.70",NA,NA,NA
"D","DISPATCH","UNIT_SCADA",1,"2024/02/01 05:10:00","BARCSF1","0.10",NA,NA,NA
"D","DISPATCH","UNIT_SCADA",1,"2024/02/01 05:10:00","BUTLERSG","9.099998",NA,NA,NA
"D","DISPATCH","UNIT_SCADA",1,"2024/02/01 05:10:00","BWTR1","14.690120",NA,NA,NA
"D","DISPATCH","UNIT_SCADA",1,"2024/02/01 05:10:00","CAPTL_WF","0",NA,NA,NA
"D","DISPATCH","UNIT_SCADA",1,"2024/02/01 05:10:00","CHALLHWF","6.30",NA,NA,NA
"D","DISPATCH","UNIT_SCADA",1,"2024/02/01 05:10:00","CLOVER","24.220001",NA,NA,NA
"D","DISPATCH","UNIT_SCADA",1,"2024/02/01 05:10:00","CLUNY","4.805219",NA,NA,NA
"D","DISPATCH","UNIT_SCADA",1,"2024/02/01 05:10:00","CONDONG1","-0.99",NA,NA,NA
"D","DISPATCH","UNIT_SCADA",1,"2024/02/01 05:10:00","CULLRGWF","3.61",NA,NA,NA
"D","DISPATCH","UNIT_SCADA",1,"2024/02/01 05:10:00","DIAPURWF1","0",NA,NA,NA
"D","DISPATCH","UNIT_SCADA",1,"2024/02/01 05:10:00","ERGT01","0",NA,NA,NA
"D","DISPATCH","UNIT_SCADA",1,"2024/02/01 05:10:00","GB01","0",NA,NA,NA
"D","DISPATCH","UNIT_SCADA",1,"2024/02/01 05:10:00","GERMCRK","16.8330",NA,NA,NA
"D","DISPATCH","UNIT_SCADA",1,"2024/02/01 05:10:00","GRIFSF1","0",NA,NA,NA
"D","DISPATCH","UNIT_SCADA",1,"2024/02/01 05:10:00","HUGSF1","-0.0490",NA,NA,NA
"D","DISPATCH","UNIT_SCADA",1,"2024/02/01 05:10:00","KEPBG1","0",NA,NA,NA
"D","DISPATCH","UNIT_SCADA",1,"2024/02/01 05:10:00","LRSF1","0.0480",NA,NA,NA
"D","DISPATCH","UNIT_SCADA",1,"2024/02/01 05:10:00","MBAHNTH","41.906250",NA,NA,NA
"D","DISPATCH","UNIT_SCADA",1,"2024/02/01 05:10:00","MLSP1","0.0140",NA,NA,NA
"D","DISPATCH","UNIT_SCADA",1,"2024/02/01 05:10:00","MLWF1","3.0750",NA,NA,NA
"D","DISPATCH","UNIT_SCADA",1,"2024/02/01 05:10:00","PALOONA","0",NA,NA,NA
"D","DISPATCH","UNIT_SCADA",1,"2024/02/01 05:10:00","PIONEER","-0.60",NA,NA,NA
"D","DISPATCH","UNIT_SCADA",1,"2024/02/01 05:10:00","PORTWF","49.799999",NA,NA,NA
"D","DISPATCH","UNIT_SCADA",1,"2024/02/01 05:10:00","REPULSE","6.718242",NA,NA,NA
"D","DISPATCH","UNIT_SCADA",1,"2024/02/01 05:10:00","ROWALLAN","0",NA,NA,NA
"D","DISPATCH","UNIT_SCADA",1,"2024/02/01 05:10:00","ROYALLA1","0",NA,NA,NA
"D","DISPATCH","UNIT_SCADA",1,"2024/02/01 05:10:00","RPCG","-0.20",NA,NA,NA
"D","DISPATCH","UNIT_SCADA",1,"2024/02/01 05:10:00","RUBICON","0.72",NA,NA,NA
"D","DISPATCH","UNIT_SCADA",1,"2024/02/01 05:10:00","SHOAL1","11.9250",NA,NA,NA
"D","DISPATCH","UNIT_SCADA",1,"2024/02/01 05:10:00","WAUBRAWF","70.9020",NA,NA,NA
"D","DISPATCH","UNIT_SCADA",1,"2024/02/01 05:10:00","WOOLNTH1","117.580002",NA,NA,NA
"D","DISPATCH","UNIT_SCADA",1,"2024/02/01 05:10:00","YAMBUKWF","3.40",NA,NA,NA
"D","DISPATCH","UNIT_SCADA",1,"2024/02/01 05:10:00","YSWF1","14.20",NA,NA,NA
"D","DISPATCH","UNIT_SCADA",1,"2024/02/01 05:25:00","BARCSF1","0.10",NA,NA,NA
"D","DISPATCH","UNIT_SCADA",1,"2024/02/01 05:25:00","BUTLERSG","9.099998",NA,NA,NA
"D","DISPATCH","UNIT_SCADA",1,"2024/02/01 05:25:00","BWTR1","14.690120",NA,NA,NA
"D","DISPATCH","UNIT_SCADA",1,"2024/02/01 05:25:00","CAPTL_WF","0",NA,NA,NA
"D","DISPATCH","UNIT_SCADA",1,"2024/02/01 05:25:00","CHALLHWF","4.40",NA,NA,NA
"D","DISPATCH","UNIT_SCADA",1,"2024/02/01 05:25:00","CLOVER","24.01",NA,NA,NA
"D","DISPATCH","UNIT_SCADA",1,"2024/02/01 05:25:00","CLUNY","4.766766",NA,NA,NA
"D","DISPATCH","UNIT_SCADA",1,"2024/02/01 05:25:00","CONDONG1","-0.99",NA,NA,NA
"D","DISPATCH","UNIT_SCADA",1,"2024/02/01 05:25:00","CULLRGWF","3.57",NA,NA,NA
"D","DISPATCH","UNIT_SCADA",1,"2024/02/01 05:25:00","DIAPURWF1","0",NA,NA,NA
"D","DISPATCH","UNIT_SCADA",1,"2024/02/01 05:25:00","ERGT01","0",NA,NA,NA
"D","DISPATCH","UNIT_SCADA",1,"2024/02/01 05:25:00","GB01","0",NA,NA,NA
"D","DISPATCH","UNIT_SCADA",1,"2024/02/01 05:25:00","GERMCRK","12.0990",NA,NA,NA
"D","DISPATCH","UNIT_SCADA",1,"2024/02/01 05:25:00","GRIFSF1","0",NA,NA,NA
"D","DISPATCH","UNIT_SCADA",1,"2024/02/01 05:25:00","HUGSF1","-0.0490",NA,NA,NA
"D","DISPATCH","UNIT_SCADA",1,"2024/02/01 05:25:00","KEPBG1","0",NA,NA,NA
"D","DISPATCH","UNIT_SCADA",1,"2024/02/01 05:25:00","LRSF1","0.0480",NA,NA,NA
"D","DISPATCH","UNIT_SCADA",1,"2024/02/01 05:25:00","MBAHNTH","42.431259",NA,NA,NA
"D","DISPATCH","UNIT_SCADA",1,"2024/02/01 05:25:00","MLSP1","0.0140",NA,NA,NA
"D","DISPATCH","UNIT_SCADA",1,"2024/02/01 05:25:00","MLWF1","2.5350",NA,NA,NA
"D","DISPATCH","UNIT_SCADA",1,"2024/02/01 05:25:00","PALOONA","0",NA,NA,NA
"D","DISPATCH","UNIT_SCADA",1,"2024/02/01 05:25:00","PIONEER","-0.60",NA,NA,NA
"D","DISPATCH","UNIT_SCADA",1,"2024/02/01 05:25:00","PORTWF","58",NA,NA,NA
"D","DISPATCH","UNIT_SCADA",1,"2024/02/01 05:25:00","REPULSE","6.883039",NA,NA,NA
"D","DISPATCH","UNIT_SCADA",1,"2024/02/01 05:25:00","ROWALLAN","0",NA,NA,NA
"D","DISPATCH","UNIT_SCADA",1,"2024/02/01 05:25:00","ROYALLA1","0",NA,NA,NA
"D","DISPATCH","UNIT_SCADA",1,"2024/02/01 05:25:00","RPCG","-0.20",NA,NA,NA
"D","DISPATCH","UNIT_SCADA",1,"2024/02/01 05:25:00","RUBICON","0.72",NA,NA,NA
"D","DISPATCH","UNIT_SCADA",1,"2024/02/01 05:25:00","SHOAL1","11.9250",NA,NA,NA
"D","DISPATCH","UNIT_SCADA",1,"2024/02/01 05:25:00","WAUBRAWF","76.559998",NA,NA,NA
"D","DISPATCH","UNIT_SCADA",1,"2024/02/01 05:25:00","WOOLNTH1","121.089996",NA,NA,NA
"D","DISPATCH","UNIT_SCADA",1,"2024/02/01 05:25:00","YAMBUKWF","2.90",NA,NA,NA
"D","DISPATCH","UNIT_SCADA",1,"2024/02/01 05:25:00","YSWF1","11.90",NA,NA,NA
"D","DISPATCH","UNIT_SCADA",1,"2024/02/01 05:30:00","BARCSF1","0.10",NA,NA,NA
"D","DISPATCH","UNIT_SCADA",1,"2024/02/01 05:30:00","BUTLERSG","9.099998",NA,NA,NA
"D","DISPATCH","UNIT_SCADA",1,"2024/02/01 05:30:00","BWTR1","14.690120",NA,NA,NA
"D","DISPATCH","UNIT_SCADA",1,"2024/02/01 05:30:00","CAPTL_WF","0",NA,NA,NA
"D","DISPATCH","UNIT_SCADA",1,"2024/02/01 05:30:00","CHALLHWF","3.60",NA,NA,NA
"D","DISPATCH","UNIT_SCADA",1,"2024/02/01 05:30:00","CLOVER","24.049999",NA,NA,NA
"D","DISPATCH","UNIT_SCADA",1,"2024/02/01 05:30:00","CLUNY","4.738384",NA,NA,NA
"D","DISPATCH","UNIT_SCADA",1,"2024/02/01 05:30:00","CONDONG1","-0.90",NA,NA,NA
"D","DISPATCH","UNIT_SCADA",1,"2024/02/01 05:30:00","CULLRGWF","3.25",NA,NA,NA
"D","DISPATCH","UNIT_SCADA",1,"2024/02/01 05:30:00","DIAPURWF1","0",NA,NA,NA
"D","DISPATCH","UNIT_SCADA",1,"2024/02/01 05:30:00","ERGT01","0",NA,NA,NA
"D","DISPATCH","UNIT_SCADA",1,"2024/02/01 05:30:00","GB01","0",NA,NA,NA
"D","DISPATCH","UNIT_SCADA",1,"2024/02/01 05:30:00","GERMCRK","12.3330",NA,NA,NA
"D","DISPATCH","UNIT_SCADA",1,"2024/02/01 05:30:00","GRIFSF1","0",NA,NA,NA
"D","DISPATCH","UNIT_SCADA",1,"2024/02/01 05:30:00","HUGSF1","-0.0490",NA,NA,NA
"D","DISPATCH","UNIT_SCADA",1,"2024/02/01 05:30:00","KEPBG1","0",NA,NA,NA
"D","DISPATCH","UNIT_SCADA",1,"2024/02/01 05:30:00","LRSF1","0.0480",NA,NA,NA
"D","DISPATCH","UNIT_SCADA",1,"2024/02/01 05:30:00","MBAHNTH","42.093750",NA,NA,NA
"D","DISPATCH","UNIT_SCADA",1,"2024/02/01 05:30:00","MLSP1","0.0140",NA,NA,NA
"D","DISPATCH","UNIT_SCADA",1,"2024/02/01 05:30:00","PALOONA","0",NA,NA,NA
"D","DISPATCH","UNIT_SCADA",1,"2024/02/01 05:30:00","PIONEER","-0.60",NA,NA,NA
"D","DISPATCH","UNIT_SCADA",1,"2024/02/01 05:30:00","PORTWF","56.200001",NA,NA,NA
"D","DISPATCH","UNIT_SCADA",1,"2024/02/01 05:30:00","REPULSE","6.837873",NA,NA,NA
"D","DISPATCH","UNIT_SCADA",1,"2024/02/01 05:30:00","ROWALLAN","0",NA,NA,NA
"D","DISPATCH","UNIT_SCADA",1,"2024/02/01 05:30:00","ROYALLA1","0",NA,NA,NA
"D","DISPATCH","UNIT_SCADA",1,"2024/02/01 05:30:00","RPCG","-0.20",NA,NA,NA
"D","DISPATCH","UNIT_SCADA",1,"2024/02/01 05:30:00","RUBICON","0.72",NA,NA,NA
"D","DISPATCH","UNIT_SCADA",1,"2024/02/01 05:30:00","SHOAL1","11.9250",NA,NA,NA
"D","DISPATCH","UNIT_SCADA",1,"2024/02/01 05:30:00","WAUBRAWF","66.931999",NA,NA,NA
"D","DISPATCH","UNIT_SCADA",1,"2024/02/01 05:30:00","WOOLNTH1","119.129997",NA,NA,NA
"D","DISPATCH","UNIT_SCADA",1,"2024/02/01 05:30:00","YAMBUKWF","3.20",NA,NA,NA
"D","DISPATCH","UNIT_SCADA",1,"2024/02/01 05:30:00","YSWF1","11.70",NA,NA,NA
"D","DISPATCH","UNIT_SCADA",1,"2024/02/01 09:35:00","BARCSF1","13.300001",NA,NA,NA
"D","DISPATCH","UNIT_SCADA",1,"2024/02/01 09:35:00","BUTLERSG","9.099998",NA,NA,NA
"D","DISPATCH","UNIT_SCADA",1,"2024/02/01 09:35:00","BWTR1","15.261720",NA,NA,NA
"D","DISPATCH","UNIT_SCADA",1,"2024/02/01 09:35:00","CAPTL_WF","0",NA,NA,NA
"D","DISPATCH","UNIT_SCADA",1,"2024/02/01 09:35:00","CHALLHWF","2.50",NA,NA,NA
"D","DISPATCH","UNIT_SCADA",1,"2024/02/01 09:35:00","CLOVER","-0.03",NA,NA,NA
"D","DISPATCH","UNIT_SCADA",1,"2024/02/01 09:35:00","CLUNY","2.181277",NA,NA,NA
"D","DISPATCH","UNIT_SCADA",1,"2024/02/01 09:35:00","CONDONG1","-1.04",NA,NA,NA
"D","DISPATCH","UNIT_SCADA",1,"2024/02/01 09:35:00","CULLRGWF","1.32",NA,NA,NA
"D","DISPATCH","UNIT_SCADA",1,"2024/02/01 09:35:00","DIAPURWF1","0",NA,NA,NA
"D","DISPATCH","UNIT_SCADA",1,"2024/02/01 09:35:00","ERGT01","0",NA,NA,NA
"D","DISPATCH","UNIT_SCADA",1,"2024/02/01 09:35:00","GB01","0",NA,NA,NA
"D","DISPATCH","UNIT_SCADA",1,"2024/02/01 09:35:00","GERMCRK","10.0880",NA,NA,NA
"D","DISPATCH","UNIT_SCADA",1,"2024/02/01 09:35:00","GRIFSF1","27.012535",NA,NA,NA
"D","DISPATCH","UNIT_SCADA",1,"2024/02/01 09:35:00","HUGSF1","4.0020",NA,NA,NA
"D","DISPATCH","UNIT_SCADA",1,"2024/02/01 09:35:00","KEPBG1","0.01",NA,NA,NA
"D","DISPATCH","UNIT_SCADA",1,"2024/02/01 09:35:00","LRSF1","9.9870",NA,NA,NA
"D","DISPATCH","UNIT_SCADA",1,"2024/02/01 09:35:00","MBAHNTH","51.3750",NA,NA,NA
"D","DISPATCH","UNIT_SCADA",1,"2024/02/01 09:35:00","MLSP1","9.4650",NA,NA,NA
"D","DISPATCH","UNIT_SCADA",1,"2024/02/01 09:35:00","MLWF1","8.2050",NA,NA,NA
"D","DISPATCH","UNIT_SCADA",1,"2024/02/01 09:35:00","PALOONA","0",NA,NA,NA
"D","DISPATCH","UNIT_SCADA",1,"2024/02/01 09:35:00","PIONEER","-0.60",NA,NA,NA
"D","DISPATCH","UNIT_SCADA",1,"2024/02/01 09:35:00","PORTWF","75.800003",NA,NA,NA
"D","DISPATCH","UNIT_SCADA",1,"2024/02/01 09:35:00","REPULSE","3.307546",NA,NA,NA
"D","DISPATCH","UNIT_SCADA",1,"2024/02/01 09:35:00","ROWALLAN","0",NA,NA,NA
"D","DISPATCH","UNIT_SCADA",1,"2024/02/01 09:35:00","ROYALLA1","14.264001",NA,NA,NA
"D","DISPATCH","UNIT_SCADA",1,"2024/02/01 09:35:00","RPCG","-1.60",NA,NA,NA
"D","DISPATCH","UNIT_SCADA",1,"2024/02/01 09:35:00","RUBICON","0.81",NA,NA,NA
"D","DISPATCH","UNIT_SCADA",1,"2024/02/01 09:35:00","SHOAL1","0",NA,NA,NA
"D","DISPATCH","UNIT_SCADA",1,"2024/02/01 09:35:00","WAUBRAWF","51.213001",NA,NA,NA
"D","DISPATCH","UNIT_SCADA",1,"2024/02/01 09:35:00","WOOLNTH1","61.93",NA,NA,NA
"D","DISPATCH","UNIT_SCADA",1,"2024/02/01 09:35:00","YAMBUKWF","16.60",NA,NA,NA
"D","DISPATCH","UNIT_SCADA",1,"2024/02/01 09:35:00","YSWF1","7.40",NA,NA,NA
"D","DISPATCH","UNIT_SCADA",1,"2024/02/01 09:40:00","BARCSF1","10",NA,NA,NA
"D","DISPATCH","UNIT_SCADA",1,"2024/02/01 09:40:00","BUTLERSG","9.099998",NA,NA,NA
"D","DISPATCH","UNIT_SCADA",1,"2024/02/01 09:40:00","BWTR1","15.261720",NA,NA,NA
"D","DISPATCH","UNIT_SCADA",1,"2024/02/01 09:40:00","CAPTL_WF","0",NA,NA,NA
"D","DISPATCH","UNIT_SCADA",1,"2024/02/01 09:40:00","CHALLHWF","3.30",NA,NA,NA
"D","DISPATCH","UNIT_SCADA",1,"2024/02/01 09:40:00","CLOVER","-0.03",NA,NA,NA
"D","DISPATCH","UNIT_SCADA",1,"2024/02/01 09:40:00","CLUNY","2.162051",NA,NA,NA
"D","DISPATCH","UNIT_SCADA",1,"2024/02/01 09:40:00","CONDONG1","-0.96",NA,NA,NA
"D","DISPATCH","UNIT_SCADA",1,"2024/02/01 09:40:00","CULLRGWF","1.49",NA,NA,NA
"D","DISPATCH","UNIT_SCADA",1,"2024/02/01 09:40:00","DIAPURWF1","0",NA,NA,NA
"D","DISPATCH","UNIT_SCADA",1,"2024/02/01 09:40:00","ERGT01","0",NA,NA,NA
"D","DISPATCH","UNIT_SCADA",1,"2024/02/01 09:40:00","GB01","0",NA,NA,NA
"D","DISPATCH","UNIT_SCADA",1,"2024/02/01 09:40:00","GERMCRK","10.0220",NA,NA,NA
"D","DISPATCH","UNIT_SCADA",1,"2024/02/01 09:40:00","GRIFSF1","27.020075",NA,NA,NA
"D","DISPATCH","UNIT_SCADA",1,"2024/02/01 09:40:00","HUGSF1","3.9460",NA,NA,NA
"D","DISPATCH","UNIT_SCADA",1,"2024/02/01 09:40:00","KEPBG1","0.01",NA,NA,NA
"D","DISPATCH","UNIT_SCADA",1,"2024/02/01 09:40:00","LRSF1","9.9870",NA,NA,NA
"D","DISPATCH","UNIT_SCADA",1,"2024/02/01 09:40:00","MBAHNTH","51.281250",NA,NA,NA
"D","DISPATCH","UNIT_SCADA",1,"2024/02/01 09:40:00","MLSP1","9.5660",NA,NA,NA
"D","DISPATCH","UNIT_SCADA",1,"2024/02/01 09:40:00","MLWF1","6.3750",NA,NA,NA
"D","DISPATCH","UNIT_SCADA",1,"2024/02/01 09:40:00","PALOONA","0",NA,NA,NA
"D","DISPATCH","UNIT_SCADA",1,"2024/02/01 09:40:00","PIONEER","-0.60",NA,NA,NA
"D","DISPATCH","UNIT_SCADA",1,"2024/02/01 09:40:00","PORTWF","78.099998",NA,NA,NA
"D","DISPATCH","UNIT_SCADA",1,"2024/02/01 09:40:00","REPULSE","3.275807",NA,NA,NA
"D","DISPATCH","UNIT_SCADA",1,"2024/02/01 09:40:00","ROWALLAN","0",NA,NA,NA
"D","DISPATCH","UNIT_SCADA",1,"2024/02/01 09:40:00","ROYALLA1","14.4610",NA,NA,NA
"D","DISPATCH","UNIT_SCADA",1,"2024/02/01 09:40:00","RPCG","-1.60",NA,NA,NA
"D","DISPATCH","UNIT_SCADA",1,"2024/02/01 09:40:00","RUBICON","0.81",NA,NA,NA
"D","DISPATCH","UNIT_SCADA",1,"2024/02/01 09:40:00","SHOAL1","0",NA,NA,NA
"D","DISPATCH","UNIT_SCADA",1,"2024/02/01 09:40:00","WAUBRAWF","50.993999",NA,NA,NA
"D","DISPATCH","UNIT_SCADA",1,"2024/02/01 09:40:00","WOOLNTH1","58.939999",NA,NA,NA
"D","DISPATCH","UNIT_SCADA",1,"2024/02/01 09:40:00","YAMBUKWF","16.50",NA,NA,NA
"D","DISPATCH","UNIT_SCADA",1,"2024/02/01 09:40:00","YSWF1","7.60",NA,NA,NA
"D","DISPATCH","UNIT_SCADA",1,"2024/02/01 10:15:00","BARCSF1","13.300001",NA,NA,NA
"D","DISPATCH","UNIT_SCADA",1,"2024/02/01 10:15:00","BUTLERSG","9.099998",NA,NA,NA
"D","DISPATCH","UNIT_SCADA",1,"2024/02/01 10:15:00","BWTR1","15.318880",NA,NA,NA
"D","DISPATCH","UNIT_SCADA",1,"2024/02/01 10:15:00","CAPTL_WF","0",NA,NA,NA
"D","DISPATCH","UNIT_SCADA",1,"2024/02/01 10:15:00","CHALLHWF","4.80",NA,NA,NA
"D","DISPATCH","UNIT_SCADA",1,"2024/02/01 10:15:00","CLOVER","-0.01",NA,NA,NA
"D","DISPATCH","UNIT_SCADA",1,"2024/02/01 10:15:00","CLUNY","2.166629",NA,NA,NA
"D","DISPATCH","UNIT_SCADA",1,"2024/02/01 10:15:00","CONDONG1","-0.94",NA,NA,NA
"D","DISPATCH","UNIT_SCADA",1,"2024/02/01 10:15:00","CULLRGWF","3.31",NA,NA,NA
"D","DISPATCH","UNIT_SCADA",1,"2024/02/01 10:15:00","DIAPURWF1","0",NA,NA,NA
"D","DISPATCH","UNIT_SCADA",1,"2024/02/01 10:15:00","ERGT01","0",NA,NA,NA
"D","DISPATCH","UNIT_SCADA",1,"2024/02/01 10:15:00","GB01","0",NA,NA,NA
"D","DISPATCH","UNIT_SCADA",1,"2024/02/01 10:15:00","GERMCRK","10.58",NA,NA,NA
"D","DISPATCH","UNIT_SCADA",1,"2024/02/01 10:15:00","GRIFSF1","27.020075",NA,NA,NA
"D","DISPATCH","UNIT_SCADA",1,"2024/02/01 10:15:00","HUGSF1","9.101001",NA,NA,NA
"D","DISPATCH","UNIT_SCADA",1,"2024/02/01 10:15:00","KEPBG1","0",NA,NA,NA
"D","DISPATCH","UNIT_SCADA",1,"2024/02/01 10:15:00","LRSF1","10.0670",NA,NA,NA
"D","DISPATCH","UNIT_SCADA",1,"2024/02/01 10:15:00","MBAHNTH","50.774994",NA,NA,NA
"D","DISPATCH","UNIT_SCADA",1,"2024/02/01 10:15:00","MLSP1","10.4230",NA,NA,NA
"D","DISPATCH","UNIT_SCADA",1,"2024/02/01 10:15:00","MLWF1","9.24",NA,NA,NA
"D","DISPATCH","UNIT_SCADA",1,"2024/02/01 10:15:00","PALOONA","0",NA,NA,NA
"D","DISPATCH","UNIT_SCADA",1,"2024/02/01 10:15:00","PIONEER","-0.80",NA,NA,NA
"D","DISPATCH","UNIT_SCADA",1,"2024/02/01 10:15:00","PORTWF","93.199997",NA,NA,NA
"D","DISPATCH","UNIT_SCADA",1,"2024/02/01 10:15:00","REPULSE","3.142748",NA,NA,NA
"D","DISPATCH","UNIT_SCADA",1,"2024/02/01 10:15:00","ROWALLAN","0",NA,NA,NA
"D","DISPATCH","UNIT_SCADA",1,"2024/02/01 10:15:00","ROYALLA1","15.545001",NA,NA,NA
"D","DISPATCH","UNIT_SCADA",1,"2024/02/01 10:15:00","RPCG","-1.60",NA,NA,NA
"D","DISPATCH","UNIT_SCADA",1,"2024/02/01 10:15:00","RUBICON","0.81",NA,NA,NA
"D","DISPATCH","UNIT_SCADA",1,"2024/02/01 10:15:00","SHOAL1","0",NA,NA,NA
"D","DISPATCH","UNIT_SCADA",1,"2024/02/01 10:15:00","WAUBRAWF","63.886002",NA,NA,NA
"D","DISPATCH","UNIT_SCADA",1,"2024/02/01 10:15:00","WOOLNTH1","116.989998",NA,NA,NA
"D","DISPATCH","UNIT_SCADA",1,"2024/02/01 10:15:00","YAMBUKWF","13.70",NA,NA,NA
"D","DISPATCH","UNIT_SCADA",1,"2024/02/01 10:15:00","YSWF1","8.40",NA,NA,NA
"D","DISPATCH","UNIT_SCADA",1,"2024/02/01 10:45:00","BARCSF1","13.400001",NA,NA,NA
"D","DISPATCH","UNIT_SCADA",1,"2024/02/01 10:45:00","BUTLERSG","8.999998",NA,NA,NA
"D","DISPATCH","UNIT_SCADA",1,"2024/02/01 10:45:00","BWTR1","15.318880",NA,NA,NA
"D","DISPATCH","UNIT_SCADA",1,"2024/02/01 10:45:00","CAPTL_WF","0",NA,NA,NA
"D","DISPATCH","UNIT_SCADA",1,"2024/02/01 10:45:00","CHALLHWF","5.40",NA,NA,NA
"D","DISPATCH","UNIT_SCADA",1,"2024/02/01 10:45:00","CLOVER","-0.02",NA,NA,NA
"D","DISPATCH","UNIT_SCADA",1,"2024/02/01 10:45:00","CLUNY","2.162051",NA,NA,NA
"D","DISPATCH","UNIT_SCADA",1,"2024/02/01 10:45:00","CONDONG1","-1.03",NA,NA,NA
"D","DISPATCH","UNIT_SCADA",1,"2024/02/01 10:45:00","CULLRGWF","8.06",NA,NA,NA
"D","DISPATCH","UNIT_SCADA",1,"2024/02/01 10:45:00","DIAPURWF1","0",NA,NA,NA
"D","DISPATCH","UNIT_SCADA",1,"2024/02/01 10:45:00","ERGT01","0",NA,NA,NA
"D","DISPATCH","UNIT_SCADA",1,"2024/02/01 10:45:00","GB01","0",NA,NA,NA
"D","DISPATCH","UNIT_SCADA",1,"2024/02/01 10:45:00","GERMCRK","10.7990",NA,NA,NA
"D","DISPATCH","UNIT_SCADA",1,"2024/02/01 10:45:00","GRIFSF1","27.020075",NA,NA,NA
"D","DISPATCH","UNIT_SCADA",1,"2024/02/01 10:45:00","HUGSF1","5.7790",NA,NA,NA
"D","DISPATCH","UNIT_SCADA",1,"2024/02/01 10:45:00","KEPBG1","0",NA,NA,NA
"D","DISPATCH","UNIT_SCADA",1,"2024/02/01 10:45:00","LRSF1","10.0670",NA,NA,NA
"D","DISPATCH","UNIT_SCADA",1,"2024/02/01 10:45:00","MBAHNTH","50.212509",NA,NA,NA
"D","DISPATCH","UNIT_SCADA",1,"2024/02/01 10:45:00","MLSP1","10.997001",NA,NA,NA
"D","DISPATCH","UNIT_SCADA",1,"2024/02/01 10:45:00","MLWF1","7.6050",NA,NA,NA
"D","DISPATCH","UNIT_SCADA",1,"2024/02/01 10:45:00","PALOONA","0",NA,NA,NA
"D","DISPATCH","UNIT_SCADA",1,"2024/02/01 10:45:00","PIONEER","-0.80",NA,NA,NA
"D","DISPATCH","UNIT_SCADA",1,"2024/02/01 10:45:00","PORTWF","98.099998",NA,NA,NA
"D","DISPATCH","UNIT_SCADA",1,"2024/02/01 10:45:00","REPULSE","3.180591",NA,NA,NA
"D","DISPATCH","UNIT_SCADA",1,"2024/02/01 10:45:00","ROWALLAN","0",NA,NA,NA
"D","DISPATCH","UNIT_SCADA",1,"2024/02/01 10:45:00","ROYALLA1","16.231001",NA,NA,NA
"D","DISPATCH","UNIT_SCADA",1,"2024/02/01 10:45:00","RPCG","-1.60",NA,NA,NA
"D","DISPATCH","UNIT_SCADA",1,"2024/02/01 10:45:00","RUBICON","0.81",NA,NA,NA
"D","DISPATCH","UNIT_SCADA",1,"2024/02/01 10:45:00","SHOAL1","0",NA,NA,NA
"D","DISPATCH","UNIT_SCADA",1,"2024/02/01 10:45:00","WAUBRAWF","54.1050",NA,NA,NA
"D","DISPATCH","UNIT_SCADA",1,"2024/02/01 10:45:00","WOOLNTH1","119.199997",NA,NA,NA
"D","DISPATCH","UNIT_SCADA",1,"2024/02/01 10:45:00","YAMBUKWF","14.70",NA,NA,NA
"D","DISPATCH","UNIT_SCADA",1,"2024/02/01 10:45:00","YSWF1","7.30",NA,NA,NA
"D","DISPATCH","UNIT_SCADA",1,"2024/02/01 13:45:00","BARCSF1","13.200001",NA,NA,NA
"D","DISPATCH","UNIT_SCADA",1,"2024/02/01 13:45:00","BUTLERSG","9.099998",NA,NA,NA
"D","DISPATCH","UNIT_SCADA",1,"2024/02/01 13:45:00","BWTR1","14.918760",NA,NA,NA
"D","DISPATCH","UNIT_SCADA",1,"2024/02/01 13:45:00","CAPTL_WF","47.446037",NA,NA,NA
"D","DISPATCH","UNIT_SCADA",1,"2024/02/01 13:45:00","CHALLHWF","15",NA,NA,NA
"D","DISPATCH","UNIT_SCADA",1,"2024/02/01 13:45:00","CLOVER","-0.02",NA,NA,NA
"D","DISPATCH","UNIT_SCADA",1,"2024/02/01 13:45:00","CLUNY","2.152895",NA,NA,NA
"D","DISPATCH","UNIT_SCADA",1,"2024/02/01 13:45:00","CONDONG1","-0.96",NA,NA,NA
"D","DISPATCH","UNIT_SCADA",1,"2024/02/01 13:45:00","CULLRGWF","18.120001",NA,NA,NA
"D","DISPATCH","UNIT_SCADA",1,"2024/02/01 13:45:00","DIAPURWF1","0",NA,NA,NA
"D","DISPATCH","UNIT_SCADA",1,"2024/02/01 13:45:00","ERGT01","0",NA,NA,NA
"D","DISPATCH","UNIT_SCADA",1,"2024/02/01 13:45:00","GB01","0",NA,NA,NA
"D","DISPATCH","UNIT_SCADA",1,"2024/02/01 13:45:00","GERMCRK","15.9040",NA,NA,NA
"D","DISPATCH","UNIT_SCADA",1,"2024/02/01 13:45:00","GRIFSF1","27.020075",NA,NA,NA
"D","DISPATCH","UNIT_SCADA",1,"2024/02/01 13:45:00","HUGSF1","6.302001",NA,NA,NA
"D","DISPATCH","UNIT_SCADA",1,"2024/02/01 13:45:00","KEPBG1","0",NA,NA,NA
"D","DISPATCH","UNIT_SCADA",1,"2024/02/01 13:45:00","LRSF1","9.5010",NA,NA,NA
"D","DISPATCH","UNIT_SCADA",1,"2024/02/01 13:45:00","MBAHNTH","51.9375",NA,NA,NA
"D","DISPATCH","UNIT_SCADA",1,"2024/02/01 13:45:00","MLSP1","10.8310",NA,NA,NA
"D","DISPATCH","UNIT_SCADA",1,"2024/02/01 13:45:00","MLWF1","8.34",NA,NA,NA
"D","DISPATCH","UNIT_SCADA",1,"2024/02/01 13:45:00","PALOONA","6.97",NA,NA,NA
"D","DISPATCH","UNIT_SCADA",1,"2024/02/01 13:45:00","PIONEER","-0.80",NA,NA,NA
"D","DISPATCH","UNIT_SCADA",1,"2024/02/01 13:45:00","PORTWF","109.800003",NA,NA,NA
"D","DISPATCH","UNIT_SCADA",1,"2024/02/01 13:45:00","REPULSE","3.174487",NA,NA,NA
"D","DISPATCH","UNIT_SCADA",1,"2024/02/01 13:45:00","ROWALLAN","0",NA,NA,NA
"D","DISPATCH","UNIT_SCADA",1,"2024/02/01 13:45:00","ROYALLA1","15.361001",NA,NA,NA
"D","DISPATCH","UNIT_SCADA",1,"2024/02/01 13:45:00","RPCG","-1.60",NA,NA,NA
"D","DISPATCH","UNIT_SCADA",1,"2024/02/01 12:40:00","BARCSF1","13.300001",NA,NA,NA
"D","DISPATCH","UNIT_SCADA",1,"2024/02/01 12:40:00","BUTLERSG","9.099998",NA,NA,NA
"D","DISPATCH","UNIT_SCADA",1,"2024/02/01 12:40:00","BWTR1","14.518640",NA,NA,NA
"D","DISPATCH","UNIT_SCADA",1,"2024/02/01 12:40:00","CAPTL_WF","65.403336",NA,NA,NA
"D","DISPATCH","UNIT_SCADA",1,"2024/02/01 12:40:00","CHALLHWF","10.20",NA,NA,NA
"D","DISPATCH","UNIT_SCADA",1,"2024/02/01 12:40:00","CLOVER","-0.01",NA,NA,NA
"D","DISPATCH","UNIT_SCADA",1,"2024/02/01 12:40:00","CLUNY","2.395514",NA,NA,NA
"D","DISPATCH","UNIT_SCADA",1,"2024/02/01 12:40:00","CONDONG1","-0.92",NA,NA,NA
"D","DISPATCH","UNIT_SCADA",1,"2024/02/01 12:40:00","CULLRGWF","13.93",NA,NA,NA
"D","DISPATCH","UNIT_SCADA",1,"2024/02/01 12:40:00","DIAPURWF1","0",NA,NA,NA
"D","DISPATCH","UNIT_SCADA",1,"2024/02/01 12:40:00","ERGT01","0",NA,NA,NA
"D","DISPATCH","UNIT_SCADA",1,"2024/02/01 12:40:00","GB01","0",NA,NA,NA
"D","DISPATCH","UNIT_SCADA",1,"2024/02/01 12:40:00","GERMCRK","15.7090",NA,NA,NA
"D","DISPATCH","UNIT_SCADA",1,"2024/02/01 12:40:00","GRIFSF1","27.012535",NA,NA,NA
"D","DISPATCH","UNIT_SCADA",1,"2024/02/01 12:40:00","HUGSF1","6.7510",NA,NA,NA
"D","DISPATCH","UNIT_SCADA",1,"2024/02/01 12:40:00","KEPBG1","0",NA,NA,NA
"D","DISPATCH","UNIT_SCADA",1,"2024/02/01 12:40:00","LRSF1","9.969001",NA,NA,NA
"D","DISPATCH","UNIT_SCADA",1,"2024/02/01 12:40:00","MBAHNTH","51.693756",NA,NA,NA
"D","DISPATCH","UNIT_SCADA",1,"2024/02/01 12:40:00","MLSP1","11.6160",NA,NA,NA
"D","DISPATCH","UNIT_SCADA",1,"2024/02/01 12:40:00","MLWF1","7.9950",NA,NA,NA
"D","DISPATCH","UNIT_SCADA",1,"2024/02/01 12:40:00","PALOONA","3.78",NA,NA,NA
"D","DISPATCH","UNIT_SCADA",1,"2024/02/01 12:40:00","PIONEER","-0.80",NA,NA,NA
"D","DISPATCH","UNIT_SCADA",1,"2024/02/01 12:40:00","PORTWF","97.50",NA,NA,NA
"D","DISPATCH","UNIT_SCADA",1,"2024/02/01 12:40:00","REPULSE","3.390555",NA,NA,NA
"D","DISPATCH","UNIT_SCADA",1,"2024/02/01 12:40:00","ROWALLAN","0",NA,NA,NA
"D","DISPATCH","UNIT_SCADA",1,"2024/02/01 12:40:00","ROYALLA1","16.332001",NA,NA,NA
"D","DISPATCH","UNIT_SCADA",1,"2024/02/01 12:40:00","RPCG","-1.60",NA,NA,NA
"D","DISPATCH","UNIT_SCADA",1,"2024/02/01 12:40:00","RUBICON","0.81",NA,NA,NA
"D","DISPATCH","UNIT_SCADA",1,"2024/02/01 12:40:00","SHOAL1","0",NA,NA,NA
"D","DISPATCH","UNIT_SCADA",1,"2024/02/01 12:40:00","WAUBRAWF","0",NA,NA,NA
"D","DISPATCH","UNIT_SCADA",1,"2024/02/01 12:40:00","WOOLNTH1","121.520004",NA,NA,NA
"D","DISPATCH","UNIT_SCADA",1,"2024/02/01 12:40:00","YAMBUKWF","22",NA,NA,NA
"D","DISPATCH","UNIT_SCADA",1,"2024/02/01 12:40:00","YSWF1","12.90",NA,NA,NA
"D","DISPATCH","UNIT_SCADA",1,"2024/02/01 18:15:00","GRIFSF1","14.469082",NA,NA,NA
"D","DISPATCH","UNIT_SCADA",1,"2024/02/01 18:15:00","HUGSF1","0.9280",NA,NA,NA
"D","DISPATCH","UNIT_SCADA",1,"2024/02/01 18:15:00","KEPBG1","2.01",NA,NA,NA
"D","DISPATCH","UNIT_SCADA",1,"2024/02/01 18:15:00","LRSF1","6.3390",NA,NA,NA
"D","DISPATCH","UNIT_SCADA",1,"2024/02/01 18:15:00","MBAHNTH","52.631241",NA,NA,NA
"D","DISPATCH","UNIT_SCADA",1,"2024/02/01 18:15:00","MLSP1","0.6820",NA,NA,NA
"D","DISPATCH","UNIT_SCADA",1,"2024/02/01 18:15:00","MLWF1","11.3550",NA,NA,NA
"D","DISPATCH","UNIT_SCADA",1,"2024/02/01 18:15:00","PALOONA","9.70",NA,NA,NA
"D","DISPATCH","UNIT_SCADA",1,"2024/02/01 18:15:00","PIONEER","-0.60",NA,NA,NA
"D","DISPATCH","UNIT_SCADA",1,"2024/02/01 18:15:00","PORTWF","74.699997",NA,NA,NA
"D","DISPATCH","UNIT_SCADA",1,"2024/02/01 18:15:00","REPULSE","2.831464",NA,NA,NA
"D","DISPATCH","UNIT_SCADA",1,"2024/02/01 18:15:00","ROWALLAN","0",NA,NA,NA
"D","DISPATCH","UNIT_SCADA",1,"2024/02/01 18:15:00","ROYALLA1","0.4450",NA,NA,NA
"D","DISPATCH","UNIT_SCADA",1,"2024/02/01 18:15:00","RPCG","-1.60",NA,NA,NA
"D","DISPATCH","UNIT_SCADA",1,"2024/02/01 18:15:00","RUBICON","0.81",NA,NA,NA
"D","DISPATCH","UNIT_SCADA",1,"2024/02/01 18:15:00","SHOAL1","19.9750",NA,NA,NA
"D","DISPATCH","UNIT_SCADA",1,"2024/02/01 18:15:00","WAUBRAWF","140.723999",NA,NA,NA
"D","DISPATCH","UNIT_SCADA",1,"2024/02/01 18:15:00","WOOLNTH1","128.699997",NA,NA,NA
"D","DISPATCH","UNIT_SCADA",1,"2024/02/01 18:15:00","YAMBUKWF","22",NA,NA,NA
"D","DISPATCH","UNIT_SCADA",1,"2024/02/01 18:15:00","YSWF1","24.799999",NA,NA,NA
"D","DISPATCH","UNIT_SCADA",1,"2024/02/01 18:20:00","BARCSF1","6.30",NA,NA,NA
"D","DISPATCH","UNIT_SCADA",1,"2024/02/01 18:20:00","BUTLERSG","9.099998",NA,NA,NA
"D","DISPATCH","UNIT_SCADA",1,"2024/02/01 18:20:00","BWTR1","14.5758",NA,NA,NA
"D","DISPATCH","UNIT_SCADA",1,"2024/02/01 18:20:00","CAPTL_WF","95.747559",NA,NA,NA
"D","DISPATCH","UNIT_SCADA",1,"2024/02/01 18:20:00","CHALLHWF","22.299999",NA,NA,NA
"D","DISPATCH","UNIT_SCADA",1,"2024/02/01 18:20:00","CLOVER","-0.01",NA,NA,NA
"D","DISPATCH","UNIT_SCADA",1,"2024/02/01 18:20:00","CLUNY","2.195926",NA,NA,NA
"D","DISPATCH","UNIT_SCADA",1,"2024/02/01 18:20:00","CONDONG1","-0.73",NA,NA,NA
"D","DISPATCH","UNIT_SCADA",1,"2024/02/01 18:20:00","CULLRGWF","20.299999",NA,NA,NA
"D","DISPATCH","UNIT_SCADA",1,"2024/02/01 18:20:00","DIAPURWF1","0",NA,NA,NA
"D","DISPATCH","UNIT_SCADA",1,"2024/02/01 18:20:00","ERGT01","0",NA,NA,NA
"D","DISPATCH","UNIT_SCADA",1,"2024/02/01 18:20:00","GB01","0",NA,NA,NA
"D","DISPATCH","UNIT_SCADA",1,"2024/02/01 18:20:00","GERMCRK","15.4040",NA,NA,NA
"D","DISPATCH","UNIT_SCADA",1,"2024/02/01 18:20:00","GRIFSF1","12.928955",NA,NA,NA
"D","DISPATCH","UNIT_SCADA",1,"2024/02/01 18:20:00","HUGSF1","0.8980",NA,NA,NA
"D","DISPATCH","UNIT_SCADA",1,"2024/02/01 18:20:00","KEPBG1","2.01",NA,NA,NA
"D","DISPATCH","UNIT_SCADA",1,"2024/02/01 18:20:00","LRSF1","0.8440",NA,NA,NA
"D","DISPATCH","UNIT_SCADA",1,"2024/02/01 18:20:00","MBAHNTH","51.881241",NA,NA,NA
"D","DISPATCH","UNIT_SCADA",1,"2024/02/01 18:20:00","MLSP1","0.5320",NA,NA,NA
"D","DISPATCH","UNIT_SCADA",1,"2024/02/01 18:20:00","MLWF1","11.73",NA,NA,NA
"D","DISPATCH","UNIT_SCADA",1,"2024/02/01 18:20:00","PALOONA","9.719999",NA,NA,NA
"D","DISPATCH","UNIT_SCADA",1,"2024/02/01 18:20:00","PIONEER","-0.60",NA,NA,NA
"D","DISPATCH","UNIT_SCADA",1,"2024/02/01 18:20:00","PORTWF","70",NA,NA,NA
"D","DISPATCH","UNIT_SCADA",1,"2024/02/01 18:20:00","REPULSE","3.174487",NA,NA,NA
"D","DISPATCH","UNIT_SCADA",1,"2024/02/01 18:20:00","ROWALLAN","0",NA,NA,NA
"D","DISPATCH","UNIT_SCADA",1,"2024/02/01 18:20:00","ROYALLA1","0.37",NA,NA,NA
"D","DISPATCH","UNIT_SCADA",1,"2024/02/01 18:20:00","RPCG","-2.80",NA,NA,NA
"D","DISPATCH","UNIT_SCADA",1,"2024/02/01 18:20:00","RUBICON","0.81",NA,NA,NA
"D","DISPATCH","UNIT_SCADA",1,"2024/02/01 18:20:00","SHOAL1","19.9750",NA,NA,NA
"D","DISPATCH","UNIT_SCADA",1,"2024/02/01 18:20:00","WAUBRAWF","131.662003",NA,NA,NA
"D","DISPATCH","UNIT_SCADA",1,"2024/02/01 18:20:00","WOOLNTH1","123.349991",NA,NA,NA
"D","DISPATCH","UNIT_SCADA",1,"2024/02/01 18:20:00","YAMBUKWF","23.200001",NA,NA,NA
"D","DISPATCH","UNIT_SCADA",1,"2024/02/01 18:20:00","YSWF1","23.90",NA,NA,NA
"D","DISPATCH","UNIT_SCADA",1,"2024/02/01 18:30:00","BARCSF1","4.30",NA,NA,NA
"D","DISPATCH","UNIT_SCADA",1,"2024/02/01 18:30:00","BUTLERSG","9.099998",NA,NA,NA
"D","DISPATCH","UNIT_SCADA",1,"2024/02/01 18:30:00","BWTR1","14.5758",NA,NA,NA
"D","DISPATCH","UNIT_SCADA",1,"2024/02/01 18:30:00","CAPTL_WF","91.423271",NA,NA,NA
"D","DISPATCH","UNIT_SCADA",1,"2024/02/01 18:30:00","CHALLHWF","21.50",NA,NA,NA
"D","DISPATCH","UNIT_SCADA",1,"2024/02/01 18:30:00","CLOVER","-0.01",NA,NA,NA
"D","DISPATCH","UNIT_SCADA",1,"2024/02/01 18:30:00","CLUNY","2.142824",NA,NA,NA
"D","DISPATCH","UNIT_SCADA",1,"2024/02/01 18:30:00","CONDONG1","-0.72",NA,NA,NA
"D","DISPATCH","UNIT_SCADA",1,"2024/02/01 18:30:00","CULLRGWF","21.049999",NA,NA,NA
"D","DISPATCH","UNIT_SCADA",1,"2024/02/01 18:30:00","DIAPURWF1","0",NA,NA,NA
"D","DISPATCH","UNIT_SCADA",1,"2024/02/01 18:30:00","ERGT01","0",NA,NA,NA
"D","DISPATCH","UNIT_SCADA",1,"2024/02/01 18:30:00","GB01","0",NA,NA,NA
"D","DISPATCH","UNIT_SCADA",1,"2024/02/01 18:30:00","GERMCRK","15.4310",NA,NA,NA
"D","DISPATCH","UNIT_SCADA",1,"2024/02/01 18:30:00","GRIFSF1","10.091881",NA,NA,NA
"D","DISPATCH","UNIT_SCADA",1,"2024/02/01 18:30:00","HUGSF1","0.6370",NA,NA,NA
"D","DISPATCH","UNIT_SCADA",1,"2024/02/01 18:30:00","KEPBG1","2.01",NA,NA,NA
"D","DISPATCH","UNIT_SCADA",1,"2024/02/01 18:30:00","LRSF1","4.0710",NA,NA,NA
"D","DISPATCH","UNIT_SCADA",1,"2024/02/01 18:30:00","MBAHNTH","51.581253",NA,NA,NA
"D","DISPATCH","UNIT_SCADA",1,"2024/02/01 18:30:00","MLSP1","0.3820",NA,NA,NA
"D","DISPATCH","UNIT_SCADA",1,"2024/02/01 18:30:00","MLWF1","7.1850",NA,NA,NA
"D","DISPATCH","UNIT_SCADA",1,"2024/02/01 18:30:00","PALOONA","9.79",NA,NA,NA
"D","DISPATCH","UNIT_SCADA",1,"2024/02/01 18:30:00","PIONEER","-0.60",NA,NA,NA
"D","DISPATCH","UNIT_SCADA",1,"2024/02/01 18:30:00","PORTWF","71.800003",NA,NA,NA
"D","DISPATCH","UNIT_SCADA",1,"2024/02/01 18:30:00","REPULSE","3.275807",NA,NA,NA
"D","DISPATCH","UNIT_SCADA",1,"2024/02/01 18:30:00","ROWALLAN","0",NA,NA,NA
"D","DISPATCH","UNIT_SCADA",1,"2024/02/01 18:30:00","ROYALLA1","0.2920",NA,NA,NA
"D","DISPATCH","UNIT_SCADA",1,"2024/02/01 18:30:00","RPCG","-2.80",NA,NA,NA
"D","DISPATCH","UNIT_SCADA",1,"2024/02/01 18:30:00","RUBICON","0.81",NA,NA,NA
"D","DISPATCH","UNIT_SCADA",1,"2024/02/01 18:30:00","SHOAL1","19.9750",NA,NA,NA
"D","DISPATCH","UNIT_SCADA",1,"2024/02/01 18:30:00","WAUBRAWF","116.6660",NA,NA,NA
"D","DISPATCH","UNIT_SCADA",1,"2024/02/01 18:30:00","WOOLNTH1","123.499992",NA,NA,NA
"D","DISPATCH","UNIT_SCADA",1,"2024/02/01 18:30:00","YAMBUKWF","21.299999",NA,NA,NA
"D","DISPATCH","UNIT_SCADA",1,"2024/02/01 18:30:00","YSWF1","24.90",NA,NA,NA
"D","DISPATCH","UNIT_SCADA",1,"2024/02/02 09:00:00","BARCSF1","13.50",NA,NA,NA
"D","DISPATCH","UNIT_SCADA",1,"2024/02/02 09:00:00","BUTLERSG","9.099998",NA,NA,NA
"D","DISPATCH","UNIT_SCADA",1,"2024/02/02 09:00:00","BWTR1","15.376040",NA,NA,NA
"D","DISPATCH","UNIT_SCADA",1,"2024/02/02 09:00:00","CAPTL_WF","0",NA,NA,NA
"D","DISPATCH","UNIT_SCADA",1,"2024/02/02 09:00:00","CHALLHWF","11.90",NA,NA,NA
"D","DISPATCH","UNIT_SCADA",1,"2024/02/02 09:00:00","CLOVER","-0.09",NA,NA,NA
"D","DISPATCH","UNIT_SCADA",1,"2024/02/02 09:00:00","CLUNY","5.038682",NA,NA,NA
"D","DISPATCH","UNIT_SCADA",1,"2024/02/02 09:00:00","CONDONG1","-0.86",NA,NA,NA
"D","DISPATCH","UNIT_SCADA",1,"2024/02/02 09:00:00","CULLRGWF","11.27",NA,NA,NA
"D","DISPATCH","UNIT_SCADA",1,"2024/02/02 09:00:00","DIAPURWF1","0",NA,NA,NA
"D","DISPATCH","UNIT_SCADA",1,"2024/02/02 09:00:00","ERGT01","0",NA,NA,NA
"D","DISPATCH","UNIT_SCADA",1,"2024/02/02 09:00:00","GB01","0",NA,NA,NA
"D","DISPATCH","UNIT_SCADA",1,"2024/02/02 09:00:00","GERMCRK","10.0890",NA,NA,NA
"D","DISPATCH","UNIT_SCADA",1,"2024/02/02 09:00:00","GRIFSF1","27.012535",NA,NA,NA
"D","DISPATCH","UNIT_SCADA",1,"2024/02/02 09:00:00","HUGSF1","5.5850",NA,NA,NA
"D","DISPATCH","UNIT_SCADA",1,"2024/02/02 09:00:00","KEPBG1","0.01",NA,NA,NA
"D","DISPATCH","UNIT_SCADA",1,"2024/02/02 09:00:00","LRSF1","9.957001",NA,NA,NA
"D","DISPATCH","UNIT_SCADA",1,"2024/02/02 09:00:00","MBAHNTH","45.956253",NA,NA,NA
"D","DISPATCH","UNIT_SCADA",1,"2024/02/02 09:00:00","MLSP1","8.1960",NA,NA,NA
"D","DISPATCH","UNIT_SCADA",1,"2024/02/02 09:00:00","MLWF1","5.55",NA,NA,NA
"D","DISPATCH","UNIT_SCADA",1,"2024/02/02 09:00:00","PALOONA","0",NA,NA,NA
"D","DISPATCH","UNIT_SCADA",1,"2024/02/02 09:00:00","PIONEER","-0.60",NA,NA,NA
"D","DISPATCH","UNIT_SCADA",1,"2024/02/02 09:00:00","PORTWF","16.60",NA,NA,NA
"D","DISPATCH","UNIT_SCADA",1,"2024/02/02 09:00:00","REPULSE","7.898680",NA,NA,NA
"D","DISPATCH","UNIT_SCADA",1,"2024/02/02 09:00:00","ROWALLAN","0",NA,NA,NA
"D","DISPATCH","UNIT_SCADA",1,"2024/02/02 09:00:00","ROYALLA1","12.615001",NA,NA,NA
"D","DISPATCH","UNIT_SCADA",1,"2024/02/02 09:00:00","RPCG","14.10",NA,NA,NA
"D","DISPATCH","UNIT_SCADA",1,"2024/02/02 09:00:00","RUBICON","0.81",NA,NA,NA
"D","DISPATCH","UNIT_SCADA",1,"2024/02/02 09:00:00","SHOAL1","25.7250",NA,NA,NA
"D","DISPATCH","UNIT_SCADA",1,"2024/02/02 09:00:00","WAUBRAWF","156.619995",NA,NA,NA
"D","DISPATCH","UNIT_SCADA",1,"2024/02/02 09:00:00","WOOLNTH1","119.199997",NA,NA,NA
"D","DISPATCH","UNIT_SCADA",1,"2024/02/02 09:00:00","YAMBUKWF","7.10",NA,NA,NA
"D","DISPATCH","UNIT_SCADA",1,"2024/02/02 09:00:00","YSWF1","11.40",NA,NA,NA
"D","DISPATCH","UNIT_SCADA",1,"2024/02/02 09:20:00","BARCSF1","13.50",NA,NA,NA
"D","DISPATCH","UNIT_SCADA",1,"2024/02/02 09:20:00","BUTLERSG","8.999998",NA,NA,NA
"D","DISPATCH","UNIT_SCADA",1,"2024/02/02 09:20:00","BWTR1","14.690120",NA,NA,NA
"D","DISPATCH","UNIT_SCADA",1,"2024/02/02 09:20:00","CAPTL_WF","0",NA,NA,NA
"D","DISPATCH","UNIT_SCADA",1,"2024/02/02 09:20:00","CHALLHWF","13",NA,NA,NA
"D","DISPATCH","UNIT_SCADA",1,"2024/02/02 09:20:00","CLOVER","-0.11",NA,NA,NA
"D","DISPATCH","UNIT_SCADA",1,"2024/02/02 09:20:00","CLUNY","5.057908",NA,NA,NA
"D","DISPATCH","UNIT_SCADA",1,"2024/02/02 09:20:00","CONDONG1","-0.87",NA,NA,NA
"D","DISPATCH","UNIT_SCADA",1,"2024/02/02 09:20:00","CULLRGWF","8.90",NA,NA,NA
"D","DISPATCH","UNIT_SCADA",1,"2024/02/02 09:20:00","DIAPURWF1","0",NA,NA,NA
"D","DISPATCH","UNIT_SCADA",1,"2024/02/02 09:20:00","ERGT01","0",NA,NA,NA
"D","DISPATCH","UNIT_SCADA",1,"2024/02/02 09:20:00","GB01","0",NA,NA,NA
"D","DISPATCH","UNIT_SCADA",1,"2024/02/02 09:20:00","GERMCRK","11.8380",NA,NA,NA
"D","DISPATCH","UNIT_SCADA",1,"2024/02/02 09:20:00","GRIFSF1","27.025730",NA,NA,NA
"D","DISPATCH","UNIT_SCADA",1,"2024/02/02 09:20:00","HUGSF1","3.8350",NA,NA,NA
"D","DISPATCH","UNIT_SCADA",1,"2024/02/02 09:20:00","KEPBG1","0",NA,NA,NA
"D","DISPATCH","UNIT_SCADA",1,"2024/02/02 09:20:00","LRSF1","9.957001",NA,NA,NA
"D","DISPATCH","UNIT_SCADA",1,"2024/02/02 09:20:00","MBAHNTH","46.031250",NA,NA,NA
"D","DISPATCH","UNIT_SCADA",1,"2024/02/02 09:20:00","MLSP1","8.940001",NA,NA,NA
"D","DISPATCH","UNIT_SCADA",1,"2024/02/02 09:20:00","MLWF1","4.05",NA,NA,NA
"D","DISPATCH","UNIT_SCADA",1,"2024/02/02 09:20:00","PALOONA","0",NA,NA,NA
"D","DISPATCH","UNIT_SCADA",1,"2024/02/02 09:20:00","PIONEER","-0.60",NA,NA,NA
"D","DISPATCH","UNIT_SCADA",1,"2024/02/02 09:20:00","PORTWF","17.10",NA,NA,NA
"D","DISPATCH","UNIT_SCADA",1,"2024/02/02 09:20:00","REPULSE","8.114748",NA,NA,NA
"D","DISPATCH","UNIT_SCADA",1,"2024/02/02 09:20:00","ROWALLAN","0",NA,NA,NA
"D","DISPATCH","UNIT_SCADA",1,"2024/02/02 09:20:00","ROYALLA1","13.591001",NA,NA,NA
"D","DISPATCH","UNIT_SCADA",1,"2024/02/02 09:20:00","RPCG","17.90",NA,NA,NA
"D","DISPATCH","UNIT_SCADA",1,"2024/02/02 09:20:00","RUBICON","0.81",NA,NA,NA
"D","DISPATCH","UNIT_SCADA",1,"2024/02/02 09:20:00","SHOAL1","25.8750",NA,NA,NA
"D","DISPATCH","UNIT_SCADA",1,"2024/02/02 09:20:00","WAUBRAWF","154.983002",NA,NA,NA
"D","DISPATCH","UNIT_SCADA",1,"2024/02/02 09:20:00","WOOLNTH1","117.929993",NA,NA,NA
"D","DISPATCH","UNIT_SCADA",1,"2024/02/02 09:20:00","YAMBUKWF","5.10",NA,NA,NA
"D","DISPATCH","UNIT_SCADA",1,"2024/02/02 09:20:00","YSWF1","13.30",NA,NA,NA
"D","DISPATCH","UNIT_SCADA",1,"2024/02/02 09:25:00","BARCSF1","13.50",NA,NA,NA
"D","DISPATCH","UNIT_SCADA",1,"2024/02/02 09:25:00","BUTLERSG","9.099998",NA,NA,NA
"D","DISPATCH","UNIT_SCADA",1,"2024/02/02 09:25:00","BWTR1","14.690120",NA,NA,NA
"D","DISPATCH","UNIT_SCADA",1,"2024/02/02 09:25:00","CAPTL_WF","0",NA,NA,NA
"D","DISPATCH","UNIT_SCADA",1,"2024/02/02 09:25:00","CHALLHWF","15.40",NA,NA,NA
"D","DISPATCH","UNIT_SCADA",1,"2024/02/02 09:25:00","CLOVER","-0.10",NA,NA,NA
"D","DISPATCH","UNIT_SCADA",1,"2024/02/02 09:25:00","CLUNY","4.967269",NA,NA,NA
"D","DISPATCH","UNIT_SCADA",1,"2024/02/02 09:25:00","CONDONG1","-0.87",NA,NA,NA
"D","DISPATCH","UNIT_SCADA",1,"2024/02/02 09:25:00","CULLRGWF","9.50",NA,NA,NA
"D","DISPATCH","UNIT_SCADA",1,"2024/02/02 09:25:00","DIAPURWF1","0",NA,NA,NA
"D","DISPATCH","UNIT_SCADA",1,"2024/02/02 09:25:00","ERGT01","0",NA,NA,NA
"D","DISPATCH","UNIT_SCADA",1,"2024/02/02 09:25:00","GB01","0",NA,NA,NA
"D","DISPATCH","UNIT_SCADA",1,"2024/02/02 09:25:00","GERMCRK","11.8830",NA,NA,NA
"D","DISPATCH","UNIT_SCADA",1,"2024/02/02 09:25:00","GRIFSF1","27.020075",NA,NA,NA
"D","DISPATCH","UNIT_SCADA",1,"2024/02/02 09:25:00","HUGSF1","3.48",NA,NA,NA
"D","DISPATCH","UNIT_SCADA",1,"2024/02/02 09:25:00","KEPBG1","0",NA,NA,NA
"D","DISPATCH","UNIT_SCADA",1,"2024/02/02 09:25:00","LRSF1","9.957001",NA,NA,NA
"D","DISPATCH","UNIT_SCADA",1,"2024/02/02 09:25:00","MBAHNTH","45.787506",NA,NA,NA
"D","DISPATCH","UNIT_SCADA",1,"2024/02/02 09:25:00","MLSP1","9.09",NA,NA,NA
"D","DISPATCH","UNIT_SCADA",1,"2024/02/02 09:25:00","MLWF1","3.54",NA,NA,NA
"D","DISPATCH","UNIT_SCADA",1,"2024/02/02 09:25:00","PALOONA","0",NA,NA,NA
"D","DISPATCH","UNIT_SCADA",1,"2024/02/02 09:25:00","PIONEER","-0.60",NA,NA,NA
"D","DISPATCH","UNIT_SCADA",1,"2024/02/02 09:25:00","PORTWF","15.60",NA,NA,NA
"D","DISPATCH","UNIT_SCADA",1,"2024/02/02 09:25:00","REPULSE","7.854734",NA,NA,NA
"D","DISPATCH","UNIT_SCADA",1,"2024/02/02 09:25:00","ROWALLAN","0",NA,NA,NA
"D","DISPATCH","UNIT_SCADA",1,"2024/02/02 09:25:00","ROYALLA1","13.7790",NA,NA,NA
"D","DISPATCH","UNIT_SCADA",1,"2024/02/02 09:25:00","RPCG","17.90",NA,NA,NA
"D","DISPATCH","UNIT_SCADA",1,"2024/02/02 09:25:00","RUBICON","0.81",NA,NA,NA
"D","DISPATCH","UNIT_SCADA",1,"2024/02/02 09:25:00","SHOAL1","25.700001",NA,NA,NA
"D","DISPATCH","UNIT_SCADA",1,"2024/02/02 09:25:00","WAUBRAWF","158.507004",NA,NA,NA
"D","DISPATCH","UNIT_SCADA",1,"2024/02/02 09:25:00","WOOLNTH1","121.360001",NA,NA,NA
"D","DISPATCH","UNIT_SCADA",1,"2024/02/02 09:25:00","YAMBUKWF","5",NA,NA,NA
"D","DISPATCH","UNIT_SCADA",1,"2024/02/02 09:25:00","YSWF1","12.20",NA,NA,NA
"D","DISPATCH","UNIT_SCADA",1,"2024/02/02 09:45:00","ROWALLAN","0",NA,NA,NA
"D","DISPATCH","UNIT_SCADA",1,"2024/02/02 09:45:00","ROYALLA1","14.400001",NA,NA,NA
"D","DISPATCH","UNIT_SCADA",1,"2024/02/02 09:45:00","RPCG","16.40",NA,NA,NA
"D","DISPATCH","UNIT_SCADA",1,"2024/02/02 09:45:00","RUBICON","0.81",NA,NA,NA
"D","DISPATCH","UNIT_SCADA",1,"2024/02/02 09:45:00","SHOAL1","25.6250",NA,NA,NA
"D","DISPATCH","UNIT_SCADA",1,"2024/02/02 09:45:00","WAUBRAWF","145.274994",NA,NA,NA
"D","DISPATCH","UNIT_SCADA",1,"2024/02/02 09:45:00","WOOLNTH1","116.689995",NA,NA,NA
"D","DISPATCH","UNIT_SCADA",1,"2024/02/02 09:45:00","YAMBUKWF","5.20",NA,NA,NA
"D","DISPATCH","UNIT_SCADA",1,"2024/02/02 09:45:00","YSWF1","9.10",NA,NA,NA
"D","DISPATCH","UNIT_SCADA",1,"2024/02/02 09:50:00","BARCSF1","13.50",NA,NA,NA
"D","DISPATCH","UNIT_SCADA",1,"2024/02/02 09:50:00","BUTLERSG","8.999998",NA,NA,NA
"D","DISPATCH","UNIT_SCADA",1,"2024/02/02 09:50:00","BWTR1","14.690120",NA,NA,NA
"D","DISPATCH","UNIT_SCADA",1,"2024/02/02 09:50:00","CAPTL_WF","0",NA,NA,NA
"D","DISPATCH","UNIT_SCADA",1,"2024/02/02 09:50:00","CHALLHWF","10.60",NA,NA,NA
"D","DISPATCH","UNIT_SCADA",1,"2024/02/02 09:50:00","CLOVER","-0.10",NA,NA,NA
"D","DISPATCH","UNIT_SCADA",1,"2024/02/02 09:50:00","CLUNY","5.005722",NA,NA,NA
"D","DISPATCH","UNIT_SCADA",1,"2024/02/02 09:50:00","CONDONG1","-0.90",NA,NA,NA
"D","DISPATCH","UNIT_SCADA",1,"2024/02/02 09:50:00","CULLRGWF","9.92",NA,NA,NA
"D","DISPATCH","UNIT_SCADA",1,"2024/02/02 09:50:00","DIAPURWF1","0",NA,NA,NA
"D","DISPATCH","UNIT_SCADA",1,"2024/02/02 09:50:00","ERGT01","0",NA,NA,NA
"D","DISPATCH","UNIT_SCADA",1,"2024/02/02 09:50:00","GB01","0",NA,NA,NA
"D","DISPATCH","UNIT_SCADA",1,"2024/02/02 09:50:00","GERMCRK","11.8710",NA,NA,NA
"D","DISPATCH","UNIT_SCADA",1,"2024/02/02 09:50:00","GRIFSF1","27.012535",NA,NA,NA
"D","DISPATCH","UNIT_SCADA",1,"2024/02/02 09:50:00","HUGSF1","8.973001",NA,NA,NA
"D","DISPATCH","UNIT_SCADA",1,"2024/02/02 09:50:00","KEPBG1","0",NA,NA,NA
"D","DISPATCH","UNIT_SCADA",1,"2024/02/02 09:50:00","LRSF1","9.957001",NA,NA,NA
"D","DISPATCH","UNIT_SCADA",1,"2024/02/02 09:50:00","MBAHNTH","45.5625",NA,NA,NA
"D","DISPATCH","UNIT_SCADA",1,"2024/02/02 09:50:00","MLSP1","9.794001",NA,NA,NA
"D","DISPATCH","UNIT_SCADA",1,"2024/02/02 09:50:00","MLWF1","5.04",NA,NA,NA
"D","DISPATCH","UNIT_SCADA",1,"2024/02/02 09:50:00","PALOONA","0",NA,NA,NA
"D","DISPATCH","UNIT_SCADA",1,"2024/02/02 09:50:00","PIONEER","-0.60",NA,NA,NA
"D","DISPATCH","UNIT_SCADA",1,"2024/02/02 09:50:00","PORTWF","14.60",NA,NA,NA
"D","DISPATCH","UNIT_SCADA",1,"2024/02/02 09:50:00","REPULSE","7.892577",NA,NA,NA
"D","DISPATCH","UNIT_SCADA",1,"2024/02/02 09:50:00","ROWALLAN","0",NA,NA,NA
"D","DISPATCH","UNIT_SCADA",1,"2024/02/02 09:50:00","ROYALLA1","14.539001",NA,NA,NA
"D","DISPATCH","UNIT_SCADA",1,"2024/02/02 09:50:00","RPCG","16.40",NA,NA,NA
"D","DISPATCH","UNIT_SCADA",1,"2024/02/02 09:50:00","RUBICON","0.81",NA,NA,NA
"D","DISPATCH","UNIT_SCADA",1,"2024/02/02 09:50:00","SHOAL1","25.575001",NA,NA,NA
"D","DISPATCH","UNIT_SCADA",1,"2024/02/02 09:50:00","WAUBRAWF","145.130997",NA,NA,NA
"D","DISPATCH","UNIT_SCADA",1,"2024/02/02 09:50:00","WOOLNTH1","117.589996",NA,NA,NA
"D","DISPATCH","UNIT_SCADA",1,"2024/02/02 09:50:00","YAMBUKWF","4.30",NA,NA,NA
"D","DISPATCH","UNIT_SCADA",1,"2024/02/02 09:50:00","YSWF1","10.20",NA,NA,NA
"D","DISPATCH","UNIT_SCADA",1,"2024/02/02 09:55:00","BARCSF1","13.50",NA,NA,NA
"D","DISPATCH","UNIT_SCADA",1,"2024/02/02 09:55:00","BUTLERSG","8.999998",NA,NA,NA
"D","DISPATCH","UNIT_SCADA",1,"2024/02/02 09:55:00","BWTR1","14.690120",NA,NA,NA
"D","DISPATCH","UNIT_SCADA",1,"2024/02/02 09:55:00","CAPTL_WF","0",NA,NA,NA
"D","DISPATCH","UNIT_SCADA",1,"2024/02/02 09:55:00","CHALLHWF","10.90",NA,NA,NA
"D","DISPATCH","UNIT_SCADA",1,"2024/02/02 09:55:00","CLOVER","-0.10",NA,NA,NA
"D","DISPATCH","UNIT_SCADA",1,"2024/02/02 09:55:00","CLUNY","4.958114",NA,NA,NA
"D","DISPATCH","UNIT_SCADA",1,"2024/02/02 09:55:00","CONDONG1","-0.90",NA,NA,NA
"D","DISPATCH","UNIT_SCADA",1,"2024/02/02 09:55:00","CULLRGWF","8.78",NA,NA,NA
"D","DISPATCH","UNIT_SCADA",1,"2024/02/02 09:55:00","DIAPURWF1","0",NA,NA,NA
"D","DISPATCH","UNIT_SCADA",1,"2024/02/02 09:55:00","ERGT01","0",NA,NA,NA
"D","DISPATCH","UNIT_SCADA",1,"2024/02/02 09:55:00","GB01","0",NA,NA,NA
"D","DISPATCH","UNIT_SCADA",1,"2024/02/02 09:55:00","GERMCRK","11.6560",NA,NA,NA
"D","DISPATCH","UNIT_SCADA",1,"2024/02/02 09:55:00","GRIFSF1","27.020075",NA,NA,NA
"D","DISPATCH","UNIT_SCADA",1,"2024/02/02 09:55:00","HUGSF1","9.495001",NA,NA,NA
"D","DISPATCH","UNIT_SCADA",1,"2024/02/02 09:55:00","KEPBG1","0",NA,NA,NA
"D","DISPATCH","UNIT_SCADA",1,"2024/02/02 09:55:00","LRSF1","9.957001",NA,NA,NA
"D","DISPATCH","UNIT_SCADA",1,"2024/02/02 09:55:00","MBAHNTH","45.262497",NA,NA,NA
"D","DISPATCH","UNIT_SCADA",1,"2024/02/02 09:55:00","MLSP1","9.9440",NA,NA,NA
"D","DISPATCH","UNIT_SCADA",1,"2024/02/02 09:55:00","MLWF1","4.4550",NA,NA,NA
"D","DISPATCH","UNIT_SCADA",1,"2024/02/02 09:55:00","PALOONA","0",NA,NA,NA
"D","DISPATCH","UNIT_SCADA",1,"2024/02/02 09:55:00","PIONEER","-0.60",NA,NA,NA
"D","DISPATCH","UNIT_SCADA",1,"2024/02/02 09:55:00","PORTWF","13.90",NA,NA,NA
"D","DISPATCH","UNIT_SCADA",1,"2024/02/02 09:55:00","REPULSE","7.910887",NA,NA,NA
"D","DISPATCH","UNIT_SCADA",1,"2024/02/02 09:55:00","ROWALLAN","0",NA,NA,NA
"D","DISPATCH","UNIT_SCADA",1,"2024/02/02 09:55:00","ROYALLA1","14.648001",NA,NA,NA
"D","DISPATCH","UNIT_SCADA",1,"2024/02/02 09:55:00","RPCG","17.799999",NA,NA,NA
"D","DISPATCH","UNIT_SCADA",1,"2024/02/02 09:55:00","RUBICON","0.81",NA,NA,NA
"D","DISPATCH","UNIT_SCADA",1,"2024/02/02 09:55:00","SHOAL1","25.65",NA,NA,NA
"D","DISPATCH","UNIT_SCADA",1,"2024/02/01 12:25:00","HUGSF1","6.2980",NA,NA,NA
"D","DISPATCH","UNIT_SCADA",1,"2024/02/01 12:25:00","KEPBG1","0",NA,NA,NA
"D","DISPATCH","UNIT_SCADA",1,"2024/02/01 12:25:00","LRSF1","10.0050",NA,NA,NA
"D","DISPATCH","UNIT_SCADA",1,"2024/02/01 12:25:00","MBAHNTH","51.056244",NA,NA,NA
"D","DISPATCH","UNIT_SCADA",1,"2024/02/01 12:25:00","MLSP1","11.615001",NA,NA,NA
"D","DISPATCH","UNIT_SCADA",1,"2024/02/01 12:25:00","MLWF1","12.674999",NA,NA,NA
"D","DISPATCH","UNIT_SCADA",1,"2024/02/01 12:25:00","PALOONA","0",NA,NA,NA
"D","DISPATCH","UNIT_SCADA",1,"2024/02/01 12:25:00","PIONEER","-0.80",NA,NA,NA
"D","DISPATCH","UNIT_SCADA",1,"2024/02/01 12:25:00","PORTWF","95.099998",NA,NA,NA
"D","DISPATCH","UNIT_SCADA",1,"2024/02/01 12:25:00","REPULSE","3.194018",NA,NA,NA
"D","DISPATCH","UNIT_SCADA",1,"2024/02/01 12:25:00","ROWALLAN","0",NA,NA,NA
"D","DISPATCH","UNIT_SCADA",1,"2024/02/01 12:25:00","ROYALLA1","16.447001",NA,NA,NA
"D","DISPATCH","UNIT_SCADA",1,"2024/02/01 12:25:00","RPCG","-1.60",NA,NA,NA
"D","DISPATCH","UNIT_SCADA",1,"2024/02/01 12:25:00","RUBICON","0.81",NA,NA,NA
"D","DISPATCH","UNIT_SCADA",1,"2024/02/01 12:25:00","SHOAL1","0",NA,NA,NA
"D","DISPATCH","UNIT_SCADA",1,"2024/02/01 12:25:00","WAUBRAWF","0",NA,NA,NA
"D","DISPATCH","UNIT_SCADA",1,"2024/02/01 12:25:00","WOOLNTH1","122.399994",NA,NA,NA
"D","DISPATCH","UNIT_SCADA",1,"2024/02/01 12:25:00","YAMBUKWF","20.799999",NA,NA,NA
"D","DISPATCH","UNIT_SCADA",1,"2024/02/01 12:25:00","YSWF1","11.50",NA,NA,NA
"D","DISPATCH","UNIT_SCADA",1,"2024/02/01 12:50:00","BARCSF1","13.50",NA,NA,NA
"D","DISPATCH","UNIT_SCADA",1,"2024/02/01 12:50:00","BUTLERSG","9.099998",NA,NA,NA
"D","DISPATCH","UNIT_SCADA",1,"2024/02/01 12:50:00","BWTR1","14.518640",NA,NA,NA
"D","DISPATCH","UNIT_SCADA",1,"2024/02/01 12:50:00","CAPTL_WF","68.286201",NA,NA,NA
"D","DISPATCH","UNIT_SCADA",1,"2024/02/01 12:50:00","CHALLHWF","9.90",NA,NA,NA
"D","DISPATCH","UNIT_SCADA",1,"2024/02/01 12:50:00","CLOVER","-0.01",NA,NA,NA
"D","DISPATCH","UNIT_SCADA",1,"2024/02/01 12:50:00","CLUNY","2.261845",NA,NA,NA
"D","DISPATCH","UNIT_SCADA",1,"2024/02/01 12:50:00","CONDONG1","-0.83",NA,NA,NA
"D","DISPATCH","UNIT_SCADA",1,"2024/02/01 12:50:00","CULLRGWF","14.41",NA,NA,NA
"D","DISPATCH","UNIT_SCADA",1,"2024/02/01 12:50:00","DIAPURWF1","0",NA,NA,NA
"D","DISPATCH","UNIT_SCADA",1,"2024/02/01 12:50:00","ERGT01","0",NA,NA,NA
"D","DISPATCH","UNIT_SCADA",1,"2024/02/01 12:50:00","GB01","0",NA,NA,NA
"D","DISPATCH","UNIT_SCADA",1,"2024/02/01 12:50:00","GERMCRK","15.9750",NA,NA,NA
"D","DISPATCH","UNIT_SCADA",1,"2024/02/01 12:50:00","GRIFSF1","27.020075",NA,NA,NA
"D","DISPATCH","UNIT_SCADA",1,"2024/02/01 12:50:00","HUGSF1","8.6190",NA,NA,NA
"D","DISPATCH","UNIT_SCADA",1,"2024/02/01 12:50:00","KEPBG1","0",NA,NA,NA
"D","DISPATCH","UNIT_SCADA",1,"2024/02/01 12:50:00","LRSF1","5.77",NA,NA,NA
"D","DISPATCH","UNIT_SCADA",1,"2024/02/01 12:50:00","MBAHNTH","52.106247",NA,NA,NA
"D","DISPATCH","UNIT_SCADA",1,"2024/02/01 12:50:00","MLSP1","11.464001",NA,NA,NA
"D","DISPATCH","UNIT_SCADA",1,"2024/02/01 12:50:00","MLWF1","10.3050",NA,NA,NA
"D","DISPATCH","UNIT_SCADA",1,"2024/02/01 12:50:00","PALOONA","4.86",NA,NA,NA
"D","DISPATCH","UNIT_SCADA",1,"2024/02/01 12:50:00","PIONEER","-0.80",NA,NA,NA
"D","DISPATCH","UNIT_SCADA",1,"2024/02/01 12:50:00","PORTWF","89.50",NA,NA,NA
"D","DISPATCH","UNIT_SCADA",1,"2024/02/01 12:50:00","REPULSE","3.244068",NA,NA,NA
"D","DISPATCH","UNIT_SCADA",1,"2024/02/01 12:50:00","ROWALLAN","0",NA,NA,NA
"D","DISPATCH","UNIT_SCADA",1,"2024/02/01 12:50:00","ROYALLA1","16.136002",NA,NA,NA
"D","DISPATCH","UNIT_SCADA",1,"2024/02/01 12:50:00","RPCG","-1.60",NA,NA,NA
"D","DISPATCH","UNIT_SCADA",1,"2024/02/01 12:50:00","RUBICON","0.81",NA,NA,NA
"D","DISPATCH","UNIT_SCADA",1,"2024/02/01 12:50:00","SHOAL1","0",NA,NA,NA
"D","DISPATCH","UNIT_SCADA",1,"2024/02/01 12:50:00","WAUBRAWF","0",NA,NA,NA
"D","DISPATCH","UNIT_SCADA",1,"2024/02/01 12:50:00","WOOLNTH1","122.039993",NA,NA,NA
"D","DISPATCH","UNIT_SCADA",1,"2024/02/01 12:50:00","YAMBUKWF","22.299999",NA,NA,NA
"D","DISPATCH","UNIT_SCADA",1,"2024/02/01 12:50:00","YSWF1","11.10",NA,NA,NA
"D","DISPATCH","UNIT_SCADA",1,"2024/02/01 13:20:00","BARCSF1","13.400001",NA,NA,NA
"D","DISPATCH","UNIT_SCADA",1,"2024/02/01 13:20:00","BUTLERSG","9.099998",NA,NA,NA
"D","DISPATCH","UNIT_SCADA",1,"2024/02/01 13:20:00","BWTR1","14.918760",NA,NA,NA
"D","DISPATCH","UNIT_SCADA",1,"2024/02/01 13:20:00","CAPTL_WF","49.153091",NA,NA,NA
"D","DISPATCH","UNIT_SCADA",1,"2024/02/01 13:20:00","CHALLHWF","11.40",NA,NA,NA
"D","DISPATCH","UNIT_SCADA",1,"2024/02/01 13:20:00","CLOVER","-0.01",NA,NA,NA
"D","DISPATCH","UNIT_SCADA",1,"2024/02/01 13:20:00","CLUNY","2.300297",NA,NA,NA
"D","DISPATCH","UNIT_SCADA",1,"2024/02/01 13:20:00","CONDONG1","-0.90",NA,NA,NA
"D","DISPATCH","UNIT_SCADA",1,"2024/02/01 13:20:00","CULLRGWF","17.42",NA,NA,NA
"D","DISPATCH","UNIT_SCADA",1,"2024/02/01 13:20:00","DIAPURWF1","0",NA,NA,NA
"D","DISPATCH","UNIT_SCADA",1,"2024/02/01 13:20:00","ERGT01","0",NA,NA,NA
"D","DISPATCH","UNIT_SCADA",1,"2024/02/01 13:20:00","GB01","0",NA,NA,NA
"D","DISPATCH","UNIT_SCADA",1,"2024/02/01 13:20:00","GERMCRK","15.9530",NA,NA,NA
"D","DISPATCH","UNIT_SCADA",1,"2024/02/01 13:20:00","GRIFSF1","27.020075",NA,NA,NA
"D","DISPATCH","UNIT_SCADA",1,"2024/02/01 13:20:00","HUGSF1","6.085001",NA,NA,NA
"D","DISPATCH","UNIT_SCADA",1,"2024/02/01 13:20:00","KEPBG1","0",NA,NA,NA
"D","DISPATCH","UNIT_SCADA",1,"2024/02/01 13:20:00","LRSF1","9.9930",NA,NA,NA
"D","DISPATCH","UNIT_SCADA",1,"2024/02/01 13:20:00","MBAHNTH","52.031250",NA,NA,NA
"D","DISPATCH","UNIT_SCADA",1,"2024/02/01 13:20:00","MLSP1","11.2340",NA,NA,NA
"D","DISPATCH","UNIT_SCADA",1,"2024/02/01 13:20:00","MLWF1","8.49",NA,NA,NA
"D","DISPATCH","UNIT_SCADA",1,"2024/02/01 13:20:00","PALOONA","6.95",NA,NA,NA
"D","DISPATCH","UNIT_SCADA",1,"2024/02/01 13:20:00","PIONEER","-0.80",NA,NA,NA
"D","DISPATCH","UNIT_SCADA",1,"2024/02/01 13:20:00","PORTWF","97",NA,NA,NA
"D","DISPATCH","UNIT_SCADA",1,"2024/02/01 13:20:00","REPULSE","3.154955",NA,NA,NA
"D","DISPATCH","UNIT_SCADA",1,"2024/02/01 13:20:00","ROWALLAN","0",NA,NA,NA
"D","DISPATCH","UNIT_SCADA",1,"2024/02/01 13:20:00","ROYALLA1","15.929001",NA,NA,NA
"D","DISPATCH","UNIT_SCADA",1,"2024/02/01 13:20:00","RPCG","-1.60",NA,NA,NA
"D","DISPATCH","UNIT_SCADA",1,"2024/02/01 13:20:00","RUBICON","0.81",NA,NA,NA
"D","DISPATCH","UNIT_SCADA",1,"2024/02/01 13:20:00","SHOAL1","0",NA,NA,NA
"D","DISPATCH","UNIT_SCADA",1,"2024/02/01 13:20:00","WAUBRAWF","0",NA,NA,NA
"D","DISPATCH","UNIT_SCADA",1,"2024/02/01 13:20:00","WOOLNTH1","119.229996",NA,NA,NA
"D","DISPATCH","UNIT_SCADA",1,"2024/02/01 13:20:00","YAMBUKWF","26",NA,NA,NA
"D","DISPATCH","UNIT_SCADA",1,"2024/02/01 13:20:00","YSWF1","20.799999",NA,NA,NA
"D","DISPATCH","UNIT_SCADA",1,"2024/02/01 14:10:00","BARCSF1","13.400001",NA,NA,NA
"D","DISPATCH","UNIT_SCADA",1,"2024/02/01 14:10:00","BUTLERSG","9.099998",NA,NA,NA
"D","DISPATCH","UNIT_SCADA",1,"2024/02/01 14:10:00","BWTR1","14.975920",NA,NA,NA
"D","DISPATCH","UNIT_SCADA",1,"2024/02/01 14:10:00","CAPTL_WF","46.071014",NA,NA,NA
"D","DISPATCH","UNIT_SCADA",1,"2024/02/01 14:10:00","CHALLHWF","17.200001",NA,NA,NA
"D","DISPATCH","UNIT_SCADA",1,"2024/02/01 14:10:00","CLOVER","-0.01",NA,NA,NA
"D","DISPATCH","UNIT_SCADA",1,"2024/02/01 14:10:00","CLUNY","2.166629",NA,NA,NA
"D","DISPATCH","UNIT_SCADA",1,"2024/02/01 14:10:00","CONDONG1","-0.93",NA,NA,NA
"D","DISPATCH","UNIT_SCADA",1,"2024/02/01 14:10:00","CULLRGWF","13.85",NA,NA,NA
"D","DISPATCH","UNIT_SCADA",1,"2024/02/01 14:10:00","DIAPURWF1","0",NA,NA,NA
"D","DISPATCH","UNIT_SCADA",1,"2024/02/01 14:10:00","ERGT01","0",NA,NA,NA
"D","DISPATCH","UNIT_SCADA",1,"2024/02/01 14:10:00","GB01","0",NA,NA,NA
"D","DISPATCH","UNIT_SCADA",1,"2024/02/01 14:10:00","GERMCRK","15.73",NA,NA,NA
"D","DISPATCH","UNIT_SCADA",1,"2024/02/01 14:10:00","GRIFSF1","27.020075",NA,NA,NA
"D","DISPATCH","UNIT_SCADA",1,"2024/02/01 14:10:00","HUGSF1","3.8370",NA,NA,NA
"D","DISPATCH","UNIT_SCADA",1,"2024/02/01 14:10:00","KEPBG1","0",NA,NA,NA
"D","DISPATCH","UNIT_SCADA",1,"2024/02/01 14:10:00","LRSF1","10.0410",NA,NA,NA
"D","DISPATCH","UNIT_SCADA",1,"2024/02/01 14:10:00","MBAHNTH","51.543747",NA,NA,NA
"D","DISPATCH","UNIT_SCADA",1,"2024/02/01 14:10:00","MLSP1","10.3280",NA,NA,NA
"D","DISPATCH","UNIT_SCADA",1,"2024/02/01 14:10:00","MLWF1","11.10",NA,NA,NA
"D","DISPATCH","UNIT_SCADA",1,"2024/02/01 14:10:00","PALOONA","6.85",NA,NA,NA
"D","DISPATCH","UNIT_SCADA",1,"2024/02/01 14:10:00","PIONEER","-0.70",NA,NA,NA
"D","DISPATCH","UNIT_SCADA",1,"2024/02/01 14:10:00","PORTWF","117.400002",NA,NA,NA
"D","DISPATCH","UNIT_SCADA",1,"2024/02/01 14:10:00","REPULSE","3.073167",NA,NA,NA
"D","DISPATCH","UNIT_SCADA",1,"2024/02/01 14:10:00","ROWALLAN","0",NA,NA,NA
"D","DISPATCH","UNIT_SCADA",1,"2024/02/01 14:10:00","ROYALLA1","14.7530",NA,NA,NA
"D","DISPATCH","UNIT_SCADA",1,"2024/02/01 14:10:00","RPCG","-1.60",NA,NA,NA
"D","DISPATCH","UNIT_SCADA",1,"2024/02/01 14:10:00","RUBICON","0.81",NA,NA,NA
"D","DISPATCH","UNIT_SCADA",1,"2024/02/01 14:10:00","SHOAL1","0",NA,NA,NA
"D","DISPATCH","UNIT_SCADA",1,"2024/02/01 14:10:00","WAUBRAWF","0",NA,NA,NA
"D","DISPATCH","UNIT_SCADA",1,"2024/02/01 14:10:00","WOOLNTH1","130.459991",NA,NA,NA
"D","DISPATCH","UNIT_SCADA",1,"2024/02/01 14:10:00","YAMBUKWF","23.700001",NA,NA,NA
"D","DISPATCH","UNIT_SCADA",1,"2024/02/01 14:10:00","YSWF1","19.10",NA,NA,NA
"D","DISPATCH","UNIT_SCADA",1,"2024/02/01 14:30:00","BARCSF1","13.400001",NA,NA,NA
"D","DISPATCH","UNIT_SCADA",1,"2024/02/01 14:30:00","BUTLERSG","8.999998",NA,NA,NA
"D","DISPATCH","UNIT_SCADA",1,"2024/02/01 14:30:00","BWTR1","14.232840",NA,NA,NA
"D","DISPATCH","UNIT_SCADA",1,"2024/02/01 14:30:00","CAPTL_WF","54.129730",NA,NA,NA
"D","DISPATCH","UNIT_SCADA",1,"2024/02/01 14:30:00","CHALLHWF","19.599998",NA,NA,NA
"D","DISPATCH","UNIT_SCADA",1,"2024/02/01 14:30:00","CLOVER","-0.02",NA,NA,NA
"D","DISPATCH","UNIT_SCADA",1,"2024/02/01 14:30:00","CLUNY","2.466926",NA,NA,NA
"D","DISPATCH","UNIT_SCADA",1,"2024/02/01 14:30:00","CONDONG1","-0.93",NA,NA,NA
"D","DISPATCH","UNIT_SCADA",1,"2024/02/01 14:30:00","CULLRGWF","13.82",NA,NA,NA
"D","DISPATCH","UNIT_SCADA",1,"2024/02/01 14:30:00","DIAPURWF1","0",NA,NA,NA
"D","DISPATCH","UNIT_SCADA",1,"2024/02/01 14:30:00","ERGT01","0",NA,NA,NA
"D","DISPATCH","UNIT_SCADA",1,"2024/02/01 14:30:00","GB01","0",NA,NA,NA
"D","DISPATCH","UNIT_SCADA",1,"2024/02/01 14:30:00","GERMCRK","15.5580",NA,NA,NA
"D","DISPATCH","UNIT_SCADA",1,"2024/02/01 14:30:00","GRIFSF1","27.020075",NA,NA,NA
"D","DISPATCH","UNIT_SCADA",1,"2024/02/01 14:30:00","HUGSF1","4.08",NA,NA,NA
"D","DISPATCH","UNIT_SCADA",1,"2024/02/01 14:30:00","KEPBG1","0",NA,NA,NA
"D","DISPATCH","UNIT_SCADA",1,"2024/02/01 14:30:00","LRSF1","9.9860",NA,NA,NA
"D","DISPATCH","UNIT_SCADA",1,"2024/02/01 14:30:00","MBAHNTH","51.843750",NA,NA,NA
"D","DISPATCH","UNIT_SCADA",1,"2024/02/01 14:30:00","MLSP1","9.9770",NA,NA,NA
"D","DISPATCH","UNIT_SCADA",1,"2024/02/01 14:30:00","MLWF1","14.8650",NA,NA,NA
"D","DISPATCH","UNIT_SCADA",1,"2024/02/01 14:30:00","PALOONA","6.96",NA,NA,NA
"D","DISPATCH","UNIT_SCADA",1,"2024/02/01 14:30:00","PIONEER","-0.90",NA,NA,NA
"D","DISPATCH","UNIT_SCADA",1,"2024/02/01 14:30:00","PORTWF","101.50",NA,NA,NA
"D","DISPATCH","UNIT_SCADA",1,"2024/02/01 14:30:00","REPULSE","3.491874",NA,NA,NA
"D","DISPATCH","UNIT_SCADA",1,"2024/02/01 14:30:00","ROWALLAN","0",NA,NA,NA
"D","DISPATCH","UNIT_SCADA",1,"2024/02/01 14:30:00","ROYALLA1","14.314001",NA,NA,NA
"D","DISPATCH","UNIT_SCADA",1,"2024/02/01 14:30:00","RPCG","-1.60",NA,NA,NA
"D","DISPATCH","UNIT_SCADA",1,"2024/02/01 14:30:00","RUBICON","0.81",NA,NA,NA
"D","DISPATCH","UNIT_SCADA",1,"2024/02/01 14:30:00","SHOAL1","0",NA,NA,NA
"D","DISPATCH","UNIT_SCADA",1,"2024/02/01 14:30:00","WAUBRAWF","0",NA,NA,NA
"D","DISPATCH","UNIT_SCADA",1,"2024/02/01 14:30:00","WOOLNTH1","126.539993",NA,NA,NA
"D","DISPATCH","UNIT_SCADA",1,"2024/02/01 14:30:00","YAMBUKWF","21.200001",NA,NA,NA
"D","DISPATCH","UNIT_SCADA",1,"2024/02/01 14:30:00","YSWF1","24.299999",NA,NA,NA
"D","DISPATCH","UNIT_SCADA",1,"2024/02/01 16:45:00","BARCSF1","13.400001",NA,NA,NA
"D","DISPATCH","UNIT_SCADA",1,"2024/02/01 16:45:00","BUTLERSG","9.099998",NA,NA,NA
"D","DISPATCH","UNIT_SCADA",1,"2024/02/01 16:45:00","BWTR1","14.118520",NA,NA,NA
"D","DISPATCH","UNIT_SCADA",1,"2024/02/01 16:45:00","CAPTL_WF","48.496834",NA,NA,NA
"D","DISPATCH","UNIT_SCADA",1,"2024/02/01 16:45:00","CHALLHWF","18.200001",NA,NA,NA
"D","DISPATCH","UNIT_SCADA",1,"2024/02/01 16:45:00","CLOVER","-0.02",NA,NA,NA
"D","DISPATCH","UNIT_SCADA",1,"2024/02/01 16:45:00","CLUNY","2.276494",NA,NA,NA
"D","DISPATCH","UNIT_SCADA",1,"2024/02/01 16:45:00","CONDONG1","-0.73",NA,NA,NA
"D","DISPATCH","UNIT_SCADA",1,"2024/02/01 16:45:00","CULLRGWF","0",NA,NA,NA
"D","DISPATCH","UNIT_SCADA",1,"2024/02/01 16:45:00","DIAPURWF1","0",NA,NA,NA
"D","DISPATCH","UNIT_SCADA",1,"2024/02/01 16:45:00","ERGT01","0",NA,NA,NA
"D","DISPATCH","UNIT_SCADA",1,"2024/02/01 16:45:00","GB01","0",NA,NA,NA
"D","DISPATCH","UNIT_SCADA",1,"2024/02/01 16:45:00","GERMCRK","15.0680",NA,NA,NA
"D","DISPATCH","UNIT_SCADA",1,"2024/02/01 16:45:00","GRIFSF1","26.609123",NA,NA,NA
"D","DISPATCH","UNIT_SCADA",1,"2024/02/01 16:45:00","HUGSF1","4.7930",NA,NA,NA
"D","DISPATCH","UNIT_SCADA",1,"2024/02/01 16:45:00","KEPBG1","0",NA,NA,NA
"D","DISPATCH","UNIT_SCADA",1,"2024/02/01 16:45:00","LRSF1","9.9820",NA,NA,NA
"D","DISPATCH","UNIT_SCADA",1,"2024/02/01 16:45:00","MBAHNTH","51.693756",NA,NA,NA
"D","DISPATCH","UNIT_SCADA",1,"2024/02/01 16:45:00","MLSP1","4.9480",NA,NA,NA
"D","DISPATCH","UNIT_SCADA",1,"2024/02/01 16:45:00","MLWF1","12.7950",NA,NA,NA
"D","DISPATCH","UNIT_SCADA",1,"2024/02/01 16:45:00","PALOONA","9.98",NA,NA,NA
"D","DISPATCH","UNIT_SCADA",1,"2024/02/01 16:45:00","PIONEER","-0.60",NA,NA,NA
"D","DISPATCH","UNIT_SCADA",1,"2024/02/01 16:45:00","PORTWF","104.50",NA,NA,NA
"D","DISPATCH","UNIT_SCADA",1,"2024/02/01 16:45:00","REPULSE","3.231861",NA,NA,NA
"D","DISPATCH","UNIT_SCADA",1,"2024/02/01 16:45:00","ROWALLAN","0",NA,NA,NA
"D","DISPATCH","UNIT_SCADA",1,"2024/02/01 16:45:00","ROYALLA1","6.6320",NA,NA,NA
"D","DISPATCH","UNIT_SCADA",1,"2024/02/01 16:45:00","RPCG","-1.60",NA,NA,NA
"D","DISPATCH","UNIT_SCADA",1,"2024/02/01 16:45:00","RUBICON","0.81",NA,NA,NA
"D","DISPATCH","UNIT_SCADA",1,"2024/02/01 16:45:00","SHOAL1","19.9750",NA,NA,NA
"D","DISPATCH","UNIT_SCADA",1,"2024/02/01 16:45:00","WAUBRAWF","0",NA,NA,NA
"D","DISPATCH","UNIT_SCADA",1,"2024/02/01 16:45:00","WOOLNTH1","124.110001",NA,NA,NA
"D","DISPATCH","UNIT_SCADA",1,"2024/02/01 16:45:00","YAMBUKWF","19.60",NA,NA,NA
"D","DISPATCH","UNIT_SCADA",1,"2024/02/01 16:45:00","YSWF1","21.10",NA,NA,NA
"D","DISPATCH","UNIT_SCADA",1,"2024/02/01 16:50:00","BARCSF1","13.400001",NA,NA,NA
"D","DISPATCH","UNIT_SCADA",1,"2024/02/01 16:50:00","BUTLERSG","8.999998",NA,NA,NA
"D","DISPATCH","UNIT_SCADA",1,"2024/02/01 16:50:00","BWTR1","14.804440",NA,NA,NA
"D","DISPATCH","UNIT_SCADA",1,"2024/02/01 16:50:00","CAPTL_WF","53.145340",NA,NA,NA
"D","DISPATCH","UNIT_SCADA",1,"2024/02/01 16:50:00","CHALLHWF","23.50",NA,NA,NA
"D","DISPATCH","UNIT_SCADA",1,"2024/02/01 16:50:00","CLOVER","-0.01",NA,NA,NA
"D","DISPATCH","UNIT_SCADA",1,"2024/02/01 16:50:00","CLUNY","2.181277",NA,NA,NA
"D","DISPATCH","UNIT_SCADA",1,"2024/02/01 16:50:00","CONDONG1","-0.73",NA,NA,NA
"D","DISPATCH","UNIT_SCADA",1,"2024/02/01 16:50:00","CULLRGWF","-0.05",NA,NA,NA
"D","DISPATCH","UNIT_SCADA",1,"2024/02/01 16:50:00","DIAPURWF1","0",NA,NA,NA
"D","DISPATCH","UNIT_SCADA",1,"2024/02/01 16:50:00","ERGT01","0",NA,NA,NA
"D","DISPATCH","UNIT_SCADA",1,"2024/02/01 16:50:00","GB01","0",NA,NA,NA
"D","DISPATCH","UNIT_SCADA",1,"2024/02/01 16:50:00","GERMCRK","16.686001",NA,NA,NA
"D","DISPATCH","UNIT_SCADA",1,"2024/02/01 16:50:00","GRIFSF1","26.428154",NA,NA,NA
"D","DISPATCH","UNIT_SCADA",1,"2024/02/01 16:50:00","HUGSF1","7.288001",NA,NA,NA
"D","DISPATCH","UNIT_SCADA",1,"2024/02/01 16:50:00","KEPBG1","0",NA,NA,NA
"D","DISPATCH","UNIT_SCADA",1,"2024/02/01 16:50:00","LRSF1","9.9820",NA,NA,NA
"D","DISPATCH","UNIT_SCADA",1,"2024/02/01 16:50:00","MBAHNTH","51.487503",NA,NA,NA
"D","DISPATCH","UNIT_SCADA",1,"2024/02/01 16:50:00","MLSP1","4.6970",NA,NA,NA
"D","DISPATCH","UNIT_SCADA",1,"2024/02/01 16:50:00","MLWF1","14.5650",NA,NA,NA
"D","DISPATCH","UNIT_SCADA",1,"2024/02/01 16:50:00","PALOONA","9.849999",NA,NA,NA
"D","DISPATCH","UNIT_SCADA",1,"2024/02/01 16:50:00","PIONEER","-0.60",NA,NA,NA
"D","DISPATCH","UNIT_SCADA",1,"2024/02/01 16:50:00","PORTWF","104.800003",NA,NA,NA
"D","DISPATCH","UNIT_SCADA",1,"2024/02/01 16:50:00","REPULSE","3.244068",NA,NA,NA
"D","DISPATCH","UNIT_SCADA",1,"2024/02/01 16:50:00","ROWALLAN","0",NA,NA,NA
"D","DISPATCH","UNIT_SCADA",1,"2024/02/01 16:50:00","ROYALLA1","6.3660",NA,NA,NA
"D","DISPATCH","UNIT_SCADA",1,"2024/02/01 16:50:00","RPCG","-1.60",NA,NA,NA
"D","DISPATCH","UNIT_SCADA",1,"2024/02/01 16:50:00","RUBICON","0.81",NA,NA,NA
"D","DISPATCH","UNIT_SCADA",1,"2024/02/01 16:50:00","SHOAL1","19.924999",NA,NA,NA
"D","DISPATCH","UNIT_SCADA",1,"2024/02/01 16:50:00","WAUBRAWF","0",NA,NA,NA
"D","DISPATCH","UNIT_SCADA",1,"2024/02/01 16:50:00","WOOLNTH1","128.440002",NA,NA,NA
"D","DISPATCH","UNIT_SCADA",1,"2024/02/01 16:50:00","YAMBUKWF","22.200001",NA,NA,NA
"D","DISPATCH","UNIT_SCADA",1,"2024/02/01 16:50:00","YSWF1","25.700001",NA,NA,NA
"D","DISPATCH","UNIT_SCADA",1,"2024/02/01 17:05:00","BARCSF1","13.400001",NA,NA,NA
"D","DISPATCH","UNIT_SCADA",1,"2024/02/01 17:05:00","BUTLERSG","9.099998",NA,NA,NA
"D","DISPATCH","UNIT_SCADA",1,"2024/02/01 17:05:00","BWTR1","14.8616",NA,NA,NA
"D","DISPATCH","UNIT_SCADA",1,"2024/02/01 17:05:00","CAPTL_WF","67.301804",NA,NA,NA
"D","DISPATCH","UNIT_SCADA",1,"2024/02/01 17:05:00","CHALLHWF","23.799999",NA,NA,NA
"D","DISPATCH","UNIT_SCADA",1,"2024/02/01 17:05:00","CLOVER","-0.02",NA,NA,NA
"D","DISPATCH","UNIT_SCADA",1,"2024/02/01 17:05:00","CLUNY","2.205081",NA,NA,NA
"D","DISPATCH","UNIT_SCADA",1,"2024/02/01 17:05:00","CONDONG1","-0.74",NA,NA,NA
"D","DISPATCH","UNIT_SCADA",1,"2024/02/01 17:05:00","CULLRGWF","8.33",NA,NA,NA
"D","DISPATCH","UNIT_SCADA",1,"2024/02/01 17:05:00","DIAPURWF1","0",NA,NA,NA
"D","DISPATCH","UNIT_SCADA",1,"2024/02/01 17:05:00","ERGT01","0",NA,NA,NA
"D","DISPATCH","UNIT_SCADA",1,"2024/02/01 17:05:00","GB01","0",NA,NA,NA
"D","DISPATCH","UNIT_SCADA",1,"2024/02/01 17:05:00","GERMCRK","15.1920",NA,NA,NA
"D","DISPATCH","UNIT_SCADA",1,"2024/02/01 17:05:00","GRIFSF1","25.312174",NA,NA,NA
"D","DISPATCH","UNIT_SCADA",1,"2024/02/01 17:05:00","HUGSF1","6.6590",NA,NA,NA
"D","DISPATCH","UNIT_SCADA",1,"2024/02/01 17:05:00","KEPBG1","0",NA,NA,NA
"D","DISPATCH","UNIT_SCADA",1,"2024/02/01 17:05:00","LRSF1","9.9820",NA,NA,NA
"D","DISPATCH","UNIT_SCADA",1,"2024/02/01 17:05:00","MBAHNTH","51.543747",NA,NA,NA
"D","DISPATCH","UNIT_SCADA",1,"2024/02/01 17:05:00","MLSP1","3.9450",NA,NA,NA
"D","DISPATCH","UNIT_SCADA",1,"2024/02/01 17:05:00","MLWF1","13.6650",NA,NA,NA
"D","DISPATCH","UNIT_SCADA",1,"2024/02/01 17:05:00","PALOONA","9.76",NA,NA,NA
"D","DISPATCH","UNIT_SCADA",1,"2024/02/01 17:05:00","PIONEER","-0.60",NA,NA,NA
"D","DISPATCH","UNIT_SCADA",1,"2024/02/01 17:05:00","PORTWF","95.099998",NA,NA,NA
"D","DISPATCH","UNIT_SCADA",1,"2024/02/01 17:05:00","REPULSE","3.200122",NA,NA,NA
"D","DISPATCH","UNIT_SCADA",1,"2024/02/01 17:05:00","ROWALLAN","0",NA,NA,NA
"D","DISPATCH","UNIT_SCADA",1,"2024/02/01 17:05:00","ROYALLA1","5.0750",NA,NA,NA
"D","DISPATCH","UNIT_SCADA",1,"2024/02/01 17:05:00","RPCG","-1.60",NA,NA,NA
"D","DISPATCH","UNIT_SCADA",1,"2024/02/01 17:05:00","RUBICON","0.81",NA,NA,NA
"D","DISPATCH","UNIT_SCADA",1,"2024/02/01 17:05:00","SHOAL1","19.950001",NA,NA,NA
"D","DISPATCH","UNIT_SCADA",1,"2024/02/01 17:05:00","WAUBRAWF","164.317993",NA,NA,NA
"D","DISPATCH","UNIT_SCADA",1,"2024/02/01 17:05:00","WOOLNTH1","126.220001",NA,NA,NA
"D","DISPATCH","UNIT_SCADA",1,"2024/02/01 17:05:00","YAMBUKWF","24.299999",NA,NA,NA
"D","DISPATCH","UNIT_SCADA",1,"2024/02/01 17:05:00","YSWF1","21.299999",NA,NA,NA
"D","DISPATCH","UNIT_SCADA",1,"2024/02/01 17:10:00","BARCSF1","13.400001",NA,NA,NA
"D","DISPATCH","UNIT_SCADA",1,"2024/02/01 17:10:00","BUTLERSG","9.099998",NA,NA,NA
"D","DISPATCH","UNIT_SCADA",1,"2024/02/01 17:10:00","BWTR1","14.8616",NA,NA,NA
"D","DISPATCH","UNIT_SCADA",1,"2024/02/01 17:10:00","CAPTL_WF","69.204178",NA,NA,NA
"D","DISPATCH","UNIT_SCADA",1,"2024/02/01 17:10:00","CHALLHWF","25.10",NA,NA,NA
"D","DISPATCH","UNIT_SCADA",1,"2024/02/01 17:10:00","CLOVER","-0.02",NA,NA,NA
"D","DISPATCH","UNIT_SCADA",1,"2024/02/01 17:10:00","CLUNY","2.176699",NA,NA,NA
"D","DISPATCH","UNIT_SCADA",1,"2024/02/01 17:10:00","CONDONG1","-0.73",NA,NA,NA
"D","DISPATCH","UNIT_SCADA",1,"2024/02/01 17:10:00","CULLRGWF","7.22",NA,NA,NA
"D","DISPATCH","UNIT_SCADA",1,"2024/02/01 17:10:00","DIAPURWF1","0",NA,NA,NA
"D","DISPATCH","UNIT_SCADA",1,"2024/02/01 17:10:00","ERGT01","0",NA,NA,NA
"D","DISPATCH","UNIT_SCADA",1,"2024/02/01 17:10:00","GB01","0",NA,NA,NA
"D","DISPATCH","UNIT_SCADA",1,"2024/02/01 17:10:00","GERMCRK","15.2570",NA,NA,NA
"D","DISPATCH","UNIT_SCADA",1,"2024/02/01 17:10:00","GRIFSF1","25.385693",NA,NA,NA
"D","DISPATCH","UNIT_SCADA",1,"2024/02/01 17:10:00","HUGSF1","2.7580",NA,NA,NA
"D","DISPATCH","UNIT_SCADA",1,"2024/02/01 17:10:00","KEPBG1","0",NA,NA,NA
"D","DISPATCH","UNIT_SCADA",1,"2024/02/01 17:10:00","LRSF1","9.9820",NA,NA,NA
"D","DISPATCH","UNIT_SCADA",1,"2024/02/01 17:10:00","MBAHNTH","48.524994",NA,NA,NA
"D","DISPATCH","UNIT_SCADA",1,"2024/02/01 17:10:00","MLSP1","3.6430",NA,NA,NA
"D","DISPATCH","UNIT_SCADA",1,"2024/02/01 17:10:00","MLWF1","13.379999",NA,NA,NA
"D","DISPATCH","UNIT_SCADA",1,"2024/02/01 17:10:00","PALOONA","9.84",NA,NA,NA
"D","DISPATCH","UNIT_SCADA",1,"2024/02/01 17:10:00","PIONEER","-0.50",NA,NA,NA
"D","DISPATCH","UNIT_SCADA",1,"2024/02/01 17:10:00","PORTWF","94.800003",NA,NA,NA
"D","DISPATCH","UNIT_SCADA",1,"2024/02/01 17:10:00","REPULSE","3.200122",NA,NA,NA
"D","DISPATCH","UNIT_SCADA",1,"2024/02/01 17:10:00","ROWALLAN","0",NA,NA,NA
"D","DISPATCH","UNIT_SCADA",1,"2024/02/01 17:10:00","ROYALLA1","3.7770",NA,NA,NA
"D","DISPATCH","UNIT_SCADA",1,"2024/02/01 17:10:00","RPCG","-1.60",NA,NA,NA
"D","DISPATCH","UNIT_SCADA",1,"2024/02/01 17:10:00","RUBICON","0.81",NA,NA,NA
"D","DISPATCH","UNIT_SCADA",1,"2024/02/01 17:10:00","SHOAL1","19.950001",NA,NA,NA
"D","DISPATCH","UNIT_SCADA",1,"2024/02/01 17:10:00","WAUBRAWF","155.248001",NA,NA,NA
"D","DISPATCH","UNIT_SCADA",1,"2024/02/01 17:10:00","WOOLNTH1","126.330002",NA,NA,NA
"D","DISPATCH","UNIT_SCADA",1,"2024/02/01 17:10:00","YAMBUKWF","25",NA,NA,NA
"D","DISPATCH","UNIT_SCADA",1,"2024/02/01 17:10:00","YSWF1","25.50",NA,NA,NA
"D","DISPATCH","UNIT_SCADA",1,"2024/02/01 17:35:00","BARCSF1","13.200001",NA,NA,NA
"D","DISPATCH","UNIT_SCADA",1,"2024/02/01 17:35:00","BUTLERSG","9.099998",NA,NA,NA
"D","DISPATCH","UNIT_SCADA",1,"2024/02/01 17:35:00","BWTR1","14.5758",NA,NA,NA
"D","DISPATCH","UNIT_SCADA",1,"2024/02/01 17:35:00","CAPTL_WF","74.512856",NA,NA,NA
"D","DISPATCH","UNIT_SCADA",1,"2024/02/01 17:35:00","CHALLHWF","21.799999",NA,NA,NA
"D","DISPATCH","UNIT_SCADA",1,"2024/02/01 13:45:00","RUBICON","0.81",NA,NA,NA
"D","DISPATCH","UNIT_SCADA",1,"2024/02/01 13:45:00","SHOAL1","0",NA,NA,NA
"D","DISPATCH","UNIT_SCADA",1,"2024/02/01 13:45:00","WAUBRAWF","0",NA,NA,NA
"D","DISPATCH","UNIT_SCADA",1,"2024/02/01 13:45:00","WOOLNTH1","122.290001",NA,NA,NA
"D","DISPATCH","UNIT_SCADA",1,"2024/02/01 13:45:00","YAMBUKWF","24.50",NA,NA,NA
"D","DISPATCH","UNIT_SCADA",1,"2024/02/01 13:45:00","YSWF1","17.60",NA,NA,NA
"D","DISPATCH","UNIT_SCADA",1,"2024/02/01 13:50:00","BARCSF1","13.200001",NA,NA,NA
"D","DISPATCH","UNIT_SCADA",1,"2024/02/01 13:50:00","BUTLERSG","9.099998",NA,NA,NA
"D","DISPATCH","UNIT_SCADA",1,"2024/02/01 13:50:00","BWTR1","14.975920",NA,NA,NA
"D","DISPATCH","UNIT_SCADA",1,"2024/02/01 13:50:00","CAPTL_WF","41.481102",NA,NA,NA
"D","DISPATCH","UNIT_SCADA",1,"2024/02/01 13:50:00","CHALLHWF","11.700001",NA,NA,NA
"D","DISPATCH","UNIT_SCADA",1,"2024/02/01 13:50:00","CLOVER","-0.01",NA,NA,NA
"D","DISPATCH","UNIT_SCADA",1,"2024/02/01 13:50:00","CLUNY","2.267338",NA,NA,NA
"D","DISPATCH","UNIT_SCADA",1,"2024/02/01 13:50:00","CONDONG1","-1",NA,NA,NA
"D","DISPATCH","UNIT_SCADA",1,"2024/02/01 13:50:00","CULLRGWF","16.16",NA,NA,NA
"D","DISPATCH","UNIT_SCADA",1,"2024/02/01 13:50:00","DIAPURWF1","0",NA,NA,NA
"D","DISPATCH","UNIT_SCADA",1,"2024/02/01 13:50:00","ERGT01","0",NA,NA,NA
"D","DISPATCH","UNIT_SCADA",1,"2024/02/01 13:50:00","GB01","0",NA,NA,NA
"D","DISPATCH","UNIT_SCADA",1,"2024/02/01 13:50:00","GERMCRK","15.8710",NA,NA,NA
"D","DISPATCH","UNIT_SCADA",1,"2024/02/01 13:50:00","GRIFSF1","27.012535",NA,NA,NA
"D","DISPATCH","UNIT_SCADA",1,"2024/02/01 13:50:00","HUGSF1","8.0460",NA,NA,NA
"D","DISPATCH","UNIT_SCADA",1,"2024/02/01 13:50:00","KEPBG1","0",NA,NA,NA
"D","DISPATCH","UNIT_SCADA",1,"2024/02/01 13:50:00","LRSF1","10.0450",NA,NA,NA
"D","DISPATCH","UNIT_SCADA",1,"2024/02/01 13:50:00","MBAHNTH","51.712509",NA,NA,NA
"D","DISPATCH","UNIT_SCADA",1,"2024/02/01 13:50:00","MLSP1","10.73",NA,NA,NA
"D","DISPATCH","UNIT_SCADA",1,"2024/02/01 13:50:00","MLWF1","8.10",NA,NA,NA
"D","DISPATCH","UNIT_SCADA",1,"2024/02/01 13:50:00","PALOONA","6.90",NA,NA,NA
"D","DISPATCH","UNIT_SCADA",1,"2024/02/01 13:50:00","PIONEER","-0.80",NA,NA,NA
"D","DISPATCH","UNIT_SCADA",1,"2024/02/01 13:50:00","PORTWF","108.900002",NA,NA,NA
"D","DISPATCH","UNIT_SCADA",1,"2024/02/01 13:50:00","REPULSE","3.123217",NA,NA,NA
"D","DISPATCH","UNIT_SCADA",1,"2024/02/01 13:50:00","ROWALLAN","0",NA,NA,NA
"D","DISPATCH","UNIT_SCADA",1,"2024/02/01 13:50:00","ROYALLA1","15.231001",NA,NA,NA
"D","DISPATCH","UNIT_SCADA",1,"2024/02/01 13:50:00","RPCG","-1.60",NA,NA,NA
"D","DISPATCH","UNIT_SCADA",1,"2024/02/01 13:50:00","RUBICON","0.81",NA,NA,NA
"D","DISPATCH","UNIT_SCADA",1,"2024/02/01 13:50:00","SHOAL1","0",NA,NA,NA
"D","DISPATCH","UNIT_SCADA",1,"2024/02/01 13:50:00","WAUBRAWF","0",NA,NA,NA
"D","DISPATCH","UNIT_SCADA",1,"2024/02/01 13:50:00","WOOLNTH1","121.949997",NA,NA,NA
"D","DISPATCH","UNIT_SCADA",1,"2024/02/01 13:50:00","YAMBUKWF","24.60",NA,NA,NA
"D","DISPATCH","UNIT_SCADA",1,"2024/02/01 13:50:00","YSWF1","13.10",NA,NA,NA
"D","DISPATCH","UNIT_SCADA",1,"2024/02/01 13:55:00","BARCSF1","13.60",NA,NA,NA
"D","DISPATCH","UNIT_SCADA",1,"2024/02/01 13:55:00","BUTLERSG","9.099998",NA,NA,NA
"D","DISPATCH","UNIT_SCADA",1,"2024/02/01 13:55:00","BWTR1","14.975920",NA,NA,NA
"D","DISPATCH","UNIT_SCADA",1,"2024/02/01 13:55:00","CAPTL_WF","36.305241",NA,NA,NA
"D","DISPATCH","UNIT_SCADA",1,"2024/02/01 13:55:00","CHALLHWF","14.40",NA,NA,NA
"D","DISPATCH","UNIT_SCADA",1,"2024/02/01 13:55:00","CLOVER","-0.01",NA,NA,NA
"D","DISPATCH","UNIT_SCADA",1,"2024/02/01 13:55:00","CLUNY","2.433967",NA,NA,NA
"D","DISPATCH","UNIT_SCADA",1,"2024/02/01 13:55:00","CONDONG1","-0.92",NA,NA,NA
"D","DISPATCH","UNIT_SCADA",1,"2024/02/01 13:55:00","CULLRGWF","15.26",NA,NA,NA
"D","DISPATCH","UNIT_SCADA",1,"2024/02/01 13:55:00","DIAPURWF1","0",NA,NA,NA
"D","DISPATCH","UNIT_SCADA",1,"2024/02/01 13:55:00","ERGT01","0",NA,NA,NA
"D","DISPATCH","UNIT_SCADA",1,"2024/02/01 13:55:00","GB01","0",NA,NA,NA
"D","DISPATCH","UNIT_SCADA",1,"2024/02/01 13:55:00","GERMCRK","15.7680",NA,NA,NA
"D","DISPATCH","UNIT_SCADA",1,"2024/02/01 13:55:00","GRIFSF1","27.025730",NA,NA,NA
"D","DISPATCH","UNIT_SCADA",1,"2024/02/01 13:55:00","HUGSF1","3.87",NA,NA,NA
"D","DISPATCH","UNIT_SCADA",1,"2024/02/01 13:55:00","KEPBG1","0",NA,NA,NA
"D","DISPATCH","UNIT_SCADA",1,"2024/02/01 13:55:00","LRSF1","5.9040",NA,NA,NA
"D","DISPATCH","UNIT_SCADA",1,"2024/02/01 13:55:00","MBAHNTH","51.693756",NA,NA,NA
"D","DISPATCH","UNIT_SCADA",1,"2024/02/01 13:55:00","MLSP1","10.73",NA,NA,NA
"D","DISPATCH","UNIT_SCADA",1,"2024/02/01 13:55:00","MLWF1","11.565001",NA,NA,NA
"D","DISPATCH","UNIT_SCADA",1,"2024/02/01 13:55:00","PALOONA","6.92",NA,NA,NA
"D","DISPATCH","UNIT_SCADA",1,"2024/02/01 13:55:00","PIONEER","-0.80",NA,NA,NA
"D","DISPATCH","UNIT_SCADA",1,"2024/02/01 13:55:00","PORTWF","109.400002",NA,NA,NA
"D","DISPATCH","UNIT_SCADA",1,"2024/02/01 13:55:00","REPULSE","3.535820",NA,NA,NA
"D","DISPATCH","UNIT_SCADA",1,"2024/02/01 13:55:00","ROWALLAN","0",NA,NA,NA
"D","DISPATCH","UNIT_SCADA",1,"2024/02/01 13:55:00","ROYALLA1","15.23",NA,NA,NA
"D","DISPATCH","UNIT_SCADA",1,"2024/02/01 13:55:00","RPCG","-1.60",NA,NA,NA
"D","DISPATCH","UNIT_SCADA",1,"2024/02/01 13:55:00","RUBICON","0.81",NA,NA,NA
"D","DISPATCH","UNIT_SCADA",1,"2024/02/01 13:55:00","SHOAL1","0",NA,NA,NA
"D","DISPATCH","UNIT_SCADA",1,"2024/02/01 13:55:00","WAUBRAWF","0",NA,NA,NA
"D","DISPATCH","UNIT_SCADA",1,"2024/02/01 13:55:00","WOOLNTH1","124.979996",NA,NA,NA
"D","DISPATCH","UNIT_SCADA",1,"2024/02/01 13:55:00","YAMBUKWF","24.799999",NA,NA,NA
"D","DISPATCH","UNIT_SCADA",1,"2024/02/01 13:55:00","YSWF1","21.40",NA,NA,NA
"D","DISPATCH","UNIT_SCADA",1,"2024/02/02 05:40:00","CHALLHWF","8.90",NA,NA,NA
"D","DISPATCH","UNIT_SCADA",1,"2024/02/02 05:40:00","CLOVER","-0.11",NA,NA,NA
"D","DISPATCH","UNIT_SCADA",1,"2024/02/02 05:40:00","CLUNY","8.310826",NA,NA,NA
"D","DISPATCH","UNIT_SCADA",1,"2024/02/02 05:40:00","CONDONG1","-0.88",NA,NA,NA
"D","DISPATCH","UNIT_SCADA",1,"2024/02/02 05:40:00","CULLRGWF","20.110001",NA,NA,NA
"D","DISPATCH","UNIT_SCADA",1,"2024/02/02 05:40:00","DIAPURWF1","0",NA,NA,NA
"D","DISPATCH","UNIT_SCADA",1,"2024/02/02 05:40:00","ERGT01","0",NA,NA,NA
"D","DISPATCH","UNIT_SCADA",1,"2024/02/02 05:40:00","GB01","0",NA,NA,NA
"D","DISPATCH","UNIT_SCADA",1,"2024/02/02 05:40:00","GERMCRK","12.3850",NA,NA,NA
"D","DISPATCH","UNIT_SCADA",1,"2024/02/02 05:40:00","GRIFSF1","0",NA,NA,NA
"D","DISPATCH","UNIT_SCADA",1,"2024/02/02 05:40:00","HUGSF1","-0.1480",NA,NA,NA
"D","DISPATCH","UNIT_SCADA",1,"2024/02/02 05:40:00","KEPBG1","0",NA,NA,NA
"D","DISPATCH","UNIT_SCADA",1,"2024/02/02 05:40:00","LRSF1","-0.03",NA,NA,NA
"D","DISPATCH","UNIT_SCADA",1,"2024/02/02 05:40:00","MBAHNTH","46.443756",NA,NA,NA
"D","DISPATCH","UNIT_SCADA",1,"2024/02/02 05:40:00","MLSP1","0.0310",NA,NA,NA
"D","DISPATCH","UNIT_SCADA",1,"2024/02/02 05:40:00","MLWF1","3.2250",NA,NA,NA
"D","DISPATCH","UNIT_SCADA",1,"2024/02/02 05:40:00","PALOONA","0",NA,NA,NA
"D","DISPATCH","UNIT_SCADA",1,"2024/02/02 05:40:00","PIONEER","-0.60",NA,NA,NA
"D","DISPATCH","UNIT_SCADA",1,"2024/02/02 05:40:00","PORTWF","28.60",NA,NA,NA
"D","DISPATCH","UNIT_SCADA",1,"2024/02/02 05:40:00","REPULSE","12.953689",NA,NA,NA
"D","DISPATCH","UNIT_SCADA",1,"2024/02/02 05:40:00","ROWALLAN","0",NA,NA,NA
"D","DISPATCH","UNIT_SCADA",1,"2024/02/02 05:40:00","ROYALLA1","0.0350",NA,NA,NA
"D","DISPATCH","UNIT_SCADA",1,"2024/02/02 05:40:00","RPCG","11.30",NA,NA,NA
"D","DISPATCH","UNIT_SCADA",1,"2024/02/02 05:40:00","RUBICON","0.81",NA,NA,NA
"D","DISPATCH","UNIT_SCADA",1,"2024/02/02 05:40:00","SHOAL1","19.950001",NA,NA,NA
"D","DISPATCH","UNIT_SCADA",1,"2024/02/02 05:40:00","WAUBRAWF","139.787994",NA,NA,NA
"D","DISPATCH","UNIT_SCADA",1,"2024/02/02 05:40:00","WOOLNTH1","125.739998",NA,NA,NA
"D","DISPATCH","UNIT_SCADA",1,"2024/02/02 05:40:00","YAMBUKWF","10.80",NA,NA,NA
"D","DISPATCH","UNIT_SCADA",1,"2024/02/02 05:40:00","YSWF1","15.70",NA,NA,NA
"D","DISPATCH","UNIT_SCADA",1,"2024/02/02 05:45:00","BARCSF1","0",NA,NA,NA
"D","DISPATCH","UNIT_SCADA",1,"2024/02/02 05:45:00","BUTLERSG","9.099998",NA,NA,NA
"D","DISPATCH","UNIT_SCADA",1,"2024/02/02 05:45:00","BWTR1","14.690120",NA,NA,NA
"D","DISPATCH","UNIT_SCADA",1,"2024/02/02 05:45:00","CAPTL_WF","34.602089",NA,NA,NA
"D","DISPATCH","UNIT_SCADA",1,"2024/02/02 05:45:00","CHALLHWF","8",NA,NA,NA
"D","DISPATCH","UNIT_SCADA",1,"2024/02/02 05:45:00","CLOVER","-0.09",NA,NA,NA
"D","DISPATCH","UNIT_SCADA",1,"2024/02/02 05:45:00","CLUNY","8.272373",NA,NA,NA
"D","DISPATCH","UNIT_SCADA",1,"2024/02/02 05:45:00","CONDONG1","-0.89",NA,NA,NA
"D","DISPATCH","UNIT_SCADA",1,"2024/02/02 05:45:00","CULLRGWF","19.49",NA,NA,NA
"D","DISPATCH","UNIT_SCADA",1,"2024/02/02 05:45:00","DIAPURWF1","0",NA,NA,NA
"D","DISPATCH","UNIT_SCADA",1,"2024/02/02 05:45:00","ERGT01","0",NA,NA,NA
"D","DISPATCH","UNIT_SCADA",1,"2024/02/02 05:45:00","GB01","0",NA,NA,NA
"D","DISPATCH","UNIT_SCADA",1,"2024/02/02 05:45:00","GERMCRK","11.7320",NA,NA,NA
"D","DISPATCH","UNIT_SCADA",1,"2024/02/02 05:45:00","GRIFSF1","0",NA,NA,NA
"D","DISPATCH","UNIT_SCADA",1,"2024/02/02 05:45:00","HUGSF1","-0.1480",NA,NA,NA
"D","DISPATCH","UNIT_SCADA",1,"2024/02/02 05:45:00","KEPBG1","0",NA,NA,NA
"D","DISPATCH","UNIT_SCADA",1,"2024/02/02 05:45:00","LRSF1","-0.03",NA,NA,NA
"D","DISPATCH","UNIT_SCADA",1,"2024/02/02 05:45:00","MBAHNTH","46.706253",NA,NA,NA
"D","DISPATCH","UNIT_SCADA",1,"2024/02/02 05:45:00","MLSP1","0.0810",NA,NA,NA
"D","DISPATCH","UNIT_SCADA",1,"2024/02/02 05:45:00","MLWF1","3.63",NA,NA,NA
"D","DISPATCH","UNIT_SCADA",1,"2024/02/02 05:45:00","PALOONA","0",NA,NA,NA
"D","DISPATCH","UNIT_SCADA",1,"2024/02/02 05:45:00","PIONEER","-0.60",NA,NA,NA
"D","DISPATCH","UNIT_SCADA",1,"2024/02/02 05:45:00","PORTWF","29.50",NA,NA,NA
"D","DISPATCH","UNIT_SCADA",1,"2024/02/02 05:45:00","REPULSE","13.023270",NA,NA,NA
"D","DISPATCH","UNIT_SCADA",1,"2024/02/02 05:45:00","ROWALLAN","0",NA,NA,NA
"D","DISPATCH","UNIT_SCADA",1,"2024/02/02 05:45:00","ROYALLA1","0.0120",NA,NA,NA
"D","DISPATCH","UNIT_SCADA",1,"2024/02/02 05:45:00","RPCG","11.30",NA,NA,NA
"D","DISPATCH","UNIT_SCADA",1,"2024/02/02 05:45:00","RUBICON","0.81",NA,NA,NA
"D","DISPATCH","UNIT_SCADA",1,"2024/02/02 05:45:00","SHOAL1","19.950001",NA,NA,NA
"D","DISPATCH","UNIT_SCADA",1,"2024/02/02 05:45:00","WAUBRAWF","134.4440",NA,NA,NA
"D","DISPATCH","UNIT_SCADA",1,"2024/02/02 05:45:00","WOOLNTH1","122.970001",NA,NA,NA
"D","DISPATCH","UNIT_SCADA",1,"2024/02/02 05:45:00","YAMBUKWF","10.70",NA,NA,NA
"D","DISPATCH","UNIT_SCADA",1,"2024/02/02 05:45:00","YSWF1","16",NA,NA,NA
"D","DISPATCH","UNIT_SCADA",1,"2024/02/02 05:50:00","BARCSF1","0",NA,NA,NA
"D","DISPATCH","UNIT_SCADA",1,"2024/02/02 05:50:00","BUTLERSG","9.099998",NA,NA,NA
"D","DISPATCH","UNIT_SCADA",1,"2024/02/02 05:50:00","BWTR1","14.690120",NA,NA,NA
"D","DISPATCH","UNIT_SCADA",1,"2024/02/02 05:50:00","CAPTL_WF","40.699837",NA,NA,NA
"D","DISPATCH","UNIT_SCADA",1,"2024/02/02 05:50:00","CHALLHWF","7.50",NA,NA,NA
"D","DISPATCH","UNIT_SCADA",1,"2024/02/02 05:50:00","CLOVER","-0.09",NA,NA,NA
"D","DISPATCH","UNIT_SCADA",1,"2024/02/02 05:50:00","CLUNY","8.224766",NA,NA,NA
"D","DISPATCH","UNIT_SCADA",1,"2024/02/02 05:50:00","CONDONG1","-0.85",NA,NA,NA
"D","DISPATCH","UNIT_SCADA",1,"2024/02/02 05:50:00","CULLRGWF","19.360001",NA,NA,NA
"D","DISPATCH","UNIT_SCADA",1,"2024/02/02 05:50:00","DIAPURWF1","0",NA,NA,NA
"D","DISPATCH","UNIT_SCADA",1,"2024/02/02 05:50:00","ERGT01","0",NA,NA,NA
"D","DISPATCH","UNIT_SCADA",1,"2024/02/02 05:50:00","GB01","0",NA,NA,NA
"D","DISPATCH","UNIT_SCADA",1,"2024/02/02 05:50:00","GERMCRK","4.4850",NA,NA,NA
"D","DISPATCH","UNIT_SCADA",1,"2024/02/02 05:50:00","GRIFSF1","0",NA,NA,NA
"D","DISPATCH","UNIT_SCADA",1,"2024/02/02 05:50:00","HUGSF1","-0.1480",NA,NA,NA
"D","DISPATCH","UNIT_SCADA",1,"2024/02/02 05:50:00","KEPBG1","0",NA,NA,NA
"D","DISPATCH","UNIT_SCADA",1,"2024/02/02 05:50:00","LRSF1","-0.03",NA,NA,NA
"D","DISPATCH","UNIT_SCADA",1,"2024/02/02 05:50:00","MBAHNTH","46.612503",NA,NA,NA
"D","DISPATCH","UNIT_SCADA",1,"2024/02/02 05:50:00","MLSP1","0.1310",NA,NA,NA
"D","DISPATCH","UNIT_SCADA",1,"2024/02/02 05:50:00","MLWF1","3.78",NA,NA,NA
"D","DISPATCH","UNIT_SCADA",1,"2024/02/02 05:50:00","PALOONA","0",NA,NA,NA
"D","DISPATCH","UNIT_SCADA",1,"2024/02/02 05:50:00","PIONEER","-0.60",NA,NA,NA
"D","DISPATCH","UNIT_SCADA",1,"2024/02/02 05:50:00","PORTWF","30.40",NA,NA,NA
"D","DISPATCH","UNIT_SCADA",1,"2024/02/02 05:50:00","REPULSE","13.055009",NA,NA,NA
"D","DISPATCH","UNIT_SCADA",1,"2024/02/02 05:50:00","ROWALLAN","0",NA,NA,NA
"D","DISPATCH","UNIT_SCADA",1,"2024/02/02 05:50:00","ROYALLA1","0.1160",NA,NA,NA
"D","DISPATCH","UNIT_SCADA",1,"2024/02/02 05:50:00","RPCG","12.80",NA,NA,NA
"D","DISPATCH","UNIT_SCADA",1,"2024/02/02 05:50:00","RUBICON","0.81",NA,NA,NA
"D","DISPATCH","UNIT_SCADA",1,"2024/02/02 05:50:00","SHOAL1","20",NA,NA,NA
"D","DISPATCH","UNIT_SCADA",1,"2024/02/02 05:50:00","WAUBRAWF","139.2780",NA,NA,NA
"D","DISPATCH","UNIT_SCADA",1,"2024/02/02 05:50:00","WOOLNTH1","122.669998",NA,NA,NA
"D","DISPATCH","UNIT_SCADA",1,"2024/02/02 05:50:00","YAMBUKWF","11.30",NA,NA,NA
"D","DISPATCH","UNIT_SCADA",1,"2024/02/02 05:50:00","YSWF1","18.200001",NA,NA,NA
"D","DISPATCH","UNIT_SCADA",1,"2024/02/02 05:55:00","BARCSF1","0",NA,NA,NA
"D","DISPATCH","UNIT_SCADA",1,"2024/02/02 05:55:00","BUTLERSG","9.099998",NA,NA,NA
"D","DISPATCH","UNIT_SCADA",1,"2024/02/02 05:55:00","BWTR1","14.690120",NA,NA,NA
"D","DISPATCH","UNIT_SCADA",1,"2024/02/02 05:55:00","CAPTL_WF","39.777950",NA,NA,NA
"D","DISPATCH","UNIT_SCADA",1,"2024/02/02 05:55:00","CHALLHWF","9.10",NA,NA,NA
"D","DISPATCH","UNIT_SCADA",1,"2024/02/02 05:55:00","CLOVER","-0.09",NA,NA,NA
"D","DISPATCH","UNIT_SCADA",1,"2024/02/02 05:55:00","CLUNY","8.272373",NA,NA,NA
"D","DISPATCH","UNIT_SCADA",1,"2024/02/02 05:55:00","CONDONG1","-0.86",NA,NA,NA
"D","DISPATCH","UNIT_SCADA",1,"2024/02/02 05:55:00","CULLRGWF","20.190001",NA,NA,NA
"D","DISPATCH","UNIT_SCADA",1,"2024/02/02 05:55:00","DIAPURWF1","0",NA,NA,NA
"D","DISPATCH","UNIT_SCADA",1,"2024/02/02 05:55:00","ERGT01","0",NA,NA,NA
"D","DISPATCH","UNIT_SCADA",1,"2024/02/02 05:55:00","GB01","0",NA,NA,NA
"D","DISPATCH","UNIT_SCADA",1,"2024/02/02 05:55:00","GERMCRK","9.88",NA,NA,NA
"D","DISPATCH","UNIT_SCADA",1,"2024/02/02 05:55:00","GRIFSF1","0.249776",NA,NA,NA
"D","DISPATCH","UNIT_SCADA",1,"2024/02/02 05:55:00","HUGSF1","-0.1480",NA,NA,NA
"D","DISPATCH","UNIT_SCADA",1,"2024/02/02 05:55:00","KEPBG1","0",NA,NA,NA
"D","DISPATCH","UNIT_SCADA",1,"2024/02/02 05:55:00","LRSF1","-0.03",NA,NA,NA
"D","DISPATCH","UNIT_SCADA",1,"2024/02/02 05:55:00","MBAHNTH","46.087494",NA,NA,NA
"D","DISPATCH","UNIT_SCADA",1,"2024/02/02 05:55:00","MLSP1","0.1810",NA,NA,NA
"D","DISPATCH","UNIT_SCADA",1,"2024/02/02 05:55:00","MLWF1","3.84",NA,NA,NA
"D","DISPATCH","UNIT_SCADA",1,"2024/02/02 05:55:00","PALOONA","0",NA,NA,NA
"D","DISPATCH","UNIT_SCADA",1,"2024/02/02 05:55:00","PIONEER","-0.60",NA,NA,NA
"D","DISPATCH","UNIT_SCADA",1,"2024/02/02 05:55:00","PORTWF","29.799999",NA,NA,NA
"D","DISPATCH","UNIT_SCADA",1,"2024/02/02 05:55:00","REPULSE","13.029373",NA,NA,NA
"D","DISPATCH","UNIT_SCADA",1,"2024/02/02 05:55:00","ROWALLAN","0",NA,NA,NA
"D","DISPATCH","UNIT_SCADA",1,"2024/02/02 05:55:00","ROYALLA1","0.2370",NA,NA,NA
"D","DISPATCH","UNIT_SCADA",1,"2024/02/02 05:55:00","RPCG","11.30",NA,NA,NA
"D","DISPATCH","UNIT_SCADA",1,"2024/02/02 05:55:00","RUBICON","0.81",NA,NA,NA
"D","DISPATCH","UNIT_SCADA",1,"2024/02/02 05:55:00","SHOAL1","20",NA,NA,NA
"D","DISPATCH","UNIT_SCADA",1,"2024/02/02 05:55:00","WAUBRAWF","142.949005",NA,NA,NA
"D","DISPATCH","UNIT_SCADA",1,"2024/02/02 05:55:00","WOOLNTH1","127.440002",NA,NA,NA
"D","DISPATCH","UNIT_SCADA",1,"2024/02/02 05:55:00","YAMBUKWF","10.10",NA,NA,NA
"D","DISPATCH","UNIT_SCADA",1,"2024/02/02 05:55:00","YSWF1","16.299999",NA,NA,NA
"D","DISPATCH","UNIT_SCADA",1,"2024/02/02 06:00:00","BARCSF1","0",NA,NA,NA
"D","DISPATCH","UNIT_SCADA",1,"2024/02/02 06:00:00","BUTLERSG","9.099998",NA,NA,NA
"D","DISPATCH","UNIT_SCADA",1,"2024/02/02 06:00:00","BWTR1","14.690120",NA,NA,NA
"D","DISPATCH","UNIT_SCADA",1,"2024/02/02 06:00:00","CAPTL_WF","37.746670",NA,NA,NA
"D","DISPATCH","UNIT_SCADA",1,"2024/02/02 06:00:00","CHALLHWF","9.799999",NA,NA,NA
"D","DISPATCH","UNIT_SCADA",1,"2024/02/02 06:00:00","CLOVER","-0.10",NA,NA,NA
"D","DISPATCH","UNIT_SCADA",1,"2024/02/02 06:00:00","CLUNY","8.267796",NA,NA,NA
"D","DISPATCH","UNIT_SCADA",1,"2024/02/02 06:00:00","CONDONG1","-0.85",NA,NA,NA
"D","DISPATCH","UNIT_SCADA",1,"2024/02/02 06:00:00","CULLRGWF","20.110001",NA,NA,NA
"D","DISPATCH","UNIT_SCADA",1,"2024/02/02 06:00:00","DIAPURWF1","0",NA,NA,NA
"D","DISPATCH","UNIT_SCADA",1,"2024/02/02 06:00:00","ERGT01","0",NA,NA,NA
"D","DISPATCH","UNIT_SCADA",1,"2024/02/02 06:00:00","GB01","0",NA,NA,NA
"D","DISPATCH","UNIT_SCADA",1,"2024/02/02 06:00:00","GERMCRK","10.0170",NA,NA,NA
"D","DISPATCH","UNIT_SCADA",1,"2024/02/02 06:00:00","GRIFSF1","0.668268",NA,NA,NA
"D","DISPATCH","UNIT_SCADA",1,"2024/02/02 06:00:00","HUGSF1","-0.1480",NA,NA,NA
"D","DISPATCH","UNIT_SCADA",1,"2024/02/02 06:00:00","KEPBG1","0",NA,NA,NA
"D","DISPATCH","UNIT_SCADA",1,"2024/02/02 06:00:00","LRSF1","-0.03",NA,NA,NA
"D","DISPATCH","UNIT_SCADA",1,"2024/02/02 06:00:00","MBAHNTH","46.762497",NA,NA,NA
"D","DISPATCH","UNIT_SCADA",1,"2024/02/02 06:00:00","MLSP1","0.2310",NA,NA,NA
"D","DISPATCH","UNIT_SCADA",1,"2024/02/02 06:00:00","MLWF1","2.9250",NA,NA,NA
"D","DISPATCH","UNIT_SCADA",1,"2024/02/02 06:00:00","PALOONA","0",NA,NA,NA
"D","DISPATCH","UNIT_SCADA",1,"2024/02/02 06:00:00","PIONEER","-0.60",NA,NA,NA
"D","DISPATCH","UNIT_SCADA",1,"2024/02/02 06:00:00","PORTWF","27.90",NA,NA,NA
"D","DISPATCH","UNIT_SCADA",1,"2024/02/02 06:00:00","REPULSE","12.908523",NA,NA,NA
"D","DISPATCH","UNIT_SCADA",1,"2024/02/02 06:00:00","ROWALLAN","0",NA,NA,NA
"D","DISPATCH","UNIT_SCADA",1,"2024/02/02 06:00:00","ROYALLA1","0.30",NA,NA,NA
"D","DISPATCH","UNIT_SCADA",1,"2024/02/02 06:00:00","RPCG","11.30",NA,NA,NA
"D","DISPATCH","UNIT_SCADA",1,"2024/02/02 06:00:00","RUBICON","0.81",NA,NA,NA
"D","DISPATCH","UNIT_SCADA",1,"2024/02/02 06:00:00","SHOAL1","20",NA,NA,NA
"D","DISPATCH","UNIT_SCADA",1,"2024/02/02 06:00:00","WAUBRAWF","150.048004",NA,NA,NA
"D","DISPATCH","UNIT_SCADA",1,"2024/02/02 06:00:00","WOOLNTH1","127.739990",NA,NA,NA
"D","DISPATCH","UNIT_SCADA",1,"2024/02/02 06:00:00","YAMBUKWF","8.80",NA,NA,NA
"D","DISPATCH","UNIT_SCADA",1,"2024/02/02 06:00:00","YSWF1","17.700001",NA,NA,NA
"D","DISPATCH","UNIT_SCADA",1,"2024/02/02 06:05:00","BARCSF1","0",NA,NA,NA
"D","DISPATCH","UNIT_SCADA",1,"2024/02/02 06:05:00","BUTLERSG","9.099998",NA,NA,NA
"D","DISPATCH","UNIT_SCADA",1,"2024/02/02 06:05:00","BWTR1","14.690120",NA,NA,NA
"D","DISPATCH","UNIT_SCADA",1,"2024/02/02 06:05:00","CAPTL_WF","38.535744",NA,NA,NA
"D","DISPATCH","UNIT_SCADA",1,"2024/02/02 06:05:00","CHALLHWF","10.70",NA,NA,NA
"D","DISPATCH","UNIT_SCADA",1,"2024/02/02 06:05:00","CLOVER","-0.10",NA,NA,NA
"D","DISPATCH","UNIT_SCADA",1,"2024/02/02 06:05:00","CLUNY","8.148775",NA,NA,NA
"D","DISPATCH","UNIT_SCADA",1,"2024/02/02 06:05:00","CONDONG1","-0.86",NA,NA,NA
"D","DISPATCH","UNIT_SCADA",1,"2024/02/02 06:05:00","CULLRGWF","20.10",NA,NA,NA
"D","DISPATCH","UNIT_SCADA",1,"2024/02/02 06:05:00","DIAPURWF1","0",NA,NA,NA
"D","DISPATCH","UNIT_SCADA",1,"2024/02/02 06:05:00","ERGT01","0",NA,NA,NA
"D","DISPATCH","UNIT_SCADA",1,"2024/02/02 06:05:00","GB01","0",NA,NA,NA
"D","DISPATCH","UNIT_SCADA",1,"2024/02/02 06:05:00","GERMCRK","10.4080",NA,NA,NA
"D","DISPATCH","UNIT_SCADA",1,"2024/02/02 06:05:00","GRIFSF1","1.286580",NA,NA,NA
"D","DISPATCH","UNIT_SCADA",1,"2024/02/02 06:05:00","HUGSF1","-0.1480",NA,NA,NA
"D","DISPATCH","UNIT_SCADA",1,"2024/02/02 06:05:00","KEPBG1","0",NA,NA,NA
"D","DISPATCH","UNIT_SCADA",1,"2024/02/02 06:05:00","LRSF1","-0.03",NA,NA,NA
"D","DISPATCH","UNIT_SCADA",1,"2024/02/02 06:05:00","MBAHNTH","46.537506",NA,NA,NA
"D","DISPATCH","UNIT_SCADA",1,"2024/02/02 06:05:00","MLSP1","0.2820",NA,NA,NA
"D","DISPATCH","UNIT_SCADA",1,"2024/02/02 06:05:00","MLWF1","2.52",NA,NA,NA
"D","DISPATCH","UNIT_SCADA",1,"2024/02/02 06:05:00","PALOONA","0",NA,NA,NA
"D","DISPATCH","UNIT_SCADA",1,"2024/02/02 06:05:00","PIONEER","-0.60",NA,NA,NA
"D","DISPATCH","UNIT_SCADA",1,"2024/02/02 06:05:00","PORTWF","28.10",NA,NA,NA
"D","DISPATCH","UNIT_SCADA",1,"2024/02/02 06:05:00","REPULSE","13.055009",NA,NA,NA
"D","DISPATCH","UNIT_SCADA",1,"2024/02/02 06:05:00","ROWALLAN","0",NA,NA,NA
"D","DISPATCH","UNIT_SCADA",1,"2024/02/02 06:05:00","ROYALLA1","0.3490",NA,NA,NA
"D","DISPATCH","UNIT_SCADA",1,"2024/02/02 06:05:00","RPCG","12.40",NA,NA,NA
"D","DISPATCH","UNIT_SCADA",1,"2024/02/02 06:05:00","RUBICON","0.72",NA,NA,NA
"D","DISPATCH","UNIT_SCADA",1,"2024/02/02 06:05:00","SHOAL1","20",NA,NA,NA
"D","DISPATCH","UNIT_SCADA",1,"2024/02/02 06:05:00","WAUBRAWF","152.953003",NA,NA,NA
"D","DISPATCH","UNIT_SCADA",1,"2024/02/02 06:05:00","WOOLNTH1","127.220001",NA,NA,NA
"D","DISPATCH","UNIT_SCADA",1,"2024/02/02 06:05:00","YAMBUKWF","9.60",NA,NA,NA
"D","DISPATCH","UNIT_SCADA",1,"2024/02/02 06:05:00","YSWF1","15.40",NA,NA,NA
"D","DISPATCH","UNIT_SCADA",1,"2024/02/02 06:10:00","BARCSF1","0",NA,NA,NA
"D","DISPATCH","UNIT_SCADA",1,"2024/02/02 06:10:00","BUTLERSG","8.999998",NA,NA,NA
"D","DISPATCH","UNIT_SCADA",1,"2024/02/02 06:10:00","BWTR1","14.690120",NA,NA,NA
"D","DISPATCH","UNIT_SCADA",1,"2024/02/02 06:10:00","CAPTL_WF","33.816921",NA,NA,NA
"D","DISPATCH","UNIT_SCADA",1,"2024/02/02 06:10:00","CHALLHWF","9.70",NA,NA,NA
"D","DISPATCH","UNIT_SCADA",1,"2024/02/02 06:10:00","CLOVER","-0.09",NA,NA,NA
"D","DISPATCH","UNIT_SCADA",1,"2024/02/02 06:10:00","CLUNY","8.200961",NA,NA,NA
"D","DISPATCH","UNIT_SCADA",1,"2024/02/02 06:10:00","CONDONG1","-0.87",NA,NA,NA
"D","DISPATCH","UNIT_SCADA",1,"2024/02/02 06:10:00","CULLRGWF","19.68",NA,NA,NA
"D","DISPATCH","UNIT_SCADA",1,"2024/02/02 06:10:00","DIAPURWF1","0",NA,NA,NA
"D","DISPATCH","UNIT_SCADA",1,"2024/02/02 06:10:00","ERGT01","0",NA,NA,NA
"D","DISPATCH","UNIT_SCADA",1,"2024/02/02 06:10:00","GB01","0",NA,NA,NA
"D","DISPATCH","UNIT_SCADA",1,"2024/02/02 06:10:00","GERMCRK","10.17",NA,NA,NA
"D","DISPATCH","UNIT_SCADA",1,"2024/02/02 06:10:00","GRIFSF1","2.223475",NA,NA,NA
"D","DISPATCH","UNIT_SCADA",1,"2024/02/02 06:10:00","HUGSF1","-0.1480",NA,NA,NA
"D","DISPATCH","UNIT_SCADA",1,"2024/02/02 06:10:00","KEPBG1","0",NA,NA,NA
"D","DISPATCH","UNIT_SCADA",1,"2024/02/02 06:10:00","LRSF1","0.0710",NA,NA,NA
"D","DISPATCH","UNIT_SCADA",1,"2024/02/02 06:10:00","MBAHNTH","43.612503",NA,NA,NA
"D","DISPATCH","UNIT_SCADA",1,"2024/02/02 06:10:00","MLSP1","0.3320",NA,NA,NA
"D","DISPATCH","UNIT_SCADA",1,"2024/02/02 06:10:00","MLWF1","2.52",NA,NA,NA
"D","DISPATCH","UNIT_SCADA",1,"2024/02/02 06:10:00","PALOONA","0",NA,NA,NA
"D","DISPATCH","UNIT_SCADA",1,"2024/02/02 06:10:00","PIONEER","-0.60",NA,NA,NA
"D","DISPATCH","UNIT_SCADA",1,"2024/02/02 06:10:00","PORTWF","24.90",NA,NA,NA
"D","DISPATCH","UNIT_SCADA",1,"2024/02/02 06:10:00","REPULSE","13.124590",NA,NA,NA
"D","DISPATCH","UNIT_SCADA",1,"2024/02/02 06:10:00","ROWALLAN","0",NA,NA,NA
"D","DISPATCH","UNIT_SCADA",1,"2024/02/02 06:10:00","ROYALLA1","0.4080",NA,NA,NA
"D","DISPATCH","UNIT_SCADA",1,"2024/02/01 00:40:00","BARCSF1","0.10",NA,NA,NA
"D","DISPATCH","UNIT_SCADA",1,"2024/02/01 00:40:00","BUTLERSG","9.099998",NA,NA,NA
"D","DISPATCH","UNIT_SCADA",1,"2024/02/01 00:40:00","BWTR1","14.404320",NA,NA,NA
"D","DISPATCH","UNIT_SCADA",1,"2024/02/01 00:40:00","CAPTL_WF","8.783338",NA,NA,NA
"D","DISPATCH","UNIT_SCADA",1,"2024/02/01 00:40:00","CHALLHWF","9.90",NA,NA,NA
"D","DISPATCH","UNIT_SCADA",1,"2024/02/01 00:40:00","CLOVER","-0.01",NA,NA,NA
"D","DISPATCH","UNIT_SCADA",1,"2024/02/01 00:40:00","CLUNY","5.176929",NA,NA,NA
"D","DISPATCH","UNIT_SCADA",1,"2024/02/01 00:40:00","CONDONG1","-0.85",NA,NA,NA
"D","DISPATCH","UNIT_SCADA",1,"2024/02/01 00:40:00","CULLRGWF","9.90",NA,NA,NA
"D","DISPATCH","UNIT_SCADA",1,"2024/02/01 00:40:00","DIAPURWF1","0",NA,NA,NA
"D","DISPATCH","UNIT_SCADA",1,"2024/02/01 00:40:00","ERGT01","0",NA,NA,NA
"D","DISPATCH","UNIT_SCADA",1,"2024/02/01 00:40:00","GB01","0",NA,NA,NA
"D","DISPATCH","UNIT_SCADA",1,"2024/02/01 00:40:00","GERMCRK","15.3540",NA,NA,NA
"D","DISPATCH","UNIT_SCADA",1,"2024/02/01 00:40:00","GRIFSF1","0",NA,NA,NA
"D","DISPATCH","UNIT_SCADA",1,"2024/02/01 00:40:00","HUGSF1","-0.0490",NA,NA,NA
"D","DISPATCH","UNIT_SCADA",1,"2024/02/01 00:40:00","KEPBG1","0",NA,NA,NA
"D","DISPATCH","UNIT_SCADA",1,"2024/02/01 00:40:00","LRSF1","0.0480",NA,NA,NA
"D","DISPATCH","UNIT_SCADA",1,"2024/02/01 00:40:00","MBAHNTH","44.662506",NA,NA,NA
"D","DISPATCH","UNIT_SCADA",1,"2024/02/01 00:40:00","MLSP1","0.0140",NA,NA,NA
"D","DISPATCH","UNIT_SCADA",1,"2024/02/01 00:40:00","MLWF1","1.1550",NA,NA,NA
"D","DISPATCH","UNIT_SCADA",1,"2024/02/01 00:40:00","PALOONA","0",NA,NA,NA
"D","DISPATCH","UNIT_SCADA",1,"2024/02/01 00:40:00","PIONEER","-0.40",NA,NA,NA
"D","DISPATCH","UNIT_SCADA",1,"2024/02/01 00:40:00","PORTWF","11.70",NA,NA,NA
"D","DISPATCH","UNIT_SCADA",1,"2024/02/01 00:40:00","REPULSE","9.409934",NA,NA,NA
"D","DISPATCH","UNIT_SCADA",1,"2024/02/01 00:40:00","ROWALLAN","0",NA,NA,NA
"D","DISPATCH","UNIT_SCADA",1,"2024/02/01 00:40:00","ROYALLA1","0",NA,NA,NA
"D","DISPATCH","UNIT_SCADA",1,"2024/02/01 00:40:00","RPCG","-0.20",NA,NA,NA
"D","DISPATCH","UNIT_SCADA",1,"2024/02/01 00:40:00","RUBICON","0.72",NA,NA,NA
"D","DISPATCH","UNIT_SCADA",1,"2024/02/01 00:40:00","SHOAL1","11.95",NA,NA,NA
"D","DISPATCH","UNIT_SCADA",1,"2024/02/01 00:40:00","WAUBRAWF","90.322998",NA,NA,NA
"D","DISPATCH","UNIT_SCADA",1,"2024/02/01 00:40:00","WOOLNTH1","87.029999",NA,NA,NA
"D","DISPATCH","UNIT_SCADA",1,"2024/02/01 00:40:00","YAMBUKWF","1.40",NA,NA,NA
"D","DISPATCH","UNIT_SCADA",1,"2024/02/01 00:40:00","YSWF1","6.30",NA,NA,NA
"D","DISPATCH","UNIT_SCADA",1,"2024/02/01 00:45:00","BARCSF1","0.10",NA,NA,NA
"D","DISPATCH","UNIT_SCADA",1,"2024/02/01 00:45:00","BUTLERSG","9.099998",NA,NA,NA
"D","DISPATCH","UNIT_SCADA",1,"2024/02/01 00:45:00","BWTR1","14.404320",NA,NA,NA
"D","DISPATCH","UNIT_SCADA",1,"2024/02/01 00:45:00","CAPTL_WF","8.3888",NA,NA,NA
"D","DISPATCH","UNIT_SCADA",1,"2024/02/01 00:45:00","CHALLHWF","10",NA,NA,NA
"D","DISPATCH","UNIT_SCADA",1,"2024/02/01 00:45:00","CLOVER","-0.01",NA,NA,NA
"D","DISPATCH","UNIT_SCADA",1,"2024/02/01 00:45:00","CLUNY","5.162280",NA,NA,NA
"D","DISPATCH","UNIT_SCADA",1,"2024/02/01 00:45:00","CONDONG1","-0.88",NA,NA,NA
"D","DISPATCH","UNIT_SCADA",1,"2024/02/01 00:45:00","CULLRGWF","11.29",NA,NA,NA
"D","DISPATCH","UNIT_SCADA",1,"2024/02/01 00:45:00","DIAPURWF1","0",NA,NA,NA
"D","DISPATCH","UNIT_SCADA",1,"2024/02/01 00:45:00","ERGT01","0",NA,NA,NA
"D","DISPATCH","UNIT_SCADA",1,"2024/02/01 00:45:00","GB01","0",NA,NA,NA
"D","DISPATCH","UNIT_SCADA",1,"2024/02/01 00:45:00","GERMCRK","15.2570",NA,NA,NA
"D","DISPATCH","UNIT_SCADA",1,"2024/02/01 00:45:00","GRIFSF1","0",NA,NA,NA
"D","DISPATCH","UNIT_SCADA",1,"2024/02/01 00:45:00","HUGSF1","-0.0490",NA,NA,NA
"D","DISPATCH","UNIT_SCADA",1,"2024/02/01 00:45:00","KEPBG1","0",NA,NA,NA
"D","DISPATCH","UNIT_SCADA",1,"2024/02/01 00:45:00","LRSF1","0.0480",NA,NA,NA
"D","DISPATCH","UNIT_SCADA",1,"2024/02/01 00:45:00","MBAHNTH","45.243744",NA,NA,NA
"D","DISPATCH","UNIT_SCADA",1,"2024/02/01 00:45:00","MLSP1","0.0140",NA,NA,NA
"D","DISPATCH","UNIT_SCADA",1,"2024/02/01 00:45:00","MLWF1","0.9750",NA,NA,NA
"D","DISPATCH","UNIT_SCADA",1,"2024/02/01 00:45:00","PALOONA","0",NA,NA,NA
"D","DISPATCH","UNIT_SCADA",1,"2024/02/01 00:45:00","PIONEER","-0.40",NA,NA,NA
"D","DISPATCH","UNIT_SCADA",1,"2024/02/01 00:45:00","PORTWF","13.20",NA,NA,NA
"D","DISPATCH","UNIT_SCADA",1,"2024/02/01 00:45:00","REPULSE","9.175555",NA,NA,NA
"D","DISPATCH","UNIT_SCADA",1,"2024/02/01 00:45:00","ROWALLAN","0",NA,NA,NA
"D","DISPATCH","UNIT_SCADA",1,"2024/02/01 00:45:00","ROYALLA1","0",NA,NA,NA
"D","DISPATCH","UNIT_SCADA",1,"2024/02/01 00:45:00","RPCG","-0.20",NA,NA,NA
"D","DISPATCH","UNIT_SCADA",1,"2024/02/01 00:45:00","RUBICON","0.72",NA,NA,NA
"D","DISPATCH","UNIT_SCADA",1,"2024/02/01 00:45:00","SHOAL1","11.95",NA,NA,NA
"D","DISPATCH","UNIT_SCADA",1,"2024/02/01 00:45:00","WAUBRAWF","84.786003",NA,NA,NA
"D","DISPATCH","UNIT_SCADA",1,"2024/02/01 00:45:00","WOOLNTH1","90.110001",NA,NA,NA
"D","DISPATCH","UNIT_SCADA",1,"2024/02/01 00:45:00","YAMBUKWF","1.20",NA,NA,NA
"D","DISPATCH","UNIT_SCADA",1,"2024/02/01 00:45:00","YSWF1","5.20",NA,NA,NA
"D","DISPATCH","UNIT_SCADA",1,"2024/02/01 00:50:00","BARCSF1","0.10",NA,NA,NA
"D","DISPATCH","UNIT_SCADA",1,"2024/02/01 00:50:00","BUTLERSG","9.099998",NA,NA,NA
"D","DISPATCH","UNIT_SCADA",1,"2024/02/01 00:50:00","BWTR1","14.404320",NA,NA,NA
"D","DISPATCH","UNIT_SCADA",1,"2024/02/01 00:50:00","CAPTL_WF","7.275502",NA,NA,NA
"D","DISPATCH","UNIT_SCADA",1,"2024/02/01 00:50:00","CHALLHWF","9.70",NA,NA,NA
"D","DISPATCH","UNIT_SCADA",1,"2024/02/01 00:50:00","CLOVER","-0.01",NA,NA,NA
"D","DISPATCH","UNIT_SCADA",1,"2024/02/01 00:50:00","CLUNY","5.200732",NA,NA,NA
"D","DISPATCH","UNIT_SCADA",1,"2024/02/01 00:50:00","CONDONG1","-0.96",NA,NA,NA
"D","DISPATCH","UNIT_SCADA",1,"2024/02/01 00:50:00","CULLRGWF","11.41",NA,NA,NA
"D","DISPATCH","UNIT_SCADA",1,"2024/02/01 00:50:00","DIAPURWF1","0",NA,NA,NA
"D","DISPATCH","UNIT_SCADA",1,"2024/02/01 00:50:00","ERGT01","0",NA,NA,NA
"D","DISPATCH","UNIT_SCADA",1,"2024/02/01 00:50:00","GB01","0",NA,NA,NA
"D","DISPATCH","UNIT_SCADA",1,"2024/02/01 00:50:00","GERMCRK","15.3930",NA,NA,NA
"D","DISPATCH","UNIT_SCADA",1,"2024/02/01 00:50:00","GRIFSF1","0",NA,NA,NA
"D","DISPATCH","UNIT_SCADA",1,"2024/02/01 00:50:00","HUGSF1","-0.0490",NA,NA,NA
"D","DISPATCH","UNIT_SCADA",1,"2024/02/01 00:50:00","KEPBG1","0",NA,NA,NA
"D","DISPATCH","UNIT_SCADA",1,"2024/02/01 00:50:00","LRSF1","0.0480",NA,NA,NA
"D","DISPATCH","UNIT_SCADA",1,"2024/02/01 00:50:00","MBAHNTH","44.849991",NA,NA,NA
"D","DISPATCH","UNIT_SCADA",1,"2024/02/01 00:50:00","MLSP1","0.0140",NA,NA,NA
"D","DISPATCH","UNIT_SCADA",1,"2024/02/01 00:50:00","MLWF1","1.05",NA,NA,NA
"D","DISPATCH","UNIT_SCADA",1,"2024/02/01 00:50:00","PALOONA","0",NA,NA,NA
"D","DISPATCH","UNIT_SCADA",1,"2024/02/01 00:50:00","PIONEER","-0.40",NA,NA,NA
"D","DISPATCH","UNIT_SCADA",1,"2024/02/01 00:50:00","PORTWF","14.10",NA,NA,NA
"D","DISPATCH","UNIT_SCADA",1,"2024/02/01 00:50:00","REPULSE","9.282979",NA,NA,NA
"D","DISPATCH","UNIT_SCADA",1,"2024/02/01 00:50:00","ROWALLAN","0",NA,NA,NA
"D","DISPATCH","UNIT_SCADA",1,"2024/02/01 00:50:00","ROYALLA1","0",NA,NA,NA
"D","DISPATCH","UNIT_SCADA",1,"2024/02/01 00:50:00","RPCG","-0.20",NA,NA,NA
"D","DISPATCH","UNIT_SCADA",1,"2024/02/01 00:50:00","RUBICON","0.72",NA,NA,NA
"D","DISPATCH","UNIT_SCADA",1,"2024/02/01 00:50:00","SHOAL1","11.95",NA,NA,NA
"D","DISPATCH","UNIT_SCADA",1,"2024/02/01 00:50:00","WAUBRAWF","87.293999",NA,NA,NA
"D","DISPATCH","UNIT_SCADA",1,"2024/02/01 00:50:00","WOOLNTH1","89.419998",NA,NA,NA
"D","DISPATCH","UNIT_SCADA",1,"2024/02/01 00:50:00","YAMBUKWF","1.40",NA,NA,NA
"D","DISPATCH","UNIT_SCADA",1,"2024/02/01 00:50:00","YSWF1","6.20",NA,NA,NA
"D","DISPATCH","UNIT_SCADA",1,"2024/02/01 00:55:00","BARCSF1","0.10",NA,NA,NA
"D","DISPATCH","UNIT_SCADA",1,"2024/02/01 00:55:00","BUTLERSG","9.099998",NA,NA,NA
"D","DISPATCH","UNIT_SCADA",1,"2024/02/01 00:55:00","BWTR1","14.404320",NA,NA,NA
"D","DISPATCH","UNIT_SCADA",1,"2024/02/01 00:55:00","CAPTL_WF","6.423926",NA,NA,NA
"D","DISPATCH","UNIT_SCADA",1,"2024/02/01 00:55:00","CHALLHWF","10.40",NA,NA,NA
"D","DISPATCH","UNIT_SCADA",1,"2024/02/01 00:55:00","CLOVER","-0.01",NA,NA,NA
"D","DISPATCH","UNIT_SCADA",1,"2024/02/01 00:55:00","CLUNY","5.196155",NA,NA,NA
"D","DISPATCH","UNIT_SCADA",1,"2024/02/01 00:55:00","CONDONG1","-0.97",NA,NA,NA
"D","DISPATCH","UNIT_SCADA",1,"2024/02/01 00:55:00","CULLRGWF","11.47",NA,NA,NA
"D","DISPATCH","UNIT_SCADA",1,"2024/02/01 00:55:00","DIAPURWF1","0",NA,NA,NA
"D","DISPATCH","UNIT_SCADA",1,"2024/02/01 00:55:00","ERGT01","0",NA,NA,NA
"D","DISPATCH","UNIT_SCADA",1,"2024/02/01 00:55:00","GB01","0",NA,NA,NA
"D","DISPATCH","UNIT_SCADA",1,"2024/02/01 00:55:00","GERMCRK","15.2840",NA,NA,NA
"D","DISPATCH","UNIT_SCADA",1,"2024/02/01 00:55:00","GRIFSF1","0",NA,NA,NA
"D","DISPATCH","UNIT_SCADA",1,"2024/02/01 00:55:00","HUGSF1","-0.0490",NA,NA,NA
"D","DISPATCH","UNIT_SCADA",1,"2024/02/01 00:55:00","KEPBG1","0",NA,NA,NA
"D","DISPATCH","UNIT_SCADA",1,"2024/02/01 00:55:00","LRSF1","0.0480",NA,NA,NA
"D","DISPATCH","UNIT_SCADA",1,"2024/02/01 00:55:00","MBAHNTH","44.775009",NA,NA,NA
"D","DISPATCH","UNIT_SCADA",1,"2024/02/01 00:55:00","MLSP1","0.0140",NA,NA,NA
"D","DISPATCH","UNIT_SCADA",1,"2024/02/01 00:55:00","MLWF1","0.84",NA,NA,NA
"D","DISPATCH","UNIT_SCADA",1,"2024/02/01 00:55:00","PALOONA","0",NA,NA,NA
"D","DISPATCH","UNIT_SCADA",1,"2024/02/01 00:55:00","PIONEER","-0.40",NA,NA,NA
"D","DISPATCH","UNIT_SCADA",1,"2024/02/01 00:55:00","PORTWF","13.20",NA,NA,NA
"D","DISPATCH","UNIT_SCADA",1,"2024/02/01 00:55:00","REPULSE","9.403830",NA,NA,NA
"D","DISPATCH","UNIT_SCADA",1,"2024/02/01 00:55:00","ROWALLAN","0",NA,NA,NA
"D","DISPATCH","UNIT_SCADA",1,"2024/02/01 00:55:00","ROYALLA1","0",NA,NA,NA
"D","DISPATCH","UNIT_SCADA",1,"2024/02/01 00:55:00","RPCG","-0.20",NA,NA,NA
"D","DISPATCH","UNIT_SCADA",1,"2024/02/01 00:55:00","RUBICON","0.72",NA,NA,NA
"D","DISPATCH","UNIT_SCADA",1,"2024/02/01 00:55:00","SHOAL1","11.95",NA,NA,NA
"D","DISPATCH","UNIT_SCADA",1,"2024/02/01 00:55:00","WAUBRAWF","83.322998",NA,NA,NA
"D","DISPATCH","UNIT_SCADA",1,"2024/02/01 00:55:00","WOOLNTH1","90.949997",NA,NA,NA
"D","DISPATCH","UNIT_SCADA",1,"2024/02/01 00:55:00","YAMBUKWF","1.10",NA,NA,NA
"D","DISPATCH","UNIT_SCADA",1,"2024/02/01 00:55:00","YSWF1","7.20",NA,NA,NA
"D","DISPATCH","UNIT_SCADA",1,"2024/02/01 01:00:00","BARCSF1","0.10",NA,NA,NA
"D","DISPATCH","UNIT_SCADA",1,"2024/02/01 01:00:00","BUTLERSG","8.999998",NA,NA,NA
"D","DISPATCH","UNIT_SCADA",1,"2024/02/01 01:00:00","BWTR1","14.404320",NA,NA,NA
"D","DISPATCH","UNIT_SCADA",1,"2024/02/01 01:00:00","CAPTL_WF","7.076280",NA,NA,NA
"D","DISPATCH","UNIT_SCADA",1,"2024/02/01 01:00:00","CHALLHWF","8.30",NA,NA,NA
"D","DISPATCH","UNIT_SCADA",1,"2024/02/01 01:00:00","CLOVER","-0.02",NA,NA,NA
"D","DISPATCH","UNIT_SCADA",1,"2024/02/01 01:00:00","CLUNY","5.224536",NA,NA,NA
"D","DISPATCH","UNIT_SCADA",1,"2024/02/01 01:00:00","CONDONG1","-0.95",NA,NA,NA
"D","DISPATCH","UNIT_SCADA",1,"2024/02/01 01:00:00","CULLRGWF","10.47",NA,NA,NA
"D","DISPATCH","UNIT_SCADA",1,"2024/02/01 01:00:00","DIAPURWF1","0",NA,NA,NA
"D","DISPATCH","UNIT_SCADA",1,"2024/02/01 01:00:00","ERGT01","0",NA,NA,NA
"D","DISPATCH","UNIT_SCADA",1,"2024/02/01 01:00:00","GB01","0",NA,NA,NA
"D","DISPATCH","UNIT_SCADA",1,"2024/02/01 01:00:00","GERMCRK","15.3890",NA,NA,NA
"D","DISPATCH","UNIT_SCADA",1,"2024/02/01 01:00:00","GRIFSF1","0",NA,NA,NA
"D","DISPATCH","UNIT_SCADA",1,"2024/02/01 01:00:00","HUGSF1","-0.0490",NA,NA,NA
"D","DISPATCH","UNIT_SCADA",1,"2024/02/01 01:00:00","KEPBG1","0",NA,NA,NA
"D","DISPATCH","UNIT_SCADA",1,"2024/02/01 01:00:00","LRSF1","0.0480",NA,NA,NA
"D","DISPATCH","UNIT_SCADA",1,"2024/02/01 01:00:00","MBAHNTH","44.943756",NA,NA,NA
"D","DISPATCH","UNIT_SCADA",1,"2024/02/01 01:00:00","MLSP1","0.0140",NA,NA,NA
"D","DISPATCH","UNIT_SCADA",1,"2024/02/01 01:00:00","MLWF1","0.84",NA,NA,NA
"D","DISPATCH","UNIT_SCADA",1,"2024/02/01 01:00:00","PALOONA","0",NA,NA,NA
"D","DISPATCH","UNIT_SCADA",1,"2024/02/01 01:00:00","PIONEER","-0.40",NA,NA,NA
"D","DISPATCH","UNIT_SCADA",1,"2024/02/01 01:00:00","PORTWF","12",NA,NA,NA
"D","DISPATCH","UNIT_SCADA",1,"2024/02/01 01:00:00","REPULSE","9.143816",NA,NA,NA
"D","DISPATCH","UNIT_SCADA",1,"2024/02/01 01:00:00","ROWALLAN","0",NA,NA,NA
"D","DISPATCH","UNIT_SCADA",1,"2024/02/01 01:00:00","ROYALLA1","0",NA,NA,NA
"D","DISPATCH","UNIT_SCADA",1,"2024/02/01 01:00:00","RPCG","-0.20",NA,NA,NA
"D","DISPATCH","UNIT_SCADA",1,"2024/02/01 01:00:00","RUBICON","0.72",NA,NA,NA
"D","DISPATCH","UNIT_SCADA",1,"2024/02/01 01:00:00","SHOAL1","11.95",NA,NA,NA
"D","DISPATCH","UNIT_SCADA",1,"2024/02/01 01:00:00","WAUBRAWF","84.3750",NA,NA,NA
"D","DISPATCH","UNIT_SCADA",1,"2024/02/01 01:00:00","WOOLNTH1","95.270004",NA,NA,NA
"D","DISPATCH","UNIT_SCADA",1,"2024/02/01 01:00:00","YAMBUKWF","1.10",NA,NA,NA
"D","DISPATCH","UNIT_SCADA",1,"2024/02/01 01:00:00","YSWF1","7",NA,NA,NA
"D","DISPATCH","UNIT_SCADA",1,"2024/02/01 01:10:00","BARCSF1","0.10",NA,NA,NA
"D","DISPATCH","UNIT_SCADA",1,"2024/02/01 01:10:00","BUTLERSG","9.099998",NA,NA,NA
"D","DISPATCH","UNIT_SCADA",1,"2024/02/01 01:10:00","BWTR1","14.175680",NA,NA,NA
"D","DISPATCH","UNIT_SCADA",1,"2024/02/01 01:10:00","CAPTL_WF","7.470817",NA,NA,NA
"D","DISPATCH","UNIT_SCADA",1,"2024/02/01 01:10:00","CHALLHWF","4.50",NA,NA,NA
"D","DISPATCH","UNIT_SCADA",1,"2024/02/01 01:10:00","CLOVER","-0.01",NA,NA,NA
"D","DISPATCH","UNIT_SCADA",1,"2024/02/01 01:10:00","CLUNY","5.124743",NA,NA,NA
"D","DISPATCH","UNIT_SCADA",1,"2024/02/01 01:10:00","CONDONG1","-0.92",NA,NA,NA
"D","DISPATCH","UNIT_SCADA",1,"2024/02/01 01:10:00","CULLRGWF","11.48",NA,NA,NA
"D","DISPATCH","UNIT_SCADA",1,"2024/02/01 01:10:00","DIAPURWF1","0",NA,NA,NA
"D","DISPATCH","UNIT_SCADA",1,"2024/02/01 01:10:00","ERGT01","0",NA,NA,NA
"D","DISPATCH","UNIT_SCADA",1,"2024/02/01 01:10:00","GB01","0",NA,NA,NA
"D","DISPATCH","UNIT_SCADA",1,"2024/02/01 01:10:00","GRIFSF1","0",NA,NA,NA
"D","DISPATCH","UNIT_SCADA",1,"2024/02/01 01:10:00","HUGSF1","-0.0490",NA,NA,NA
"D","DISPATCH","UNIT_SCADA",1,"2024/02/01 01:10:00","KEPBG1","0",NA,NA,NA
"D","DISPATCH","UNIT_SCADA",1,"2024/02/01 01:10:00","LRSF1","0.0480",NA,NA,NA
"D","DISPATCH","UNIT_SCADA",1,"2024/02/01 01:10:00","MBAHNTH","44.775009",NA,NA,NA
"D","DISPATCH","UNIT_SCADA",1,"2024/02/01 01:10:00","MLSP1","0.0140",NA,NA,NA
"D","DISPATCH","UNIT_SCADA",1,"2024/02/01 01:10:00","MLWF1","0.8250",NA,NA,NA
"D","DISPATCH","UNIT_SCADA",1,"2024/02/01 01:10:00","PALOONA","0",NA,NA,NA
"D","DISPATCH","UNIT_SCADA",1,"2024/02/01 01:10:00","PIONEER","-0.40",NA,NA,NA
"D","DISPATCH","UNIT_SCADA",1,"2024/02/01 01:10:00","PORTWF","13",NA,NA,NA
"D","DISPATCH","UNIT_SCADA",1,"2024/02/01 01:10:00","REPULSE","9.041276",NA,NA,NA
"D","DISPATCH","UNIT_SCADA",1,"2024/02/01 01:10:00","ROWALLAN","0",NA,NA,NA
"D","DISPATCH","UNIT_SCADA",1,"2024/02/01 01:10:00","ROYALLA1","0",NA,NA,NA
"D","DISPATCH","UNIT_SCADA",1,"2024/02/01 01:10:00","RPCG","-0.20",NA,NA,NA
"D","DISPATCH","UNIT_SCADA",1,"2024/02/01 01:10:00","RUBICON","0.72",NA,NA,NA
"D","DISPATCH","UNIT_SCADA",1,"2024/02/01 01:10:00","SHOAL1","11.95",NA,NA,NA
"D","DISPATCH","UNIT_SCADA",1,"2024/02/01 01:10:00","WAUBRAWF","88.953003",NA,NA,NA
"D","DISPATCH","UNIT_SCADA",1,"2024/02/01 01:10:00","WOOLNTH1","92.860001",NA,NA,NA
"D","DISPATCH","UNIT_SCADA",1,"2024/02/01 01:10:00","YAMBUKWF","0.70",NA,NA,NA
"D","DISPATCH","UNIT_SCADA",1,"2024/02/01 01:10:00","YSWF1","6.70",NA,NA,NA
"D","DISPATCH","UNIT_SCADA",1,"2024/02/01 01:15:00","BARCSF1","0.10",NA,NA,NA
"D","DISPATCH","UNIT_SCADA",1,"2024/02/01 01:15:00","BUTLERSG","9.099998",NA,NA,NA
"D","DISPATCH","UNIT_SCADA",1,"2024/02/01 01:15:00","BWTR1","14.175680",NA,NA,NA
"D","DISPATCH","UNIT_SCADA",1,"2024/02/01 01:15:00","CAPTL_WF","6.095796",NA,NA,NA
"D","DISPATCH","UNIT_SCADA",1,"2024/02/01 01:15:00","CHALLHWF","2.90",NA,NA,NA
"D","DISPATCH","UNIT_SCADA",1,"2024/02/01 01:15:00","CLOVER","-0.02",NA,NA,NA
"D","DISPATCH","UNIT_SCADA",1,"2024/02/01 01:15:00","CLUNY","5.205310",NA,NA,NA
"D","DISPATCH","UNIT_SCADA",1,"2024/02/01 01:15:00","CONDONG1","-0.98",NA,NA,NA
"D","DISPATCH","UNIT_SCADA",1,"2024/02/01 01:15:00","CULLRGWF","11.22",NA,NA,NA
"D","DISPATCH","UNIT_SCADA",1,"2024/02/01 01:15:00","DIAPURWF1","0",NA,NA,NA
"D","DISPATCH","UNIT_SCADA",1,"2024/02/01 01:15:00","ERGT01","0",NA,NA,NA
"D","DISPATCH","UNIT_SCADA",1,"2024/02/01 01:15:00","GB01","0",NA,NA,NA
"D","DISPATCH","UNIT_SCADA",1,"2024/02/01 01:15:00","GERMCRK","15.6150",NA,NA,NA
"D","DISPATCH","UNIT_SCADA",1,"2024/02/01 01:15:00","GRIFSF1","0",NA,NA,NA
"D","DISPATCH","UNIT_SCADA",1,"2024/02/01 01:15:00","HUGSF1","-0.0490",NA,NA,NA
"D","DISPATCH","UNIT_SCADA",1,"2024/02/01 01:15:00","KEPBG1","0",NA,NA,NA
"D","DISPATCH","UNIT_SCADA",1,"2024/02/01 01:15:00","LRSF1","0.0480",NA,NA,NA
"D","DISPATCH","UNIT_SCADA",1,"2024/02/01 01:15:00","MBAHNTH","44.699997",NA,NA,NA
"D","DISPATCH","UNIT_SCADA",1,"2024/02/01 01:15:00","MLSP1","0.0140",NA,NA,NA
"D","DISPATCH","UNIT_SCADA",1,"2024/02/01 01:15:00","MLWF1","0.4950",NA,NA,NA
"D","DISPATCH","UNIT_SCADA",1,"2024/02/01 01:15:00","PALOONA","0",NA,NA,NA
"D","DISPATCH","UNIT_SCADA",1,"2024/02/01 01:15:00","PIONEER","-0.40",NA,NA,NA
"D","DISPATCH","UNIT_SCADA",1,"2024/02/01 01:15:00","PORTWF","14.10",NA,NA,NA
"D","DISPATCH","UNIT_SCADA",1,"2024/02/01 01:15:00","REPULSE","9.092546",NA,NA,NA
"D","DISPATCH","UNIT_SCADA",1,"2024/02/01 01:15:00","ROWALLAN","0",NA,NA,NA
"D","DISPATCH","UNIT_SCADA",1,"2024/02/01 01:15:00","ROYALLA1","0",NA,NA,NA
"D","DISPATCH","UNIT_SCADA",1,"2024/02/01 01:15:00","RPCG","-0.20",NA,NA,NA
"D","DISPATCH","UNIT_SCADA",1,"2024/02/01 01:15:00","RUBICON","0.72",NA,NA,NA
"D","DISPATCH","UNIT_SCADA",1,"2024/02/01 01:15:00","SHOAL1","11.95",NA,NA,NA
"D","DISPATCH","UNIT_SCADA",1,"2024/02/01 01:15:00","WAUBRAWF","85.599998",NA,NA,NA
"D","DISPATCH","UNIT_SCADA",1,"2024/02/01 01:15:00","WOOLNTH1","88.479996",NA,NA,NA
"D","DISPATCH","UNIT_SCADA",1,"2024/02/01 01:15:00","YAMBUKWF","1.30",NA,NA,NA
"D","DISPATCH","UNIT_SCADA",1,"2024/02/01 01:15:00","YSWF1","6",NA,NA,NA
"D","DISPATCH","UNIT_SCADA",1,"2024/02/01 01:20:00","BARCSF1","0.10",NA,NA,NA
"D","DISPATCH","UNIT_SCADA",1,"2024/02/01 01:20:00","BUTLERSG","8.999998",NA,NA,NA
"D","DISPATCH","UNIT_SCADA",1,"2024/02/01 01:20:00","BWTR1","14.175680",NA,NA,NA
"D","DISPATCH","UNIT_SCADA",1,"2024/02/01 01:20:00","CAPTL_WF","6.162203",NA,NA,NA
"D","DISPATCH","UNIT_SCADA",1,"2024/02/01 01:20:00","CHALLHWF","3.50",NA,NA,NA
"D","DISPATCH","UNIT_SCADA",1,"2024/02/01 01:20:00","CLOVER","-0.01",NA,NA,NA
"D","DISPATCH","UNIT_SCADA",1,"2024/02/01 01:20:00","CLUNY","5.233692",NA,NA,NA
"D","DISPATCH","UNIT_SCADA",1,"2024/02/01 01:20:00","CONDONG1","-0.96",NA,NA,NA
"D","DISPATCH","UNIT_SCADA",1,"2024/02/01 01:20:00","CULLRGWF","11.79",NA,NA,NA
"D","DISPATCH","UNIT_SCADA",1,"2024/02/01 01:20:00","DIAPURWF1","0",NA,NA,NA
"D","DISPATCH","UNIT_SCADA",1,"2024/02/01 01:20:00","ERGT01","0",NA,NA,NA
"D","DISPATCH","UNIT_SCADA",1,"2024/02/01 01:20:00","GB01","0",NA,NA,NA
"D","DISPATCH","UNIT_SCADA",1,"2024/02/01 01:20:00","GERMCRK","15.3090",NA,NA,NA
"D","DISPATCH","UNIT_SCADA",1,"2024/02/01 01:20:00","GRIFSF1","0",NA,NA,NA
"D","DISPATCH","UNIT_SCADA",1,"2024/02/01 01:20:00","HUGSF1","-0.0490",NA,NA,NA
"D","DISPATCH","UNIT_SCADA",1,"2024/02/01 01:20:00","KEPBG1","0",NA,NA,NA
"D","DISPATCH","UNIT_SCADA",1,"2024/02/01 01:20:00","LRSF1","0.0480",NA,NA,NA
"D","DISPATCH","UNIT_SCADA",1,"2024/02/01 01:20:00","MBAHNTH","45.318756",NA,NA,NA
"D","DISPATCH","UNIT_SCADA",1,"2024/02/01 01:20:00","MLSP1","0.0140",NA,NA,NA
"D","DISPATCH","UNIT_SCADA",1,"2024/02/01 01:20:00","MLWF1","0.4050",NA,NA,NA
"D","DISPATCH","UNIT_SCADA",1,"2024/02/01 01:20:00","PALOONA","0",NA,NA,NA
"D","DISPATCH","UNIT_SCADA",1,"2024/02/01 01:20:00","PIONEER","-0.40",NA,NA,NA
"D","DISPATCH","UNIT_SCADA",1,"2024/02/01 01:20:00","PORTWF","16.50",NA,NA,NA
"D","DISPATCH","UNIT_SCADA",1,"2024/02/01 01:20:00","REPULSE","9.289083",NA,NA,NA
"D","DISPATCH","UNIT_SCADA",1,"2024/02/01 01:20:00","ROWALLAN","0",NA,NA,NA
"D","DISPATCH","UNIT_SCADA",1,"2024/02/01 01:20:00","ROYALLA1","0",NA,NA,NA
"D","DISPATCH","UNIT_SCADA",1,"2024/02/01 01:20:00","RPCG","-0.20",NA,NA,NA
"D","DISPATCH","UNIT_SCADA",1,"2024/02/01 01:20:00","RUBICON","0.72",NA,NA,NA
"D","DISPATCH","UNIT_SCADA",1,"2024/02/01 01:20:00","SHOAL1","11.95",NA,NA,NA
"D","DISPATCH","UNIT_SCADA",1,"2024/02/01 01:20:00","WAUBRAWF","79",NA,NA,NA
"D","DISPATCH","UNIT_SCADA",1,"2024/02/01 01:20:00","WOOLNTH1","87.919998",NA,NA,NA
"D","DISPATCH","UNIT_SCADA",1,"2024/02/01 01:20:00","YAMBUKWF","1.40",NA,NA,NA
"D","DISPATCH","UNIT_SCADA",1,"2024/02/01 01:20:00","YSWF1","4.50",NA,NA,NA
"D","DISPATCH","UNIT_SCADA",1,"2024/02/01 01:25:00","BARCSF1","0.10",NA,NA,NA
"D","DISPATCH","UNIT_SCADA",1,"2024/02/01 01:25:00","BUTLERSG","8.999998",NA,NA,NA
"D","DISPATCH","UNIT_SCADA",1,"2024/02/01 01:25:00","BWTR1","14.175680",NA,NA,NA
"D","DISPATCH","UNIT_SCADA",1,"2024/02/01 01:25:00","CAPTL_WF","5.962982",NA,NA,NA
"D","DISPATCH","UNIT_SCADA",1,"2024/02/01 01:25:00","CHALLHWF","2.40",NA,NA,NA
"D","DISPATCH","UNIT_SCADA",1,"2024/02/01 01:25:00","CLOVER","-0.01",NA,NA,NA
"D","DISPATCH","UNIT_SCADA",1,"2024/02/01 01:25:00","CLUNY","5.200732",NA,NA,NA
"D","DISPATCH","UNIT_SCADA",1,"2024/02/01 01:25:00","CONDONG1","-0.90",NA,NA,NA
"D","DISPATCH","UNIT_SCADA",1,"2024/02/01 01:25:00","CULLRGWF","11.62",NA,NA,NA
"D","DISPATCH","UNIT_SCADA",1,"2024/02/01 01:25:00","DIAPURWF1","0",NA,NA,NA
"D","DISPATCH","UNIT_SCADA",1,"2024/02/01 01:25:00","ERGT01","0",NA,NA,NA
"D","DISPATCH","UNIT_SCADA",1,"2024/02/01 01:25:00","GB01","0",NA,NA,NA
"D","DISPATCH","UNIT_SCADA",1,"2024/02/01 01:25:00","GERMCRK","15.3490",NA,NA,NA
"D","DISPATCH","UNIT_SCADA",1,"2024/02/01 01:25:00","GRIFSF1","0",NA,NA,NA
"D","DISPATCH","UNIT_SCADA",1,"2024/02/01 01:25:00","HUGSF1","-0.0490",NA,NA,NA
"D","DISPATCH","UNIT_SCADA",1,"2024/02/01 01:25:00","KEPBG1","0",NA,NA,NA
"D","DISPATCH","UNIT_SCADA",1,"2024/02/01 01:25:00","LRSF1","0.0480",NA,NA,NA
"D","DISPATCH","UNIT_SCADA",1,"2024/02/01 01:25:00","MBAHNTH","45.262497",NA,NA,NA
"D","DISPATCH","UNIT_SCADA",1,"2024/02/01 01:25:00","MLSP1","0.0140",NA,NA,NA
"D","DISPATCH","UNIT_SCADA",1,"2024/02/01 01:25:00","MLWF1","0.2850",NA,NA,NA
"D","DISPATCH","UNIT_SCADA",1,"2024/02/01 01:25:00","PALOONA","0",NA,NA,NA
"D","DISPATCH","UNIT_SCADA",1,"2024/02/01 01:25:00","PIONEER","-0.40",NA,NA,NA
"D","DISPATCH","UNIT_SCADA",1,"2024/02/01 01:25:00","PORTWF","16.799999",NA,NA,NA
"D","DISPATCH","UNIT_SCADA",1,"2024/02/01 01:25:00","REPULSE","9.372091",NA,NA,NA
"D","DISPATCH","UNIT_SCADA",1,"2024/02/01 01:25:00","ROWALLAN","0",NA,NA,NA
"D","DISPATCH","UNIT_SCADA",1,"2024/02/01 01:25:00","ROYALLA1","0",NA,NA,NA
"D","DISPATCH","UNIT_SCADA",1,"2024/02/01 01:25:00","RPCG","-0.20",NA,NA,NA
"D","DISPATCH","UNIT_SCADA",1,"2024/02/01 01:25:00","RUBICON","0.72",NA,NA,NA
"D","DISPATCH","UNIT_SCADA",1,"2024/02/01 01:25:00","SHOAL1","11.95",NA,NA,NA
"D","DISPATCH","UNIT_SCADA",1,"2024/02/01 01:25:00","WAUBRAWF","68.0270",NA,NA,NA
"D","DISPATCH","UNIT_SCADA",1,"2024/02/01 01:25:00","WOOLNTH1","80.639999",NA,NA,NA
"D","DISPATCH","UNIT_SCADA",1,"2024/02/01 01:25:00","YAMBUKWF","1.40",NA,NA,NA
"D","DISPATCH","UNIT_SCADA",1,"2024/02/01 17:35:00","CLOVER","-0.01",NA,NA,NA
"D","DISPATCH","UNIT_SCADA",1,"2024/02/01 17:35:00","CLUNY","2.133669",NA,NA,NA
"D","DISPATCH","UNIT_SCADA",1,"2024/02/01 17:35:00","CONDONG1","-0.74",NA,NA,NA
"D","DISPATCH","UNIT_SCADA",1,"2024/02/01 17:35:00","CULLRGWF","10.81",NA,NA,NA
"D","DISPATCH","UNIT_SCADA",1,"2024/02/01 17:35:00","DIAPURWF1","0",NA,NA,NA
"D","DISPATCH","UNIT_SCADA",1,"2024/02/01 17:35:00","ERGT01","0",NA,NA,NA
"D","DISPATCH","UNIT_SCADA",1,"2024/02/01 17:35:00","GB01","0",NA,NA,NA
"D","DISPATCH","UNIT_SCADA",1,"2024/02/01 17:35:00","GERMCRK","16.728001",NA,NA,NA
"D","DISPATCH","UNIT_SCADA",1,"2024/02/01 17:35:00","GRIFSF1","23.317739",NA,NA,NA
"D","DISPATCH","UNIT_SCADA",1,"2024/02/01 17:35:00","HUGSF1","3.6420",NA,NA,NA
"D","DISPATCH","UNIT_SCADA",1,"2024/02/01 17:35:00","KEPBG1","0",NA,NA,NA
"D","DISPATCH","UNIT_SCADA",1,"2024/02/01 17:35:00","LRSF1","10.025001",NA,NA,NA
"D","DISPATCH","UNIT_SCADA",1,"2024/02/01 17:35:00","MBAHNTH","51.487503",NA,NA,NA
"D","DISPATCH","UNIT_SCADA",1,"2024/02/01 17:35:00","MLSP1","2.3370",NA,NA,NA
"D","DISPATCH","UNIT_SCADA",1,"2024/02/01 17:35:00","MLWF1","9.450001",NA,NA,NA
"D","DISPATCH","UNIT_SCADA",1,"2024/02/01 17:35:00","PALOONA","9.82",NA,NA,NA
"D","DISPATCH","UNIT_SCADA",1,"2024/02/01 17:35:00","PIONEER","-0.70",NA,NA,NA
"D","DISPATCH","UNIT_SCADA",1,"2024/02/01 17:35:00","PORTWF","95",NA,NA,NA
"D","DISPATCH","UNIT_SCADA",1,"2024/02/01 17:35:00","REPULSE","3.2636",NA,NA,NA
"D","DISPATCH","UNIT_SCADA",1,"2024/02/01 17:35:00","ROWALLAN","0",NA,NA,NA
"D","DISPATCH","UNIT_SCADA",1,"2024/02/01 17:35:00","ROYALLA1","2.6370",NA,NA,NA
"D","DISPATCH","UNIT_SCADA",1,"2024/02/01 17:35:00","RPCG","-1.60",NA,NA,NA
"D","DISPATCH","UNIT_SCADA",1,"2024/02/01 17:35:00","RUBICON","0.81",NA,NA,NA
"D","DISPATCH","UNIT_SCADA",1,"2024/02/01 17:35:00","SHOAL1","19.950001",NA,NA,NA
"D","DISPATCH","UNIT_SCADA",1,"2024/02/01 17:35:00","WAUBRAWF","148.608002",NA,NA,NA
"D","DISPATCH","UNIT_SCADA",1,"2024/02/01 17:35:00","WOOLNTH1","127.629997",NA,NA,NA
"D","DISPATCH","UNIT_SCADA",1,"2024/02/01 17:35:00","YAMBUKWF","24.40",NA,NA,NA
"D","DISPATCH","UNIT_SCADA",1,"2024/02/01 17:35:00","YSWF1","23.90",NA,NA,NA
"D","DISPATCH","UNIT_SCADA",1,"2024/02/01 21:20:00","BARCSF1","0",NA,NA,NA
"D","DISPATCH","UNIT_SCADA",1,"2024/02/01 21:20:00","BUTLERSG","9.099998",NA,NA,NA
"D","DISPATCH","UNIT_SCADA",1,"2024/02/01 21:20:00","BWTR1","14.8616",NA,NA,NA
"D","DISPATCH","UNIT_SCADA",1,"2024/02/01 21:20:00","CAPTL_WF","0",NA,NA,NA
"D","DISPATCH","UNIT_SCADA",1,"2024/02/01 21:20:00","CHALLHWF","17.700001",NA,NA,NA
"D","DISPATCH","UNIT_SCADA",1,"2024/02/01 21:20:00","CLOVER","10.95",NA,NA,NA
"D","DISPATCH","UNIT_SCADA",1,"2024/02/01 21:20:00","CLUNY","2.190433",NA,NA,NA
"D","DISPATCH","UNIT_SCADA",1,"2024/02/01 21:20:00","CONDONG1","-0.72",NA,NA,NA
"D","DISPATCH","UNIT_SCADA",1,"2024/02/01 21:20:00","CULLRGWF","13.89",NA,NA,NA
"D","DISPATCH","UNIT_SCADA",1,"2024/02/01 21:20:00","DIAPURWF1","0",NA,NA,NA
"D","DISPATCH","UNIT_SCADA",1,"2024/02/01 21:20:00","ERGT01","0",NA,NA,NA
"D","DISPATCH","UNIT_SCADA",1,"2024/02/01 21:20:00","GB01","0",NA,NA,NA
"D","DISPATCH","UNIT_SCADA",1,"2024/02/01 21:20:00","GERMCRK","17.1360",NA,NA,NA
"D","DISPATCH","UNIT_SCADA",1,"2024/02/01 21:20:00","GRIFSF1","0",NA,NA,NA
"D","DISPATCH","UNIT_SCADA",1,"2024/02/01 21:20:00","HUGSF1","-0.1480",NA,NA,NA
"D","DISPATCH","UNIT_SCADA",1,"2024/02/01 21:20:00","KEPBG1","0",NA,NA,NA
"D","DISPATCH","UNIT_SCADA",1,"2024/02/01 21:20:00","LRSF1","-0.03",NA,NA,NA
"D","DISPATCH","UNIT_SCADA",1,"2024/02/01 21:20:00","MBAHNTH","49.800003",NA,NA,NA
"D","DISPATCH","UNIT_SCADA",1,"2024/02/01 21:20:00","MLSP1","0.0310",NA,NA,NA
"D","DISPATCH","UNIT_SCADA",1,"2024/02/01 21:20:00","MLWF1","4.41",NA,NA,NA
"D","DISPATCH","UNIT_SCADA",1,"2024/02/01 21:20:00","PALOONA","0",NA,NA,NA
"D","DISPATCH","UNIT_SCADA",1,"2024/02/01 21:20:00","PIONEER","-0.60",NA,NA,NA
"D","DISPATCH","UNIT_SCADA",1,"2024/02/01 21:20:00","PORTWF","48.900002",NA,NA,NA
"D","DISPATCH","UNIT_SCADA",1,"2024/02/01 21:20:00","REPULSE","3.111009",NA,NA,NA
"D","DISPATCH","UNIT_SCADA",1,"2024/02/01 21:20:00","ROWALLAN","0",NA,NA,NA
"D","DISPATCH","UNIT_SCADA",1,"2024/02/01 21:20:00","ROYALLA1","0",NA,NA,NA
"D","DISPATCH","UNIT_SCADA",1,"2024/02/01 21:20:00","RPCG","-1.70",NA,NA,NA
"D","DISPATCH","UNIT_SCADA",1,"2024/02/01 21:20:00","RUBICON","0.81",NA,NA,NA
"D","DISPATCH","UNIT_SCADA",1,"2024/02/01 21:20:00","SHOAL1","19.950001",NA,NA,NA
"D","DISPATCH","UNIT_SCADA",1,"2024/02/01 21:20:00","WAUBRAWF","129.994995",NA,NA,NA
"D","DISPATCH","UNIT_SCADA",1,"2024/02/01 21:20:00","WOOLNTH1","128.010010",NA,NA,NA
"D","DISPATCH","UNIT_SCADA",1,"2024/02/01 21:20:00","YAMBUKWF","13.20",NA,NA,NA
"D","DISPATCH","UNIT_SCADA",1,"2024/02/01 21:20:00","YSWF1","11.60",NA,NA,NA
"D","DISPATCH","UNIT_SCADA",1,"2024/02/01 23:00:00","MBAHNTH","46.8750",NA,NA,NA
"D","DISPATCH","UNIT_SCADA",1,"2024/02/01 23:00:00","MLSP1","0.0310",NA,NA,NA
"D","DISPATCH","UNIT_SCADA",1,"2024/02/01 23:00:00","MLWF1","3.6750",NA,NA,NA
"D","DISPATCH","UNIT_SCADA",1,"2024/02/01 23:00:00","PALOONA","0",NA,NA,NA
"D","DISPATCH","UNIT_SCADA",1,"2024/02/01 23:00:00","PIONEER","-0.60",NA,NA,NA
"D","DISPATCH","UNIT_SCADA",1,"2024/02/01 23:00:00","PORTWF","63.400002",NA,NA,NA
"D","DISPATCH","UNIT_SCADA",1,"2024/02/01 23:00:00","REPULSE","6.952621",NA,NA,NA
"D","DISPATCH","UNIT_SCADA",1,"2024/02/01 23:00:00","ROWALLAN","0",NA,NA,NA
"D","DISPATCH","UNIT_SCADA",1,"2024/02/01 23:00:00","ROYALLA1","0",NA,NA,NA
"D","DISPATCH","UNIT_SCADA",1,"2024/02/01 23:00:00","RPCG","-1.70",NA,NA,NA
"D","DISPATCH","UNIT_SCADA",1,"2024/02/01 23:00:00","RUBICON","0.81",NA,NA,NA
"D","DISPATCH","UNIT_SCADA",1,"2024/02/01 23:00:00","SHOAL1","19.950001",NA,NA,NA
"D","DISPATCH","UNIT_SCADA",1,"2024/02/01 23:00:00","WAUBRAWF","125.182999",NA,NA,NA
"D","DISPATCH","UNIT_SCADA",1,"2024/02/01 23:00:00","WOOLNTH1","124.679993",NA,NA,NA
"D","DISPATCH","UNIT_SCADA",1,"2024/02/01 23:00:00","YAMBUKWF","15.70",NA,NA,NA
"D","DISPATCH","UNIT_SCADA",1,"2024/02/01 23:00:00","YSWF1","7.90",NA,NA,NA
"D","DISPATCH","UNIT_SCADA",1,"2024/02/01 23:15:00","BARCSF1","0",NA,NA,NA
"D","DISPATCH","UNIT_SCADA",1,"2024/02/01 23:15:00","BUTLERSG","8.999998",NA,NA,NA
"D","DISPATCH","UNIT_SCADA",1,"2024/02/01 23:15:00","BWTR1","14.347160",NA,NA,NA
"D","DISPATCH","UNIT_SCADA",1,"2024/02/01 23:15:00","CAPTL_WF","0",NA,NA,NA
"D","DISPATCH","UNIT_SCADA",1,"2024/02/01 23:15:00","CHALLHWF","14.40",NA,NA,NA
"D","DISPATCH","UNIT_SCADA",1,"2024/02/01 23:15:00","CLOVER","-0.10",NA,NA,NA
"D","DISPATCH","UNIT_SCADA",1,"2024/02/01 23:15:00","CLUNY","4.504921",NA,NA,NA
"D","DISPATCH","UNIT_SCADA",1,"2024/02/01 23:15:00","CONDONG1","-0.73",NA,NA,NA
"D","DISPATCH","UNIT_SCADA",1,"2024/02/01 23:15:00","CULLRGWF","10.38",NA,NA,NA
"D","DISPATCH","UNIT_SCADA",1,"2024/02/01 23:15:00","DIAPURWF1","0",NA,NA,NA
"D","DISPATCH","UNIT_SCADA",1,"2024/02/01 23:15:00","ERGT01","0",NA,NA,NA
"D","DISPATCH","UNIT_SCADA",1,"2024/02/01 23:15:00","GB01","0",NA,NA,NA
"D","DISPATCH","UNIT_SCADA",1,"2024/02/01 23:15:00","GERMCRK","15.9820",NA,NA,NA
"D","DISPATCH","UNIT_SCADA",1,"2024/02/01 23:15:00","GRIFSF1","0",NA,NA,NA
"D","DISPATCH","UNIT_SCADA",1,"2024/02/01 23:15:00","HUGSF1","-0.1480",NA,NA,NA
"D","DISPATCH","UNIT_SCADA",1,"2024/02/01 23:15:00","KEPBG1","0",NA,NA,NA
"D","DISPATCH","UNIT_SCADA",1,"2024/02/01 23:15:00","LRSF1","-0.03",NA,NA,NA
"D","DISPATCH","UNIT_SCADA",1,"2024/02/01 23:15:00","MBAHNTH","47.118759",NA,NA,NA
"D","DISPATCH","UNIT_SCADA",1,"2024/02/01 23:15:00","MLSP1","0.0310",NA,NA,NA
"D","DISPATCH","UNIT_SCADA",1,"2024/02/01 23:15:00","MLWF1","3.93",NA,NA,NA
"D","DISPATCH","UNIT_SCADA",1,"2024/02/01 23:15:00","PALOONA","0",NA,NA,NA
"D","DISPATCH","UNIT_SCADA",1,"2024/02/01 23:15:00","PIONEER","-0.40",NA,NA,NA
"D","DISPATCH","UNIT_SCADA",1,"2024/02/01 23:15:00","PORTWF","74.099998",NA,NA,NA
"D","DISPATCH","UNIT_SCADA",1,"2024/02/01 23:15:00","REPULSE","6.996567",NA,NA,NA
"D","DISPATCH","UNIT_SCADA",1,"2024/02/01 23:15:00","ROWALLAN","0",NA,NA,NA
"D","DISPATCH","UNIT_SCADA",1,"2024/02/01 23:15:00","ROYALLA1","0",NA,NA,NA
"D","DISPATCH","UNIT_SCADA",1,"2024/02/01 23:15:00","RPCG","-1.70",NA,NA,NA
"D","DISPATCH","UNIT_SCADA",1,"2024/02/01 23:15:00","RUBICON","0.81",NA,NA,NA
"D","DISPATCH","UNIT_SCADA",1,"2024/02/01 23:15:00","SHOAL1","19.950001",NA,NA,NA
"D","DISPATCH","UNIT_SCADA",1,"2024/02/01 23:15:00","WAUBRAWF","139.843002",NA,NA,NA
"D","DISPATCH","UNIT_SCADA",1,"2024/02/01 23:15:00","WOOLNTH1","123.970001",NA,NA,NA
"D","DISPATCH","UNIT_SCADA",1,"2024/02/01 23:15:00","YAMBUKWF","20.299999",NA,NA,NA
"D","DISPATCH","UNIT_SCADA",1,"2024/02/01 23:15:00","YSWF1","17.10",NA,NA,NA
"D","DISPATCH","UNIT_SCADA",1,"2024/02/01 23:40:00","BARCSF1","0",NA,NA,NA
"D","DISPATCH","UNIT_SCADA",1,"2024/02/01 23:40:00","BUTLERSG","9.099998",NA,NA,NA
"D","DISPATCH","UNIT_SCADA",1,"2024/02/01 23:40:00","BWTR1","14.632960",NA,NA,NA
"D","DISPATCH","UNIT_SCADA",1,"2024/02/01 23:40:00","CAPTL_WF","0",NA,NA,NA
"D","DISPATCH","UNIT_SCADA",1,"2024/02/01 23:40:00","CHALLHWF","9.30",NA,NA,NA
"D","DISPATCH","UNIT_SCADA",1,"2024/02/01 23:40:00","CLOVER","-0.10",NA,NA,NA
"D","DISPATCH","UNIT_SCADA",1,"2024/02/01 23:40:00","CLUNY","4.510414",NA,NA,NA
"D","DISPATCH","UNIT_SCADA",1,"2024/02/01 23:40:00","CONDONG1","-0.73",NA,NA,NA
"D","DISPATCH","UNIT_SCADA",1,"2024/02/01 23:40:00","CULLRGWF","10.95",NA,NA,NA
"D","DISPATCH","UNIT_SCADA",1,"2024/02/01 23:40:00","DIAPURWF1","0",NA,NA,NA
"D","DISPATCH","UNIT_SCADA",1,"2024/02/01 23:40:00","ERGT01","0",NA,NA,NA
"D","DISPATCH","UNIT_SCADA",1,"2024/02/01 23:40:00","GB01","0",NA,NA,NA
"D","DISPATCH","UNIT_SCADA",1,"2024/02/01 23:40:00","GERMCRK","15.6130",NA,NA,NA
"D","DISPATCH","UNIT_SCADA",1,"2024/02/01 23:40:00","GRIFSF1","0",NA,NA,NA
"D","DISPATCH","UNIT_SCADA",1,"2024/02/01 23:40:00","HUGSF1","-0.1480",NA,NA,NA
"D","DISPATCH","UNIT_SCADA",1,"2024/02/01 23:40:00","KEPBG1","0",NA,NA,NA
"D","DISPATCH","UNIT_SCADA",1,"2024/02/01 23:40:00","LRSF1","-0.03",NA,NA,NA
"D","DISPATCH","UNIT_SCADA",1,"2024/02/01 23:40:00","MBAHNTH","47.175003",NA,NA,NA
"D","DISPATCH","UNIT_SCADA",1,"2024/02/01 23:40:00","MLSP1","0.0310",NA,NA,NA
"D","DISPATCH","UNIT_SCADA",1,"2024/02/01 23:40:00","MLWF1","5.2950",NA,NA,NA
"D","DISPATCH","UNIT_SCADA",1,"2024/02/01 23:40:00","PALOONA","0",NA,NA,NA
"D","DISPATCH","UNIT_SCADA",1,"2024/02/01 23:40:00","PIONEER","-0.40",NA,NA,NA
"D","DISPATCH","UNIT_SCADA",1,"2024/02/01 23:40:00","PORTWF","67.099998",NA,NA,NA
"D","DISPATCH","UNIT_SCADA",1,"2024/02/01 23:40:00","REPULSE","7.085680",NA,NA,NA
"D","DISPATCH","UNIT_SCADA",1,"2024/02/01 23:40:00","ROWALLAN","0",NA,NA,NA
"D","DISPATCH","UNIT_SCADA",1,"2024/02/01 23:40:00","ROYALLA1","0",NA,NA,NA
"D","DISPATCH","UNIT_SCADA",1,"2024/02/01 23:40:00","RPCG","-1.70",NA,NA,NA
"D","DISPATCH","UNIT_SCADA",1,"2024/02/01 23:40:00","RUBICON","0.81",NA,NA,NA
"D","DISPATCH","UNIT_SCADA",1,"2024/02/01 23:40:00","SHOAL1","19.950001",NA,NA,NA
"D","DISPATCH","UNIT_SCADA",1,"2024/02/01 23:40:00","WAUBRAWF","139.445007",NA,NA,NA
"D","DISPATCH","UNIT_SCADA",1,"2024/02/01 23:40:00","WOOLNTH1","127.020004",NA,NA,NA
"D","DISPATCH","UNIT_SCADA",1,"2024/02/01 23:40:00","YAMBUKWF","17.799999",NA,NA,NA
"D","DISPATCH","UNIT_SCADA",1,"2024/02/01 23:40:00","YSWF1","20.200001",NA,NA,NA
"D","DISPATCH","UNIT_SCADA",1,"2024/02/01 23:50:00","BARCSF1","0",NA,NA,NA
"D","DISPATCH","UNIT_SCADA",1,"2024/02/01 23:50:00","BUTLERSG","9.099998",NA,NA,NA
"D","DISPATCH","UNIT_SCADA",1,"2024/02/01 23:50:00","BWTR1","14.632960",NA,NA,NA
"D","DISPATCH","UNIT_SCADA",1,"2024/02/01 23:50:00","CAPTL_WF","0",NA,NA,NA
"D","DISPATCH","UNIT_SCADA",1,"2024/02/01 23:50:00","CHALLHWF","10.50",NA,NA,NA
"D","DISPATCH","UNIT_SCADA",1,"2024/02/01 23:50:00","CLOVER","-0.11",NA,NA,NA
"D","DISPATCH","UNIT_SCADA",1,"2024/02/01 23:50:00","CLUNY","4.439002",NA,NA,NA
"D","DISPATCH","UNIT_SCADA",1,"2024/02/01 23:50:00","CONDONG1","-0.72",NA,NA,NA
"D","DISPATCH","UNIT_SCADA",1,"2024/02/01 23:50:00","CULLRGWF","9.99",NA,NA,NA
"D","DISPATCH","UNIT_SCADA",1,"2024/02/01 23:50:00","DIAPURWF1","0",NA,NA,NA
"D","DISPATCH","UNIT_SCADA",1,"2024/02/01 23:50:00","ERGT01","0",NA,NA,NA
"D","DISPATCH","UNIT_SCADA",1,"2024/02/01 23:50:00","GB01","0",NA,NA,NA
"D","DISPATCH","UNIT_SCADA",1,"2024/02/01 23:50:00","GERMCRK","15.2720",NA,NA,NA
"D","DISPATCH","UNIT_SCADA",1,"2024/02/01 23:50:00","GRIFSF1","0",NA,NA,NA
"D","DISPATCH","UNIT_SCADA",1,"2024/02/01 23:50:00","HUGSF1","-0.1480",NA,NA,NA
"D","DISPATCH","UNIT_SCADA",1,"2024/02/01 23:50:00","KEPBG1","0",NA,NA,NA
"D","DISPATCH","UNIT_SCADA",1,"2024/02/01 23:50:00","LRSF1","-0.03",NA,NA,NA
"D","DISPATCH","UNIT_SCADA",1,"2024/02/01 23:50:00","MBAHNTH","46.631256",NA,NA,NA
"D","DISPATCH","UNIT_SCADA",1,"2024/02/01 23:50:00","MLSP1","0.0310",NA,NA,NA
"D","DISPATCH","UNIT_SCADA",1,"2024/02/01 23:50:00","MLWF1","5.37",NA,NA,NA
"D","DISPATCH","UNIT_SCADA",1,"2024/02/01 23:50:00","PALOONA","0",NA,NA,NA
"D","DISPATCH","UNIT_SCADA",1,"2024/02/01 23:50:00","PIONEER","-0.40",NA,NA,NA
"D","DISPATCH","UNIT_SCADA",1,"2024/02/01 23:50:00","PORTWF","74.800003",NA,NA,NA
"D","DISPATCH","UNIT_SCADA",1,"2024/02/01 23:50:00","REPULSE","7.130846",NA,NA,NA
"D","DISPATCH","UNIT_SCADA",1,"2024/02/01 23:50:00","ROWALLAN","0",NA,NA,NA
"D","DISPATCH","UNIT_SCADA",1,"2024/02/01 23:50:00","ROYALLA1","0",NA,NA,NA
"D","DISPATCH","UNIT_SCADA",1,"2024/02/01 23:50:00","RPCG","2.40",NA,NA,NA
"D","DISPATCH","UNIT_SCADA",1,"2024/02/01 23:50:00","RUBICON","0.81",NA,NA,NA
"D","DISPATCH","UNIT_SCADA",1,"2024/02/01 23:50:00","SHOAL1","19.9750",NA,NA,NA
"D","DISPATCH","UNIT_SCADA",1,"2024/02/01 23:50:00","WAUBRAWF","122.860001",NA,NA,NA
"D","DISPATCH","UNIT_SCADA",1,"2024/02/01 23:50:00","WOOLNTH1","126.969994",NA,NA,NA
"D","DISPATCH","UNIT_SCADA",1,"2024/02/01 23:50:00","YAMBUKWF","23",NA,NA,NA
"D","DISPATCH","UNIT_SCADA",1,"2024/02/01 23:50:00","YSWF1","14.90",NA,NA,NA
"D","DISPATCH","UNIT_SCADA",1,"2024/02/01 23:55:00","BARCSF1","0",NA,NA,NA
"D","DISPATCH","UNIT_SCADA",1,"2024/02/01 23:55:00","BUTLERSG","8.999998",NA,NA,NA
"D","DISPATCH","UNIT_SCADA",1,"2024/02/01 23:55:00","BWTR1","14.632960",NA,NA,NA
"D","DISPATCH","UNIT_SCADA",1,"2024/02/01 23:55:00","CAPTL_WF","0",NA,NA,NA
"D","DISPATCH","UNIT_SCADA",1,"2024/02/01 23:55:00","CHALLHWF","11.799999",NA,NA,NA
"D","DISPATCH","UNIT_SCADA",1,"2024/02/01 23:55:00","CLOVER","-0.10",NA,NA,NA
"D","DISPATCH","UNIT_SCADA",1,"2024/02/01 23:55:00","CLUNY","4.476539",NA,NA,NA
"D","DISPATCH","UNIT_SCADA",1,"2024/02/01 23:55:00","CONDONG1","-0.73",NA,NA,NA
"D","DISPATCH","UNIT_SCADA",1,"2024/02/01 23:55:00","CULLRGWF","10.25",NA,NA,NA
"D","DISPATCH","UNIT_SCADA",1,"2024/02/01 23:55:00","DIAPURWF1","0",NA,NA,NA
"D","DISPATCH","UNIT_SCADA",1,"2024/02/01 23:55:00","ERGT01","0",NA,NA,NA
"D","DISPATCH","UNIT_SCADA",1,"2024/02/01 23:55:00","GB01","0",NA,NA,NA
"D","DISPATCH","UNIT_SCADA",1,"2024/02/01 23:55:00","GERMCRK","15.2420",NA,NA,NA
"D","DISPATCH","UNIT_SCADA",1,"2024/02/01 23:55:00","GRIFSF1","0",NA,NA,NA
"D","DISPATCH","UNIT_SCADA",1,"2024/02/01 23:55:00","HUGSF1","-0.1480",NA,NA,NA
"D","DISPATCH","UNIT_SCADA",1,"2024/02/01 23:55:00","KEPBG1","0",NA,NA,NA
"D","DISPATCH","UNIT_SCADA",1,"2024/02/01 23:55:00","LRSF1","-0.03",NA,NA,NA
"D","DISPATCH","UNIT_SCADA",1,"2024/02/01 23:55:00","MBAHNTH","48.862503",NA,NA,NA
"D","DISPATCH","UNIT_SCADA",1,"2024/02/01 23:55:00","MLSP1","0.0310",NA,NA,NA
"D","DISPATCH","UNIT_SCADA",1,"2024/02/01 23:55:00","MLWF1","5.6850",NA,NA,NA
"D","DISPATCH","UNIT_SCADA",1,"2024/02/01 23:55:00","PALOONA","0",NA,NA,NA
"D","DISPATCH","UNIT_SCADA",1,"2024/02/01 23:55:00","PIONEER","-0.40",NA,NA,NA
"D","DISPATCH","UNIT_SCADA",1,"2024/02/01 23:55:00","PORTWF","69.800003",NA,NA,NA
"D","DISPATCH","UNIT_SCADA",1,"2024/02/01 23:55:00","REPULSE","7.085680",NA,NA,NA
"D","DISPATCH","UNIT_SCADA",1,"2024/02/01 23:55:00","ROWALLAN","0",NA,NA,NA
"D","DISPATCH","UNIT_SCADA",1,"2024/02/01 23:55:00","ROYALLA1","0",NA,NA,NA
"D","DISPATCH","UNIT_SCADA",1,"2024/02/01 23:55:00","RPCG","3.90",NA,NA,NA
"D","DISPATCH","UNIT_SCADA",1,"2024/02/01 23:55:00","RUBICON","0.81",NA,NA,NA
"D","DISPATCH","UNIT_SCADA",1,"2024/02/01 23:55:00","SHOAL1","19.9750",NA,NA,NA
"D","DISPATCH","UNIT_SCADA",1,"2024/02/01 23:55:00","WAUBRAWF","116.433998",NA,NA,NA
"D","DISPATCH","UNIT_SCADA",1,"2024/02/01 23:55:00","WOOLNTH1","126.470001",NA,NA,NA
"D","DISPATCH","UNIT_SCADA",1,"2024/02/01 23:55:00","YAMBUKWF","21.799999",NA,NA,NA
"D","DISPATCH","UNIT_SCADA",1,"2024/02/01 23:55:00","YSWF1","12.20",NA,NA,NA
"D","DISPATCH","UNIT_SCADA",1,"2024/02/02 00:00:00","BARCSF1","0",NA,NA,NA
"D","DISPATCH","UNIT_SCADA",1,"2024/02/02 00:00:00","BUTLERSG","9.099998",NA,NA,NA
"D","DISPATCH","UNIT_SCADA",1,"2024/02/02 00:00:00","BWTR1","14.632960",NA,NA,NA
"D","DISPATCH","UNIT_SCADA",1,"2024/02/02 00:00:00","CAPTL_WF","0",NA,NA,NA
"D","DISPATCH","UNIT_SCADA",1,"2024/02/02 00:00:00","CHALLHWF","13.70",NA,NA,NA
"D","DISPATCH","UNIT_SCADA",1,"2024/02/02 00:00:00","CLOVER","-0.11",NA,NA,NA
"D","DISPATCH","UNIT_SCADA",1,"2024/02/02 00:00:00","CLUNY","4.462806",NA,NA,NA
"D","DISPATCH","UNIT_SCADA",1,"2024/02/02 00:00:00","CONDONG1","-0.73",NA,NA,NA
"D","DISPATCH","UNIT_SCADA",1,"2024/02/02 00:00:00","CULLRGWF","8.41",NA,NA,NA
"D","DISPATCH","UNIT_SCADA",1,"2024/02/02 00:00:00","DIAPURWF1","0",NA,NA,NA
"D","DISPATCH","UNIT_SCADA",1,"2024/02/02 00:00:00","ERGT01","0",NA,NA,NA
"D","DISPATCH","UNIT_SCADA",1,"2024/02/02 00:00:00","GB01","0",NA,NA,NA
"D","DISPATCH","UNIT_SCADA",1,"2024/02/02 00:00:00","GERMCRK","15.3540",NA,NA,NA
"D","DISPATCH","UNIT_SCADA",1,"2024/02/02 00:00:00","GRIFSF1","0",NA,NA,NA
"D","DISPATCH","UNIT_SCADA",1,"2024/02/02 00:00:00","HUGSF1","-0.1480",NA,NA,NA
"D","DISPATCH","UNIT_SCADA",1,"2024/02/02 00:00:00","KEPBG1","0",NA,NA,NA
"D","DISPATCH","UNIT_SCADA",1,"2024/02/02 00:00:00","LRSF1","-0.03",NA,NA,NA
"D","DISPATCH","UNIT_SCADA",1,"2024/02/02 00:00:00","MBAHNTH","49.012497",NA,NA,NA
"D","DISPATCH","UNIT_SCADA",1,"2024/02/02 00:00:00","MLSP1","0.0310",NA,NA,NA
"D","DISPATCH","UNIT_SCADA",1,"2024/02/02 00:00:00","MLWF1","5.79",NA,NA,NA
"D","DISPATCH","UNIT_SCADA",1,"2024/02/02 00:00:00","PALOONA","0",NA,NA,NA
"D","DISPATCH","UNIT_SCADA",1,"2024/02/02 00:00:00","PIONEER","-0.40",NA,NA,NA
"D","DISPATCH","UNIT_SCADA",1,"2024/02/02 00:00:00","PORTWF","68.199997",NA,NA,NA
"D","DISPATCH","UNIT_SCADA",1,"2024/02/02 00:00:00","REPULSE","6.825665",NA,NA,NA
"D","DISPATCH","UNIT_SCADA",1,"2024/02/02 00:00:00","ROWALLAN","0",NA,NA,NA
"D","DISPATCH","UNIT_SCADA",1,"2024/02/02 00:00:00","ROYALLA1","0",NA,NA,NA
"D","DISPATCH","UNIT_SCADA",1,"2024/02/02 00:00:00","RPCG","3.90",NA,NA,NA
"D","DISPATCH","UNIT_SCADA",1,"2024/02/02 00:00:00","RUBICON","0.81",NA,NA,NA
"D","DISPATCH","UNIT_SCADA",1,"2024/02/02 00:00:00","SHOAL1","19.9750",NA,NA,NA
"D","DISPATCH","UNIT_SCADA",1,"2024/02/02 00:00:00","WAUBRAWF","116.571999",NA,NA,NA
"D","DISPATCH","UNIT_SCADA",1,"2024/02/02 00:00:00","WOOLNTH1","126.459991",NA,NA,NA
"D","DISPATCH","UNIT_SCADA",1,"2024/02/02 00:00:00","YAMBUKWF","18.200001",NA,NA,NA
"D","DISPATCH","UNIT_SCADA",1,"2024/02/02 00:00:00","YSWF1","13.40",NA,NA,NA
"D","DISPATCH","UNIT_SCADA",1,"2024/02/02 00:05:00","BARCSF1","0",NA,NA,NA
"D","DISPATCH","UNIT_SCADA",1,"2024/02/02 00:05:00","BUTLERSG","9.099998",NA,NA,NA
"D","DISPATCH","UNIT_SCADA",1,"2024/02/02 00:05:00","BWTR1","14.632960",NA,NA,NA
"D","DISPATCH","UNIT_SCADA",1,"2024/02/02 00:05:00","CAPTL_WF","0",NA,NA,NA
"D","DISPATCH","UNIT_SCADA",1,"2024/02/02 00:05:00","CHALLHWF","13",NA,NA,NA
"D","DISPATCH","UNIT_SCADA",1,"2024/02/02 00:05:00","CLOVER","-0.11",NA,NA,NA
"D","DISPATCH","UNIT_SCADA",1,"2024/02/02 00:05:00","CLUNY","4.428931",NA,NA,NA
"D","DISPATCH","UNIT_SCADA",1,"2024/02/02 00:05:00","CONDONG1","-0.71",NA,NA,NA
"D","DISPATCH","UNIT_SCADA",1,"2024/02/02 00:05:00","CULLRGWF","6.55",NA,NA,NA
"D","DISPATCH","UNIT_SCADA",1,"2024/02/02 00:05:00","DIAPURWF1","0",NA,NA,NA
"D","DISPATCH","UNIT_SCADA",1,"2024/02/02 00:05:00","ERGT01","0",NA,NA,NA
"D","DISPATCH","UNIT_SCADA",1,"2024/02/02 00:05:00","GB01","0",NA,NA,NA
"D","DISPATCH","UNIT_SCADA",1,"2024/02/02 00:05:00","GERMCRK","15.6220",NA,NA,NA
"D","DISPATCH","UNIT_SCADA",1,"2024/02/02 00:05:00","GRIFSF1","0",NA,NA,NA
"D","DISPATCH","UNIT_SCADA",1,"2024/02/02 00:05:00","HUGSF1","-0.1480",NA,NA,NA
"D","DISPATCH","UNIT_SCADA",1,"2024/02/02 00:05:00","KEPBG1","0",NA,NA,NA
"D","DISPATCH","UNIT_SCADA",1,"2024/02/02 00:05:00","LRSF1","-0.03",NA,NA,NA
"D","DISPATCH","UNIT_SCADA",1,"2024/02/02 00:05:00","MBAHNTH","49.068741",NA,NA,NA
"D","DISPATCH","UNIT_SCADA",1,"2024/02/02 00:05:00","MLSP1","0.0310",NA,NA,NA
"D","DISPATCH","UNIT_SCADA",1,"2024/02/02 00:05:00","MLWF1","4.8750",NA,NA,NA
"D","DISPATCH","UNIT_SCADA",1,"2024/02/02 00:05:00","PALOONA","0",NA,NA,NA
"D","DISPATCH","UNIT_SCADA",1,"2024/02/02 00:05:00","PIONEER","-0.40",NA,NA,NA
"D","DISPATCH","UNIT_SCADA",1,"2024/02/02 00:05:00","PORTWF","59.700001",NA,NA,NA
"D","DISPATCH","UNIT_SCADA",1,"2024/02/02 00:05:00","REPULSE","6.964828",NA,NA,NA
"D","DISPATCH","UNIT_SCADA",1,"2024/02/02 00:05:00","ROWALLAN","0",NA,NA,NA
"D","DISPATCH","UNIT_SCADA",1,"2024/02/02 00:05:00","ROYALLA1","0",NA,NA,NA
"D","DISPATCH","UNIT_SCADA",1,"2024/02/02 00:05:00","RPCG","3.90",NA,NA,NA
"D","DISPATCH","UNIT_SCADA",1,"2024/02/02 00:05:00","RUBICON","0.81",NA,NA,NA
"D","DISPATCH","UNIT_SCADA",1,"2024/02/02 00:05:00","SHOAL1","19.9750",NA,NA,NA
"D","DISPATCH","UNIT_SCADA",1,"2024/02/02 00:05:00","WAUBRAWF","116.231003",NA,NA,NA
"D","DISPATCH","UNIT_SCADA",1,"2024/02/02 00:05:00","WOOLNTH1","125.149994",NA,NA,NA
"D","DISPATCH","UNIT_SCADA",1,"2024/02/02 00:05:00","YAMBUKWF","17.10",NA,NA,NA
"D","DISPATCH","UNIT_SCADA",1,"2024/02/02 00:05:00","YSWF1","13.20",NA,NA,NA
"D","DISPATCH","UNIT_SCADA",1,"2024/02/02 00:15:00","BARCSF1","0",NA,NA,NA
"D","DISPATCH","UNIT_SCADA",1,"2024/02/02 00:15:00","BUTLERSG","9.099998",NA,NA,NA
"D","DISPATCH","UNIT_SCADA",1,"2024/02/02 00:15:00","BWTR1","14.632960",NA,NA,NA
"D","DISPATCH","UNIT_SCADA",1,"2024/02/02 00:15:00","CAPTL_WF","0",NA,NA,NA
"D","DISPATCH","UNIT_SCADA",1,"2024/02/02 00:15:00","CHALLHWF","9.20",NA,NA,NA
"D","DISPATCH","UNIT_SCADA",1,"2024/02/02 00:15:00","CLOVER","-0.11",NA,NA,NA
"D","DISPATCH","UNIT_SCADA",1,"2024/02/02 00:15:00","CLUNY","4.457313",NA,NA,NA
"D","DISPATCH","UNIT_SCADA",1,"2024/02/02 00:15:00","CONDONG1","-0.72",NA,NA,NA
"D","DISPATCH","UNIT_SCADA",1,"2024/02/02 00:15:00","CULLRGWF","8.02",NA,NA,NA
"D","DISPATCH","UNIT_SCADA",1,"2024/02/02 00:15:00","DIAPURWF1","0",NA,NA,NA
"D","DISPATCH","UNIT_SCADA",1,"2024/02/02 00:15:00","ERGT01","0",NA,NA,NA
"D","DISPATCH","UNIT_SCADA",1,"2024/02/02 00:15:00","GB01","0",NA,NA,NA
"D","DISPATCH","UNIT_SCADA",1,"2024/02/02 00:15:00","GERMCRK","15.3360",NA,NA,NA
"D","DISPATCH","UNIT_SCADA",1,"2024/02/02 00:15:00","GRIFSF1","0",NA,NA,NA
"D","DISPATCH","UNIT_SCADA",1,"2024/02/02 00:15:00","HUGSF1","-0.1480",NA,NA,NA
"D","DISPATCH","UNIT_SCADA",1,"2024/02/02 00:15:00","KEPBG1","0",NA,NA,NA
"D","DISPATCH","UNIT_SCADA",1,"2024/02/02 00:15:00","LRSF1","-0.03",NA,NA,NA
"D","DISPATCH","UNIT_SCADA",1,"2024/02/02 00:15:00","MBAHNTH","48.412506",NA,NA,NA
"D","DISPATCH","UNIT_SCADA",1,"2024/02/01 18:00:00","BARCSF1","10.700001",NA,NA,NA
"D","DISPATCH","UNIT_SCADA",1,"2024/02/01 18:00:00","BUTLERSG","9.099998",NA,NA,NA
"D","DISPATCH","UNIT_SCADA",1,"2024/02/01 18:00:00","BWTR1","14.5758",NA,NA,NA
"D","DISPATCH","UNIT_SCADA",1,"2024/02/01 18:00:00","CAPTL_WF","91.161545",NA,NA,NA
"D","DISPATCH","UNIT_SCADA",1,"2024/02/01 18:00:00","CHALLHWF","24.900002",NA,NA,NA
"D","DISPATCH","UNIT_SCADA",1,"2024/02/01 18:00:00","CLOVER","-0.03",NA,NA,NA
"D","DISPATCH","UNIT_SCADA",1,"2024/02/01 18:00:00","CLUNY","2.209659",NA,NA,NA
"D","DISPATCH","UNIT_SCADA",1,"2024/02/01 18:00:00","CONDONG1","-0.73",NA,NA,NA
"D","DISPATCH","UNIT_SCADA",1,"2024/02/01 18:00:00","CULLRGWF","13.90",NA,NA,NA
"D","DISPATCH","UNIT_SCADA",1,"2024/02/01 18:00:00","DIAPURWF1","0",NA,NA,NA
"D","DISPATCH","UNIT_SCADA",1,"2024/02/01 18:00:00","ERGT01","0",NA,NA,NA
"D","DISPATCH","UNIT_SCADA",1,"2024/02/01 18:00:00","GB01","0",NA,NA,NA
"D","DISPATCH","UNIT_SCADA",1,"2024/02/01 18:00:00","GERMCRK","15.4890",NA,NA,NA
"D","DISPATCH","UNIT_SCADA",1,"2024/02/01 18:00:00","GRIFSF1","17.257143",NA,NA,NA
"D","DISPATCH","UNIT_SCADA",1,"2024/02/01 18:00:00","HUGSF1","2.6030",NA,NA,NA
"D","DISPATCH","UNIT_SCADA",1,"2024/02/01 18:00:00","KEPBG1","2.01",NA,NA,NA
"D","DISPATCH","UNIT_SCADA",1,"2024/02/01 18:00:00","LRSF1","8.622001",NA,NA,NA
"D","DISPATCH","UNIT_SCADA",1,"2024/02/01 18:00:00","MBAHNTH","50.962509",NA,NA,NA
"D","DISPATCH","UNIT_SCADA",1,"2024/02/01 18:00:00","MLSP1","1.1830",NA,NA,NA
"D","DISPATCH","UNIT_SCADA",1,"2024/02/01 18:00:00","MLWF1","10.3350",NA,NA,NA
"D","DISPATCH","UNIT_SCADA",1,"2024/02/01 18:00:00","PALOONA","9.67",NA,NA,NA
"D","DISPATCH","UNIT_SCADA",1,"2024/02/01 18:00:00","PIONEER","-0.50",NA,NA,NA
"D","DISPATCH","UNIT_SCADA",1,"2024/02/01 18:00:00","PORTWF","81.699997",NA,NA,NA
"D","DISPATCH","UNIT_SCADA",1,"2024/02/01 18:00:00","REPULSE","3.384451",NA,NA,NA
"D","DISPATCH","UNIT_SCADA",1,"2024/02/01 18:00:00","ROWALLAN","0",NA,NA,NA
"D","DISPATCH","UNIT_SCADA",1,"2024/02/01 18:00:00","ROYALLA1","0.9710",NA,NA,NA
"D","DISPATCH","UNIT_SCADA",1,"2024/02/01 18:00:00","RPCG","-1.60",NA,NA,NA
"D","DISPATCH","UNIT_SCADA",1,"2024/02/01 18:00:00","RUBICON","0.81",NA,NA,NA
"D","DISPATCH","UNIT_SCADA",1,"2024/02/01 18:00:00","SHOAL1","19.9750",NA,NA,NA
"D","DISPATCH","UNIT_SCADA",1,"2024/02/01 18:00:00","WAUBRAWF","155.701004",NA,NA,NA
"D","DISPATCH","UNIT_SCADA",1,"2024/02/01 18:00:00","WOOLNTH1","127.519997",NA,NA,NA
"D","DISPATCH","UNIT_SCADA",1,"2024/02/01 18:00:00","YAMBUKWF","23.700001",NA,NA,NA
"D","DISPATCH","UNIT_SCADA",1,"2024/02/01 18:00:00","YSWF1","25.10",NA,NA,NA
"D","DISPATCH","UNIT_SCADA",1,"2024/02/01 22:05:00","BARCSF1","0",NA,NA,NA
"D","DISPATCH","UNIT_SCADA",1,"2024/02/01 22:05:00","BUTLERSG","8.999998",NA,NA,NA
"D","DISPATCH","UNIT_SCADA",1,"2024/02/01 22:05:00","BWTR1","14.0042",NA,NA,NA
"D","DISPATCH","UNIT_SCADA",1,"2024/02/01 22:05:00","CAPTL_WF","0",NA,NA,NA
"D","DISPATCH","UNIT_SCADA",1,"2024/02/01 22:05:00","CHALLHWF","12.20",NA,NA,NA
"D","DISPATCH","UNIT_SCADA",1,"2024/02/01 22:05:00","CLOVER","-0.01",NA,NA,NA
"D","DISPATCH","UNIT_SCADA",1,"2024/02/01 22:05:00","CLUNY","2.142824",NA,NA,NA
"D","DISPATCH","UNIT_SCADA",1,"2024/02/01 22:05:00","CONDONG1","-0.73",NA,NA,NA
"D","DISPATCH","UNIT_SCADA",1,"2024/02/01 22:05:00","CULLRGWF","14.29",NA,NA,NA
"D","DISPATCH","UNIT_SCADA",1,"2024/02/01 22:05:00","DIAPURWF1","0",NA,NA,NA
"D","DISPATCH","UNIT_SCADA",1,"2024/02/01 22:05:00","ERGT01","0",NA,NA,NA
"D","DISPATCH","UNIT_SCADA",1,"2024/02/01 22:05:00","GB01","0",NA,NA,NA
"D","DISPATCH","UNIT_SCADA",1,"2024/02/01 22:05:00","GERMCRK","17.1740",NA,NA,NA
"D","DISPATCH","UNIT_SCADA",1,"2024/02/01 22:05:00","GRIFSF1","0",NA,NA,NA
"D","DISPATCH","UNIT_SCADA",1,"2024/02/01 22:05:00","HUGSF1","-0.1480",NA,NA,NA
"D","DISPATCH","UNIT_SCADA",1,"2024/02/01 22:05:00","KEPBG1","0",NA,NA,NA
"D","DISPATCH","UNIT_SCADA",1,"2024/02/01 22:05:00","LRSF1","-0.03",NA,NA,NA
"D","DISPATCH","UNIT_SCADA",1,"2024/02/01 22:05:00","MBAHNTH","49.837509",NA,NA,NA
"D","DISPATCH","UNIT_SCADA",1,"2024/02/01 22:05:00","MLSP1","0.0310",NA,NA,NA
"D","DISPATCH","UNIT_SCADA",1,"2024/02/01 22:05:00","MLWF1","2.1150",NA,NA,NA
"D","DISPATCH","UNIT_SCADA",1,"2024/02/01 22:05:00","PALOONA","0",NA,NA,NA
"D","DISPATCH","UNIT_SCADA",1,"2024/02/01 22:05:00","PIONEER","-0.60",NA,NA,NA
"D","DISPATCH","UNIT_SCADA",1,"2024/02/01 22:05:00","PORTWF","76.300003",NA,NA,NA
"D","DISPATCH","UNIT_SCADA",1,"2024/02/01 22:05:00","REPULSE","3.130541",NA,NA,NA
"D","DISPATCH","UNIT_SCADA",1,"2024/02/01 22:05:00","ROWALLAN","0",NA,NA,NA
"D","DISPATCH","UNIT_SCADA",1,"2024/02/01 22:05:00","ROYALLA1","0",NA,NA,NA
"D","DISPATCH","UNIT_SCADA",1,"2024/02/01 22:05:00","RPCG","-1.70",NA,NA,NA
"D","DISPATCH","UNIT_SCADA",1,"2024/02/01 22:05:00","RUBICON","0.81",NA,NA,NA
"D","DISPATCH","UNIT_SCADA",1,"2024/02/01 22:05:00","SHOAL1","19.950001",NA,NA,NA
"D","DISPATCH","UNIT_SCADA",1,"2024/02/01 22:05:00","WAUBRAWF","145.061005",NA,NA,NA
"D","DISPATCH","UNIT_SCADA",1,"2024/02/01 22:05:00","WOOLNTH1","127.990005",NA,NA,NA
"D","DISPATCH","UNIT_SCADA",1,"2024/02/01 22:05:00","YAMBUKWF","10.40",NA,NA,NA
"D","DISPATCH","UNIT_SCADA",1,"2024/02/01 22:05:00","YSWF1","9.70",NA,NA,NA
"D","DISPATCH","UNIT_SCADA",1,"2024/02/01 22:20:00","BARCSF1","0",NA,NA,NA
"D","DISPATCH","UNIT_SCADA",1,"2024/02/01 22:20:00","BUTLERSG","9.099998",NA,NA,NA
"D","DISPATCH","UNIT_SCADA",1,"2024/02/01 22:20:00","BWTR1","14.0042",NA,NA,NA
"D","DISPATCH","UNIT_SCADA",1,"2024/02/01 22:20:00","CAPTL_WF","0",NA,NA,NA
"D","DISPATCH","UNIT_SCADA",1,"2024/02/01 22:20:00","CHALLHWF","20.700001",NA,NA,NA
"D","DISPATCH","UNIT_SCADA",1,"2024/02/01 22:20:00","CLOVER","-0.02",NA,NA,NA
"D","DISPATCH","UNIT_SCADA",1,"2024/02/01 22:20:00","CLUNY","2.224308",NA,NA,NA
"D","DISPATCH","UNIT_SCADA",1,"2024/02/01 22:20:00","CONDONG1","-0.72",NA,NA,NA
"D","DISPATCH","UNIT_SCADA",1,"2024/02/01 22:20:00","CULLRGWF","14.28",NA,NA,NA
"D","DISPATCH","UNIT_SCADA",1,"2024/02/01 22:20:00","DIAPURWF1","0",NA,NA,NA
"D","DISPATCH","UNIT_SCADA",1,"2024/02/01 22:20:00","ERGT01","0",NA,NA,NA
"D","DISPATCH","UNIT_SCADA",1,"2024/02/01 22:20:00","GB01","0",NA,NA,NA
"D","DISPATCH","UNIT_SCADA",1,"2024/02/01 22:20:00","GERMCRK","17.082001",NA,NA,NA
"D","DISPATCH","UNIT_SCADA",1,"2024/02/01 22:20:00","GRIFSF1","0",NA,NA,NA
"D","DISPATCH","UNIT_SCADA",1,"2024/02/01 22:20:00","HUGSF1","-0.1480",NA,NA,NA
"D","DISPATCH","UNIT_SCADA",1,"2024/02/01 22:20:00","KEPBG1","0",NA,NA,NA
"D","DISPATCH","UNIT_SCADA",1,"2024/02/01 22:20:00","LRSF1","-0.03",NA,NA,NA
"D","DISPATCH","UNIT_SCADA",1,"2024/02/01 22:20:00","MBAHNTH","47.043747",NA,NA,NA
"D","DISPATCH","UNIT_SCADA",1,"2024/02/01 22:20:00","MLSP1","0.0310",NA,NA,NA
"D","DISPATCH","UNIT_SCADA",1,"2024/02/01 22:20:00","MLWF1","2.58",NA,NA,NA
"D","DISPATCH","UNIT_SCADA",1,"2024/02/01 22:20:00","PALOONA","0",NA,NA,NA
"D","DISPATCH","UNIT_SCADA",1,"2024/02/01 22:20:00","PIONEER","-0.60",NA,NA,NA
"D","DISPATCH","UNIT_SCADA",1,"2024/02/01 22:20:00","PORTWF","68.800003",NA,NA,NA
"D","DISPATCH","UNIT_SCADA",1,"2024/02/01 22:20:00","REPULSE","3.345388",NA,NA,NA
"D","DISPATCH","UNIT_SCADA",1,"2024/02/01 22:20:00","ROWALLAN","0",NA,NA,NA
"D","DISPATCH","UNIT_SCADA",1,"2024/02/01 22:20:00","ROYALLA1","0",NA,NA,NA
"D","DISPATCH","UNIT_SCADA",1,"2024/02/01 22:20:00","RPCG","-1.70",NA,NA,NA
"D","DISPATCH","UNIT_SCADA",1,"2024/02/01 22:20:00","RUBICON","0.81",NA,NA,NA
"D","DISPATCH","UNIT_SCADA",1,"2024/02/01 22:20:00","SHOAL1","19.950001",NA,NA,NA
"D","DISPATCH","UNIT_SCADA",1,"2024/02/01 22:20:00","WAUBRAWF","145.871994",NA,NA,NA
"D","DISPATCH","UNIT_SCADA",1,"2024/02/01 22:20:00","WOOLNTH1","124.639999",NA,NA,NA
"D","DISPATCH","UNIT_SCADA",1,"2024/02/01 22:20:00","YAMBUKWF","7.70",NA,NA,NA
"D","DISPATCH","UNIT_SCADA",1,"2024/02/01 22:20:00","YSWF1","10.20",NA,NA,NA
"D","DISPATCH","UNIT_SCADA",1,"2024/02/01 22:25:00","BARCSF1","0",NA,NA,NA
"D","DISPATCH","UNIT_SCADA",1,"2024/02/01 22:25:00","BUTLERSG","8.999998",NA,NA,NA
"D","DISPATCH","UNIT_SCADA",1,"2024/02/01 22:25:00","BWTR1","14.0042",NA,NA,NA
"D","DISPATCH","UNIT_SCADA",1,"2024/02/01 22:25:00","CAPTL_WF","0",NA,NA,NA
"D","DISPATCH","UNIT_SCADA",1,"2024/02/01 22:25:00","CHALLHWF","21.299999",NA,NA,NA
"D","DISPATCH","UNIT_SCADA",1,"2024/02/01 22:25:00","CLOVER","-0.01",NA,NA,NA
"D","DISPATCH","UNIT_SCADA",1,"2024/02/01 22:25:00","CLUNY","2.172122",NA,NA,NA
"D","DISPATCH","UNIT_SCADA",1,"2024/02/01 22:25:00","CONDONG1","-0.73",NA,NA,NA
"D","DISPATCH","UNIT_SCADA",1,"2024/02/01 22:25:00","CULLRGWF","15.67",NA,NA,NA
"D","DISPATCH","UNIT_SCADA",1,"2024/02/01 22:25:00","DIAPURWF1","0",NA,NA,NA
"D","DISPATCH","UNIT_SCADA",1,"2024/02/01 22:25:00","ERGT01","0",NA,NA,NA
"D","DISPATCH","UNIT_SCADA",1,"2024/02/01 22:25:00","GB01","0",NA,NA,NA
"D","DISPATCH","UNIT_SCADA",1,"2024/02/01 22:25:00","GERMCRK","17.3480",NA,NA,NA
"D","DISPATCH","UNIT_SCADA",1,"2024/02/01 22:25:00","GRIFSF1","0",NA,NA,NA
"D","DISPATCH","UNIT_SCADA",1,"2024/02/01 22:25:00","HUGSF1","-0.1480",NA,NA,NA
"D","DISPATCH","UNIT_SCADA",1,"2024/02/01 22:25:00","KEPBG1","0",NA,NA,NA
"D","DISPATCH","UNIT_SCADA",1,"2024/02/01 22:25:00","LRSF1","-0.03",NA,NA,NA
"D","DISPATCH","UNIT_SCADA",1,"2024/02/01 22:25:00","MBAHNTH","46.724991",NA,NA,NA
"D","DISPATCH","UNIT_SCADA",1,"2024/02/01 22:25:00","MLSP1","0.0310",NA,NA,NA
"D","DISPATCH","UNIT_SCADA",1,"2024/02/01 22:25:00","MLWF1","2.91",NA,NA,NA
"D","DISPATCH","UNIT_SCADA",1,"2024/02/01 22:25:00","PALOONA","0",NA,NA,NA
"D","DISPATCH","UNIT_SCADA",1,"2024/02/01 22:25:00","PIONEER","-0.60",NA,NA,NA
"D","DISPATCH","UNIT_SCADA",1,"2024/02/01 22:25:00","PORTWF","62.799999",NA,NA,NA
"D","DISPATCH","UNIT_SCADA",1,"2024/02/01 22:25:00","REPULSE","3.200122",NA,NA,NA
"D","DISPATCH","UNIT_SCADA",1,"2024/02/01 22:25:00","ROWALLAN","0",NA,NA,NA
"D","DISPATCH","UNIT_SCADA",1,"2024/02/01 22:25:00","ROYALLA1","0",NA,NA,NA
"D","DISPATCH","UNIT_SCADA",1,"2024/02/01 22:25:00","RPCG","-1.70",NA,NA,NA
"D","DISPATCH","UNIT_SCADA",1,"2024/02/01 22:25:00","RUBICON","0.81",NA,NA,NA
"D","DISPATCH","UNIT_SCADA",1,"2024/02/01 22:25:00","SHOAL1","19.950001",NA,NA,NA
"D","DISPATCH","UNIT_SCADA",1,"2024/02/01 22:25:00","WAUBRAWF","154.283997",NA,NA,NA
"D","DISPATCH","UNIT_SCADA",1,"2024/02/01 22:25:00","WOOLNTH1","125.739998",NA,NA,NA
"D","DISPATCH","UNIT_SCADA",1,"2024/02/01 22:25:00","YAMBUKWF","10.30",NA,NA,NA
"D","DISPATCH","UNIT_SCADA",1,"2024/02/01 22:25:00","YSWF1","8.10",NA,NA,NA
"D","DISPATCH","UNIT_SCADA",1,"2024/02/01 22:55:00","BARCSF1","0",NA,NA,NA
"D","DISPATCH","UNIT_SCADA",1,"2024/02/01 22:55:00","BUTLERSG","8.999998",NA,NA,NA
"D","DISPATCH","UNIT_SCADA",1,"2024/02/01 22:55:00","BWTR1","14.347160",NA,NA,NA
"D","DISPATCH","UNIT_SCADA",1,"2024/02/01 22:55:00","CAPTL_WF","0",NA,NA,NA
"D","DISPATCH","UNIT_SCADA",1,"2024/02/01 22:55:00","CHALLHWF","16",NA,NA,NA
"D","DISPATCH","UNIT_SCADA",1,"2024/02/01 22:55:00","CLOVER","-0.11",NA,NA,NA
"D","DISPATCH","UNIT_SCADA",1,"2024/02/01 22:55:00","CLUNY","4.486610",NA,NA,NA
"D","DISPATCH","UNIT_SCADA",1,"2024/02/01 22:55:00","CONDONG1","-0.72",NA,NA,NA
"D","DISPATCH","UNIT_SCADA",1,"2024/02/01 22:55:00","CULLRGWF","11.42",NA,NA,NA
"D","DISPATCH","UNIT_SCADA",1,"2024/02/01 22:55:00","DIAPURWF1","0",NA,NA,NA
"D","DISPATCH","UNIT_SCADA",1,"2024/02/01 22:55:00","ERGT01","0",NA,NA,NA
"D","DISPATCH","UNIT_SCADA",1,"2024/02/01 22:55:00","GB01","0",NA,NA,NA
"D","DISPATCH","UNIT_SCADA",1,"2024/02/01 22:55:00","GERMCRK","15.9720",NA,NA,NA
"D","DISPATCH","UNIT_SCADA",1,"2024/02/01 22:55:00","GRIFSF1","0",NA,NA,NA
"D","DISPATCH","UNIT_SCADA",1,"2024/02/01 22:55:00","HUGSF1","-0.1480",NA,NA,NA
"D","DISPATCH","UNIT_SCADA",1,"2024/02/01 22:55:00","KEPBG1","0",NA,NA,NA
"D","DISPATCH","UNIT_SCADA",1,"2024/02/01 22:55:00","LRSF1","-0.03",NA,NA,NA
"D","DISPATCH","UNIT_SCADA",1,"2024/02/01 22:55:00","MBAHNTH","46.781250",NA,NA,NA
"D","DISPATCH","UNIT_SCADA",1,"2024/02/01 22:55:00","MLSP1","0.0310",NA,NA,NA
"D","DISPATCH","UNIT_SCADA",1,"2024/02/01 22:55:00","MLWF1","2.70",NA,NA,NA
"D","DISPATCH","UNIT_SCADA",1,"2024/02/01 22:55:00","PALOONA","0",NA,NA,NA
"D","DISPATCH","UNIT_SCADA",1,"2024/02/01 22:55:00","PIONEER","-0.40",NA,NA,NA
"D","DISPATCH","UNIT_SCADA",1,"2024/02/01 22:55:00","PORTWF","60.50",NA,NA,NA
"D","DISPATCH","UNIT_SCADA",1,"2024/02/01 22:55:00","REPULSE","6.806134",NA,NA,NA
"D","DISPATCH","UNIT_SCADA",1,"2024/02/01 22:55:00","ROWALLAN","0",NA,NA,NA
"D","DISPATCH","UNIT_SCADA",1,"2024/02/01 22:55:00","ROYALLA1","0",NA,NA,NA
"D","DISPATCH","UNIT_SCADA",1,"2024/02/01 22:55:00","RPCG","-1.70",NA,NA,NA
"D","DISPATCH","UNIT_SCADA",1,"2024/02/01 22:55:00","RUBICON","0.81",NA,NA,NA
"D","DISPATCH","UNIT_SCADA",1,"2024/02/01 22:55:00","SHOAL1","19.950001",NA,NA,NA
"D","DISPATCH","UNIT_SCADA",1,"2024/02/01 22:55:00","WAUBRAWF","121.967003",NA,NA,NA
"D","DISPATCH","UNIT_SCADA",1,"2024/02/01 22:55:00","WOOLNTH1","125.169998",NA,NA,NA
"D","DISPATCH","UNIT_SCADA",1,"2024/02/01 22:55:00","YAMBUKWF","16.299999",NA,NA,NA
"D","DISPATCH","UNIT_SCADA",1,"2024/02/01 22:55:00","YSWF1","10.70",NA,NA,NA
"D","DISPATCH","UNIT_SCADA",1,"2024/02/01 23:05:00","BARCSF1","0",NA,NA,NA
"D","DISPATCH","UNIT_SCADA",1,"2024/02/01 23:05:00","BUTLERSG","9.099998",NA,NA,NA
"D","DISPATCH","UNIT_SCADA",1,"2024/02/01 23:05:00","BWTR1","14.347160",NA,NA,NA
"D","DISPATCH","UNIT_SCADA",1,"2024/02/01 23:05:00","CAPTL_WF","0",NA,NA,NA
"D","DISPATCH","UNIT_SCADA",1,"2024/02/01 23:05:00","CHALLHWF","13.50",NA,NA,NA
"D","DISPATCH","UNIT_SCADA",1,"2024/02/01 23:05:00","CLOVER","-0.11",NA,NA,NA
"D","DISPATCH","UNIT_SCADA",1,"2024/02/01 23:05:00","CLUNY","4.457313",NA,NA,NA
"D","DISPATCH","UNIT_SCADA",1,"2024/02/01 23:05:00","CONDONG1","-0.72",NA,NA,NA
"D","DISPATCH","UNIT_SCADA",1,"2024/02/01 23:05:00","CULLRGWF","9.90",NA,NA,NA
"D","DISPATCH","UNIT_SCADA",1,"2024/02/01 23:05:00","DIAPURWF1","0",NA,NA,NA
"D","DISPATCH","UNIT_SCADA",1,"2024/02/01 23:05:00","ERGT01","0",NA,NA,NA
"D","DISPATCH","UNIT_SCADA",1,"2024/02/01 23:05:00","GB01","0",NA,NA,NA
"D","DISPATCH","UNIT_SCADA",1,"2024/02/01 23:05:00","GERMCRK","15.8020",NA,NA,NA
"D","DISPATCH","UNIT_SCADA",1,"2024/02/01 23:05:00","GRIFSF1","0",NA,NA,NA
"D","DISPATCH","UNIT_SCADA",1,"2024/02/01 23:05:00","HUGSF1","-0.1480",NA,NA,NA
"D","DISPATCH","UNIT_SCADA",1,"2024/02/01 23:05:00","KEPBG1","0",NA,NA,NA
"D","DISPATCH","UNIT_SCADA",1,"2024/02/01 23:05:00","LRSF1","-0.03",NA,NA,NA
"D","DISPATCH","UNIT_SCADA",1,"2024/02/01 23:05:00","MBAHNTH","47.175003",NA,NA,NA
"D","DISPATCH","UNIT_SCADA",1,"2024/02/01 23:05:00","MLSP1","0.0310",NA,NA,NA
"D","DISPATCH","UNIT_SCADA",1,"2024/02/01 23:05:00","MLWF1","2.91",NA,NA,NA
"D","DISPATCH","UNIT_SCADA",1,"2024/02/01 23:05:00","PALOONA","0",NA,NA,NA
"D","DISPATCH","UNIT_SCADA",1,"2024/02/01 23:05:00","PIONEER","-0.40",NA,NA,NA
"D","DISPATCH","UNIT_SCADA",1,"2024/02/01 23:05:00","PORTWF","66.50",NA,NA,NA
"D","DISPATCH","UNIT_SCADA",1,"2024/02/01 23:05:00","REPULSE","6.972152",NA,NA,NA
"D","DISPATCH","UNIT_SCADA",1,"2024/02/01 23:05:00","ROWALLAN","0",NA,NA,NA
"D","DISPATCH","UNIT_SCADA",1,"2024/02/01 23:05:00","ROYALLA1","0",NA,NA,NA
"D","DISPATCH","UNIT_SCADA",1,"2024/02/01 23:05:00","RPCG","-1.70",NA,NA,NA
"D","DISPATCH","UNIT_SCADA",1,"2024/02/01 23:05:00","RUBICON","0.81",NA,NA,NA
"D","DISPATCH","UNIT_SCADA",1,"2024/02/01 23:05:00","SHOAL1","19.950001",NA,NA,NA
"D","DISPATCH","UNIT_SCADA",1,"2024/02/01 23:05:00","WAUBRAWF","127.079002",NA,NA,NA
"D","DISPATCH","UNIT_SCADA",1,"2024/02/01 23:05:00","WOOLNTH1","124.569992",NA,NA,NA
"D","DISPATCH","UNIT_SCADA",1,"2024/02/01 23:05:00","YAMBUKWF","15.80",NA,NA,NA
"D","DISPATCH","UNIT_SCADA",1,"2024/02/01 23:05:00","YSWF1","9.10",NA,NA,NA
"D","DISPATCH","UNIT_SCADA",1,"2024/02/01 23:10:00","BARCSF1","0",NA,NA,NA
"D","DISPATCH","UNIT_SCADA",1,"2024/02/01 23:10:00","BUTLERSG","9.099998",NA,NA,NA
"D","DISPATCH","UNIT_SCADA",1,"2024/02/01 23:10:00","BWTR1","14.347160",NA,NA,NA
"D","DISPATCH","UNIT_SCADA",1,"2024/02/01 23:10:00","CAPTL_WF","0",NA,NA,NA
"D","DISPATCH","UNIT_SCADA",1,"2024/02/01 23:10:00","CHALLHWF","15.50",NA,NA,NA
"D","DISPATCH","UNIT_SCADA",1,"2024/02/01 23:10:00","CLOVER","-0.10",NA,NA,NA
"D","DISPATCH","UNIT_SCADA",1,"2024/02/01 23:10:00","CLUNY","4.457313",NA,NA,NA
"D","DISPATCH","UNIT_SCADA",1,"2024/02/01 23:10:00","CONDONG1","-0.74",NA,NA,NA
"D","DISPATCH","UNIT_SCADA",1,"2024/02/01 23:10:00","CULLRGWF","9.65",NA,NA,NA
"D","DISPATCH","UNIT_SCADA",1,"2024/02/01 23:10:00","DIAPURWF1","0",NA,NA,NA
"D","DISPATCH","UNIT_SCADA",1,"2024/02/01 23:10:00","ERGT01","0",NA,NA,NA
"D","DISPATCH","UNIT_SCADA",1,"2024/02/01 23:10:00","GB01","0",NA,NA,NA
"D","DISPATCH","UNIT_SCADA",1,"2024/02/01 23:10:00","GERMCRK","16.094999",NA,NA,NA
"D","DISPATCH","UNIT_SCADA",1,"2024/02/01 23:10:00","GRIFSF1","0",NA,NA,NA
"D","DISPATCH","UNIT_SCADA",1,"2024/02/01 23:10:00","HUGSF1","-0.1480",NA,NA,NA
"D","DISPATCH","UNIT_SCADA",1,"2024/02/01 23:10:00","KEPBG1","0",NA,NA,NA
"D","DISPATCH","UNIT_SCADA",1,"2024/02/01 23:10:00","LRSF1","-0.03",NA,NA,NA
"D","DISPATCH","UNIT_SCADA",1,"2024/02/01 23:10:00","MBAHNTH","47.081253",NA,NA,NA
"D","DISPATCH","UNIT_SCADA",1,"2024/02/01 23:10:00","MLSP1","0.0310",NA,NA,NA
"D","DISPATCH","UNIT_SCADA",1,"2024/02/01 23:10:00","MLWF1","3.18",NA,NA,NA
"D","DISPATCH","UNIT_SCADA",1,"2024/02/01 23:10:00","PALOONA","0",NA,NA,NA
"D","DISPATCH","UNIT_SCADA",1,"2024/02/01 23:10:00","PIONEER","-0.40",NA,NA,NA
"D","DISPATCH","UNIT_SCADA",1,"2024/02/01 23:10:00","PORTWF","70",NA,NA,NA
"D","DISPATCH","UNIT_SCADA",1,"2024/02/01 23:10:00","REPULSE","7.016098",NA,NA,NA
"D","DISPATCH","UNIT_SCADA",1,"2024/02/01 23:10:00","ROWALLAN","0",NA,NA,NA
"D","DISPATCH","UNIT_SCADA",1,"2024/02/01 23:10:00","ROYALLA1","0",NA,NA,NA
"D","DISPATCH","UNIT_SCADA",1,"2024/02/01 23:10:00","RPCG","-1.70",NA,NA,NA
"D","DISPATCH","UNIT_SCADA",1,"2024/02/01 23:10:00","RUBICON","0.81",NA,NA,NA
"D","DISPATCH","UNIT_SCADA",1,"2024/02/01 23:10:00","SHOAL1","19.950001",NA,NA,NA
"D","DISPATCH","UNIT_SCADA",1,"2024/02/01 23:10:00","WAUBRAWF","138.360992",NA,NA,NA
"D","DISPATCH","UNIT_SCADA",1,"2024/02/01 23:10:00","WOOLNTH1","126.619995",NA,NA,NA
"D","DISPATCH","UNIT_SCADA",1,"2024/02/01 23:10:00","YAMBUKWF","19.200001",NA,NA,NA
"D","DISPATCH","UNIT_SCADA",1,"2024/02/01 23:10:00","YSWF1","12.30",NA,NA,NA
"D","DISPATCH","UNIT_SCADA",1,"2024/02/01 23:20:00","BARCSF1","0",NA,NA,NA
"D","DISPATCH","UNIT_SCADA",1,"2024/02/01 23:20:00","BUTLERSG","9.099998",NA,NA,NA
"D","DISPATCH","UNIT_SCADA",1,"2024/02/01 23:20:00","BWTR1","14.347160",NA,NA,NA
"D","DISPATCH","UNIT_SCADA",1,"2024/02/01 23:20:00","CAPTL_WF","0",NA,NA,NA
"D","DISPATCH","UNIT_SCADA",1,"2024/02/01 23:20:00","CHALLHWF","11.80",NA,NA,NA
"D","DISPATCH","UNIT_SCADA",1,"2024/02/01 23:20:00","CLOVER","-0.11",NA,NA,NA
"D","DISPATCH","UNIT_SCADA",1,"2024/02/01 23:20:00","CLUNY","4.471961",NA,NA,NA
"D","DISPATCH","UNIT_SCADA",1,"2024/02/01 23:20:00","CONDONG1","-0.72",NA,NA,NA
"D","DISPATCH","UNIT_SCADA",1,"2024/02/01 23:20:00","CULLRGWF","12.79",NA,NA,NA
"D","DISPATCH","UNIT_SCADA",1,"2024/02/01 23:20:00","DIAPURWF1","0",NA,NA,NA
"D","DISPATCH","UNIT_SCADA",1,"2024/02/01 23:20:00","ERGT01","0",NA,NA,NA
"D","DISPATCH","UNIT_SCADA",1,"2024/02/01 23:20:00","GB01","0",NA,NA,NA
"D","DISPATCH","UNIT_SCADA",1,"2024/02/01 23:20:00","GERMCRK","15.8590",NA,NA,NA
"D","DISPATCH","UNIT_SCADA",1,"2024/02/01 23:20:00","GRIFSF1","0",NA,NA,NA
"D","DISPATCH","UNIT_SCADA",1,"2024/02/01 23:20:00","HUGSF1","-0.1480",NA,NA,NA
"D","DISPATCH","UNIT_SCADA",1,"2024/02/01 23:20:00","KEPBG1","0",NA,NA,NA
"D","DISPATCH","UNIT_SCADA",1,"2024/02/01 23:20:00","LRSF1","-0.03",NA,NA,NA
"D","DISPATCH","UNIT_SCADA",1,"2024/02/01 23:20:00","MBAHNTH","46.6875",NA,NA,NA
"D","DISPATCH","UNIT_SCADA",1,"2024/02/01 23:20:00","MLSP1","0.0310",NA,NA,NA
"D","DISPATCH","UNIT_SCADA",1,"2024/02/01 23:20:00","MLWF1","4.38",NA,NA,NA
"D","DISPATCH","UNIT_SCADA",1,"2024/02/01 23:20:00","PALOONA","0",NA,NA,NA
"D","DISPATCH","UNIT_SCADA",1,"2024/02/01 23:20:00","PIONEER","-0.40",NA,NA,NA
"D","DISPATCH","UNIT_SCADA",1,"2024/02/01 23:20:00","PORTWF","70.900002",NA,NA,NA
"D","DISPATCH","UNIT_SCADA",1,"2024/02/01 23:20:00","REPULSE","6.964828",NA,NA,NA
"D","DISPATCH","UNIT_SCADA",1,"2024/02/01 23:20:00","ROWALLAN","0",NA,NA,NA
"D","DISPATCH","UNIT_SCADA",1,"2024/02/01 23:20:00","ROYALLA1","0",NA,NA,NA
"D","DISPATCH","UNIT_SCADA",1,"2024/02/01 23:20:00","RPCG","-1.70",NA,NA,NA
"D","DISPATCH","UNIT_SCADA",1,"2024/02/01 23:20:00","RUBICON","0.81",NA,NA,NA
"D","DISPATCH","UNIT_SCADA",1,"2024/02/01 23:20:00","SHOAL1","19.950001",NA,NA,NA
"D","DISPATCH","UNIT_SCADA",1,"2024/02/01 23:20:00","WAUBRAWF","138.994995",NA,NA,NA
"D","DISPATCH","UNIT_SCADA",1,"2024/02/01 23:20:00","WOOLNTH1","125.809998",NA,NA,NA
"D","DISPATCH","UNIT_SCADA",1,"2024/02/01 23:20:00","YAMBUKWF","21.700001",NA,NA,NA
"D","DISPATCH","UNIT_SCADA",1,"2024/02/01 23:20:00","YSWF1","15.30",NA,NA,NA
"D","DISPATCH","UNIT_SCADA",1,"2024/02/01 23:25:00","BARCSF1","0",NA,NA,NA
"D","DISPATCH","UNIT_SCADA",1,"2024/02/01 23:25:00","BUTLERSG","8.999998",NA,NA,NA
"D","DISPATCH","UNIT_SCADA",1,"2024/02/01 23:25:00","BWTR1","14.347160",NA,NA,NA
"D","DISPATCH","UNIT_SCADA",1,"2024/02/01 23:25:00","CAPTL_WF","0",NA,NA,NA
"D","DISPATCH","UNIT_SCADA",1,"2024/02/01 23:25:00","CHALLHWF","8.200001",NA,NA,NA
"D","DISPATCH","UNIT_SCADA",1,"2024/02/01 23:25:00","CLOVER","-0.10",NA,NA,NA
"D","DISPATCH","UNIT_SCADA",1,"2024/02/01 23:25:00","CLUNY","4.376745",NA,NA,NA
"D","DISPATCH","UNIT_SCADA",1,"2024/02/01 23:25:00","CONDONG1","-0.73",NA,NA,NA
"D","DISPATCH","UNIT_SCADA",1,"2024/02/01 23:25:00","CULLRGWF","13.72",NA,NA,NA
"D","DISPATCH","UNIT_SCADA",1,"2024/02/01 23:25:00","DIAPURWF1","0",NA,NA,NA
"D","DISPATCH","UNIT_SCADA",1,"2024/02/01 23:25:00","ERGT01","0",NA,NA,NA
"D","DISPATCH","UNIT_SCADA",1,"2024/02/01 23:25:00","GB01","0",NA,NA,NA
"D","DISPATCH","UNIT_SCADA",1,"2024/02/01 23:25:00","GERMCRK","16.507999",NA,NA,NA
"D","DISPATCH","UNIT_SCADA",1,"2024/02/01 23:25:00","GRIFSF1","0",NA,NA,NA
"D","DISPATCH","UNIT_SCADA",1,"2024/02/01 23:25:00","HUGSF1","-0.1480",NA,NA,NA
"D","DISPATCH","UNIT_SCADA",1,"2024/02/01 23:25:00","KEPBG1","0",NA,NA,NA
"D","DISPATCH","UNIT_SCADA",1,"2024/02/01 23:25:00","LRSF1","-0.03",NA,NA,NA
"D","DISPATCH","UNIT_SCADA",1,"2024/02/01 23:25:00","MBAHNTH","46.762497",NA,NA,NA
"D","DISPATCH","UNIT_SCADA",1,"2024/02/01 23:25:00","MLSP1","0.0310",NA,NA,NA
"D","DISPATCH","UNIT_SCADA",1,"2024/02/01 23:25:00","MLWF1","3.7050",NA,NA,NA
"D","DISPATCH","UNIT_SCADA",1,"2024/02/01 23:25:00","PALOONA","0",NA,NA,NA
"D","DISPATCH","UNIT_SCADA",1,"2024/02/01 23:25:00","PIONEER","-0.40",NA,NA,NA
"D","DISPATCH","UNIT_SCADA",1,"2024/02/01 23:25:00","PORTWF","77.099998",NA,NA,NA
"D","DISPATCH","UNIT_SCADA",1,"2024/02/01 23:25:00","REPULSE","6.781720",NA,NA,NA
"D","DISPATCH","UNIT_SCADA",1,"2024/02/01 23:25:00","ROWALLAN","0",NA,NA,NA
"D","DISPATCH","UNIT_SCADA",1,"2024/02/01 23:25:00","ROYALLA1","0",NA,NA,NA
"D","DISPATCH","UNIT_SCADA",1,"2024/02/01 23:25:00","RPCG","-1.70",NA,NA,NA
"D","DISPATCH","UNIT_SCADA",1,"2024/02/01 23:25:00","RUBICON","0.81",NA,NA,NA
"D","DISPATCH","UNIT_SCADA",1,"2024/02/01 23:25:00","SHOAL1","19.950001",NA,NA,NA
"D","DISPATCH","UNIT_SCADA",1,"2024/02/01 01:25:00","YSWF1","4",NA,NA,NA
"D","DISPATCH","UNIT_SCADA",1,"2024/02/01 01:50:00","BARCSF1","0.10",NA,NA,NA
"D","DISPATCH","UNIT_SCADA",1,"2024/02/01 01:50:00","BUTLERSG","9.099998",NA,NA,NA
"D","DISPATCH","UNIT_SCADA",1,"2024/02/01 01:50:00","BWTR1","14.0042",NA,NA,NA
"D","DISPATCH","UNIT_SCADA",1,"2024/02/01 01:50:00","CAPTL_WF","0",NA,NA,NA
"D","DISPATCH","UNIT_SCADA",1,"2024/02/01 01:50:00","CHALLHWF","1.30",NA,NA,NA
"D","DISPATCH","UNIT_SCADA",1,"2024/02/01 01:50:00","CLOVER","-0.02",NA,NA,NA
"D","DISPATCH","UNIT_SCADA",1,"2024/02/01 01:50:00","CLUNY","5.190661",NA,NA,NA
"D","DISPATCH","UNIT_SCADA",1,"2024/02/01 01:50:00","CONDONG1","-0.87",NA,NA,NA
"D","DISPATCH","UNIT_SCADA",1,"2024/02/01 01:50:00","CULLRGWF","10.34",NA,NA,NA
"D","DISPATCH","UNIT_SCADA",1,"2024/02/01 01:50:00","DIAPURWF1","0",NA,NA,NA
"D","DISPATCH","UNIT_SCADA",1,"2024/02/01 01:50:00","ERGT01","0",NA,NA,NA
"D","DISPATCH","UNIT_SCADA",1,"2024/02/01 01:50:00","GB01","0",NA,NA,NA
"D","DISPATCH","UNIT_SCADA",1,"2024/02/01 01:50:00","GERMCRK","15.2830",NA,NA,NA
"D","DISPATCH","UNIT_SCADA",1,"2024/02/01 01:50:00","GRIFSF1","0",NA,NA,NA
"D","DISPATCH","UNIT_SCADA",1,"2024/02/01 01:50:00","HUGSF1","-0.0490",NA,NA,NA
"D","DISPATCH","UNIT_SCADA",1,"2024/02/01 01:50:00","KEPBG1","0",NA,NA,NA
"D","DISPATCH","UNIT_SCADA",1,"2024/02/01 01:50:00","LRSF1","0.0480",NA,NA,NA
"D","DISPATCH","UNIT_SCADA",1,"2024/02/01 01:50:00","MBAHNTH","44.849991",NA,NA,NA
"D","DISPATCH","UNIT_SCADA",1,"2024/02/01 01:50:00","MLSP1","0.0140",NA,NA,NA
"D","DISPATCH","UNIT_SCADA",1,"2024/02/01 01:50:00","MLWF1","0.4650",NA,NA,NA
"D","DISPATCH","UNIT_SCADA",1,"2024/02/01 01:50:00","PALOONA","0",NA,NA,NA
"D","DISPATCH","UNIT_SCADA",1,"2024/02/01 01:50:00","PIONEER","-0.40",NA,NA,NA
"D","DISPATCH","UNIT_SCADA",1,"2024/02/01 01:50:00","PORTWF","21.299999",NA,NA,NA
"D","DISPATCH","UNIT_SCADA",1,"2024/02/01 01:50:00","REPULSE","9.086442",NA,NA,NA
"D","DISPATCH","UNIT_SCADA",1,"2024/02/01 01:50:00","ROWALLAN","0",NA,NA,NA
"D","DISPATCH","UNIT_SCADA",1,"2024/02/01 01:50:00","ROYALLA1","0",NA,NA,NA
"D","DISPATCH","UNIT_SCADA",1,"2024/02/01 01:50:00","RPCG","-0.20",NA,NA,NA
"D","DISPATCH","UNIT_SCADA",1,"2024/02/01 01:50:00","RUBICON","0.72",NA,NA,NA
"D","DISPATCH","UNIT_SCADA",1,"2024/02/01 01:50:00","SHOAL1","11.9250",NA,NA,NA
"D","DISPATCH","UNIT_SCADA",1,"2024/02/01 01:50:00","WAUBRAWF","43.743999",NA,NA,NA
"D","DISPATCH","UNIT_SCADA",1,"2024/02/01 01:50:00","WOOLNTH1","76.759995",NA,NA,NA
"D","DISPATCH","UNIT_SCADA",1,"2024/02/01 01:50:00","YAMBUKWF","1.90",NA,NA,NA
"D","DISPATCH","UNIT_SCADA",1,"2024/02/01 01:50:00","YSWF1","1.40",NA,NA,NA
"D","DISPATCH","UNIT_SCADA",1,"2024/02/01 01:55:00","BARCSF1","0.10",NA,NA,NA
"D","DISPATCH","UNIT_SCADA",1,"2024/02/01 01:55:00","BUTLERSG","9.099998",NA,NA,NA
"D","DISPATCH","UNIT_SCADA",1,"2024/02/01 01:55:00","BWTR1","14.0042",NA,NA,NA
"D","DISPATCH","UNIT_SCADA",1,"2024/02/01 01:55:00","CAPTL_WF","0",NA,NA,NA
"D","DISPATCH","UNIT_SCADA",1,"2024/02/01 01:55:00","CHALLHWF","1.60",NA,NA,NA
"D","DISPATCH","UNIT_SCADA",1,"2024/02/01 01:55:00","CLOVER","-0.01",NA,NA,NA
"D","DISPATCH","UNIT_SCADA",1,"2024/02/01 01:55:00","CLUNY","5.238270",NA,NA,NA
"D","DISPATCH","UNIT_SCADA",1,"2024/02/01 01:55:00","CONDONG1","-0.86",NA,NA,NA
"D","DISPATCH","UNIT_SCADA",1,"2024/02/01 01:55:00","CULLRGWF","10.36",NA,NA,NA
"D","DISPATCH","UNIT_SCADA",1,"2024/02/01 01:55:00","DIAPURWF1","0",NA,NA,NA
"D","DISPATCH","UNIT_SCADA",1,"2024/02/01 01:55:00","ERGT01","0",NA,NA,NA
"D","DISPATCH","UNIT_SCADA",1,"2024/02/01 01:55:00","GB01","0",NA,NA,NA
"D","DISPATCH","UNIT_SCADA",1,"2024/02/01 01:55:00","GERMCRK","15.20",NA,NA,NA
"D","DISPATCH","UNIT_SCADA",1,"2024/02/01 01:55:00","GRIFSF1","0",NA,NA,NA
"D","DISPATCH","UNIT_SCADA",1,"2024/02/01 01:55:00","HUGSF1","-0.0490",NA,NA,NA
"D","DISPATCH","UNIT_SCADA",1,"2024/02/01 01:55:00","KEPBG1","0",NA,NA,NA
"D","DISPATCH","UNIT_SCADA",1,"2024/02/01 01:55:00","LRSF1","0.0480",NA,NA,NA
"D","DISPATCH","UNIT_SCADA",1,"2024/02/01 01:55:00","MBAHNTH","44.962494",NA,NA,NA
"D","DISPATCH","UNIT_SCADA",1,"2024/02/01 01:55:00","MLSP1","0.0140",NA,NA,NA
"D","DISPATCH","UNIT_SCADA",1,"2024/02/01 01:55:00","MLWF1","0.69",NA,NA,NA
"D","DISPATCH","UNIT_SCADA",1,"2024/02/01 01:55:00","PALOONA","0",NA,NA,NA
"D","DISPATCH","UNIT_SCADA",1,"2024/02/01 01:55:00","PIONEER","-0.40",NA,NA,NA
"D","DISPATCH","UNIT_SCADA",1,"2024/02/01 01:55:00","PORTWF","21.60",NA,NA,NA
"D","DISPATCH","UNIT_SCADA",1,"2024/02/01 01:55:00","REPULSE","8.933852",NA,NA,NA
"D","DISPATCH","UNIT_SCADA",1,"2024/02/01 01:55:00","ROWALLAN","0",NA,NA,NA
"D","DISPATCH","UNIT_SCADA",1,"2024/02/01 01:55:00","ROYALLA1","0",NA,NA,NA
"D","DISPATCH","UNIT_SCADA",1,"2024/02/01 01:55:00","RPCG","-0.20",NA,NA,NA
"D","DISPATCH","UNIT_SCADA",1,"2024/02/01 01:55:00","RUBICON","0.72",NA,NA,NA
"D","DISPATCH","UNIT_SCADA",1,"2024/02/01 01:55:00","SHOAL1","11.9750",NA,NA,NA
"D","DISPATCH","UNIT_SCADA",1,"2024/02/01 01:55:00","WAUBRAWF","39.120998",NA,NA,NA
"D","DISPATCH","UNIT_SCADA",1,"2024/02/01 01:55:00","WOOLNTH1","77.129997",NA,NA,NA
"D","DISPATCH","UNIT_SCADA",1,"2024/02/01 01:55:00","YAMBUKWF","2",NA,NA,NA
"D","DISPATCH","UNIT_SCADA",1,"2024/02/01 01:55:00","YSWF1","1.40",NA,NA,NA
"D","DISPATCH","UNIT_SCADA",1,"2024/02/01 02:00:00","BARCSF1","0.10",NA,NA,NA
"D","DISPATCH","UNIT_SCADA",1,"2024/02/01 02:00:00","BUTLERSG","9.099998",NA,NA,NA
"D","DISPATCH","UNIT_SCADA",1,"2024/02/01 02:00:00","BWTR1","14.0042",NA,NA,NA
"D","DISPATCH","UNIT_SCADA",1,"2024/02/01 02:00:00","CAPTL_WF","0",NA,NA,NA
"D","DISPATCH","UNIT_SCADA",1,"2024/02/01 02:00:00","CHALLHWF","1.20",NA,NA,NA
"D","DISPATCH","UNIT_SCADA",1,"2024/02/01 02:00:00","CLOVER","-0.01",NA,NA,NA
"D","DISPATCH","UNIT_SCADA",1,"2024/02/01 02:00:00","CLUNY","5.181506",NA,NA,NA
"D","DISPATCH","UNIT_SCADA",1,"2024/02/01 02:00:00","CONDONG1","-0.87",NA,NA,NA
"D","DISPATCH","UNIT_SCADA",1,"2024/02/01 02:00:00","CULLRGWF","11.28",NA,NA,NA
"D","DISPATCH","UNIT_SCADA",1,"2024/02/01 02:00:00","DIAPURWF1","0",NA,NA,NA
"D","DISPATCH","UNIT_SCADA",1,"2024/02/01 02:00:00","ERGT01","0",NA,NA,NA
"D","DISPATCH","UNIT_SCADA",1,"2024/02/01 02:00:00","GB01","0",NA,NA,NA
"D","DISPATCH","UNIT_SCADA",1,"2024/02/01 02:00:00","GERMCRK","15.3190",NA,NA,NA
"D","DISPATCH","UNIT_SCADA",1,"2024/02/01 02:00:00","GRIFSF1","0",NA,NA,NA
"D","DISPATCH","UNIT_SCADA",1,"2024/02/01 02:00:00","HUGSF1","-0.0490",NA,NA,NA
"D","DISPATCH","UNIT_SCADA",1,"2024/02/01 02:00:00","KEPBG1","0",NA,NA,NA
"D","DISPATCH","UNIT_SCADA",1,"2024/02/01 02:00:00","LRSF1","0.0480",NA,NA,NA
"D","DISPATCH","UNIT_SCADA",1,"2024/02/01 02:00:00","MBAHNTH","45.168747",NA,NA,NA
"D","DISPATCH","UNIT_SCADA",1,"2024/02/01 02:00:00","MLSP1","0.0140",NA,NA,NA
"D","DISPATCH","UNIT_SCADA",1,"2024/02/01 02:00:00","MLWF1","0.7950",NA,NA,NA
"D","DISPATCH","UNIT_SCADA",1,"2024/02/01 02:00:00","PALOONA","0",NA,NA,NA
"D","DISPATCH","UNIT_SCADA",1,"2024/02/01 02:00:00","PIONEER","-0.40",NA,NA,NA
"D","DISPATCH","UNIT_SCADA",1,"2024/02/01 02:00:00","PORTWF","23.10",NA,NA,NA
"D","DISPATCH","UNIT_SCADA",1,"2024/02/01 02:00:00","REPULSE","9.080338",NA,NA,NA
"D","DISPATCH","UNIT_SCADA",1,"2024/02/01 02:00:00","ROWALLAN","0",NA,NA,NA
"D","DISPATCH","UNIT_SCADA",1,"2024/02/01 02:00:00","ROYALLA1","0",NA,NA,NA
"D","DISPATCH","UNIT_SCADA",1,"2024/02/01 02:00:00","RPCG","-0.20",NA,NA,NA
"D","DISPATCH","UNIT_SCADA",1,"2024/02/01 02:00:00","RUBICON","0.72",NA,NA,NA
"D","DISPATCH","UNIT_SCADA",1,"2024/02/01 02:00:00","SHOAL1","11.9750",NA,NA,NA
"D","DISPATCH","UNIT_SCADA",1,"2024/02/01 02:00:00","WAUBRAWF","39.727001",NA,NA,NA
"D","DISPATCH","UNIT_SCADA",1,"2024/02/01 02:00:00","WOOLNTH1","93.129997",NA,NA,NA
"D","DISPATCH","UNIT_SCADA",1,"2024/02/01 02:00:00","YAMBUKWF","1.80",NA,NA,NA
"D","DISPATCH","UNIT_SCADA",1,"2024/02/01 02:00:00","YSWF1","1.50",NA,NA,NA
"D","DISPATCH","UNIT_SCADA",1,"2024/02/01 02:10:00","BARCSF1","0.10",NA,NA,NA
"D","DISPATCH","UNIT_SCADA",1,"2024/02/01 02:10:00","BUTLERSG","9.099998",NA,NA,NA
"D","DISPATCH","UNIT_SCADA",1,"2024/02/01 02:10:00","BWTR1","14.0042",NA,NA,NA
"D","DISPATCH","UNIT_SCADA",1,"2024/02/01 02:10:00","CAPTL_WF","0",NA,NA,NA
"D","DISPATCH","UNIT_SCADA",1,"2024/02/01 02:10:00","CHALLHWF","1",NA,NA,NA
"D","DISPATCH","UNIT_SCADA",1,"2024/02/01 02:10:00","CLOVER","-0.02",NA,NA,NA
"D","DISPATCH","UNIT_SCADA",1,"2024/02/01 02:10:00","CLUNY","5.238270",NA,NA,NA
"D","DISPATCH","UNIT_SCADA",1,"2024/02/01 02:10:00","CONDONG1","-0.88",NA,NA,NA
"D","DISPATCH","UNIT_SCADA",1,"2024/02/01 02:10:00","CULLRGWF","11.03",NA,NA,NA
"D","DISPATCH","UNIT_SCADA",1,"2024/02/01 02:10:00","DIAPURWF1","0",NA,NA,NA
"D","DISPATCH","UNIT_SCADA",1,"2024/02/01 02:10:00","ERGT01","0",NA,NA,NA
"D","DISPATCH","UNIT_SCADA",1,"2024/02/01 02:10:00","GB01","0",NA,NA,NA
"D","DISPATCH","UNIT_SCADA",1,"2024/02/01 02:10:00","GERMCRK","15.8280",NA,NA,NA
"D","DISPATCH","UNIT_SCADA",1,"2024/02/01 02:10:00","GRIFSF1","0",NA,NA,NA
"D","DISPATCH","UNIT_SCADA",1,"2024/02/01 02:10:00","HUGSF1","-0.0490",NA,NA,NA
"D","DISPATCH","UNIT_SCADA",1,"2024/02/01 02:10:00","KEPBG1","0",NA,NA,NA
"D","DISPATCH","UNIT_SCADA",1,"2024/02/01 02:10:00","LRSF1","0.0480",NA,NA,NA
"D","DISPATCH","UNIT_SCADA",1,"2024/02/01 02:10:00","MBAHNTH","45",NA,NA,NA
"D","DISPATCH","UNIT_SCADA",1,"2024/02/01 02:10:00","MLSP1","0.0140",NA,NA,NA
"D","DISPATCH","UNIT_SCADA",1,"2024/02/01 02:10:00","MLWF1","0.90",NA,NA,NA
"D","DISPATCH","UNIT_SCADA",1,"2024/02/01 02:10:00","PALOONA","0",NA,NA,NA
"D","DISPATCH","UNIT_SCADA",1,"2024/02/01 02:10:00","PIONEER","-0.40",NA,NA,NA
"D","DISPATCH","UNIT_SCADA",1,"2024/02/01 02:10:00","PORTWF","28.700001",NA,NA,NA
"D","DISPATCH","UNIT_SCADA",1,"2024/02/01 02:10:00","REPULSE","9.029068",NA,NA,NA
"D","DISPATCH","UNIT_SCADA",1,"2024/02/01 02:10:00","ROWALLAN","0",NA,NA,NA
"D","DISPATCH","UNIT_SCADA",1,"2024/02/01 02:10:00","ROYALLA1","0",NA,NA,NA
"D","DISPATCH","UNIT_SCADA",1,"2024/02/01 02:10:00","RPCG","-0.20",NA,NA,NA
"D","DISPATCH","UNIT_SCADA",1,"2024/02/01 02:10:00","RUBICON","0.72",NA,NA,NA
"D","DISPATCH","UNIT_SCADA",1,"2024/02/01 02:10:00","SHOAL1","11.9750",NA,NA,NA
"D","DISPATCH","UNIT_SCADA",1,"2024/02/01 02:10:00","WAUBRAWF","37.703999",NA,NA,NA
"D","DISPATCH","UNIT_SCADA",1,"2024/02/01 02:10:00","WOOLNTH1","97.119995",NA,NA,NA
"D","DISPATCH","UNIT_SCADA",1,"2024/02/01 02:10:00","YAMBUKWF","2.40",NA,NA,NA
"D","DISPATCH","UNIT_SCADA",1,"2024/02/01 02:10:00","YSWF1","1.50",NA,NA,NA
"D","DISPATCH","UNIT_SCADA",1,"2024/02/01 02:15:00","BARCSF1","0.10",NA,NA,NA
"D","DISPATCH","UNIT_SCADA",1,"2024/02/01 02:15:00","BUTLERSG","9.099998",NA,NA,NA
"D","DISPATCH","UNIT_SCADA",1,"2024/02/01 02:15:00","BWTR1","14.0042",NA,NA,NA
"D","DISPATCH","UNIT_SCADA",1,"2024/02/01 02:15:00","CAPTL_WF","0",NA,NA,NA
"D","DISPATCH","UNIT_SCADA",1,"2024/02/01 02:15:00","CHALLHWF","0",NA,NA,NA
"D","DISPATCH","UNIT_SCADA",1,"2024/02/01 02:15:00","CLOVER","-0.01",NA,NA,NA
"D","DISPATCH","UNIT_SCADA",1,"2024/02/01 02:15:00","CLUNY","5.315175",NA,NA,NA
"D","DISPATCH","UNIT_SCADA",1,"2024/02/01 02:15:00","CONDONG1","-0.98",NA,NA,NA
"D","DISPATCH","UNIT_SCADA",1,"2024/02/01 02:15:00","CULLRGWF","11.86",NA,NA,NA
"D","DISPATCH","UNIT_SCADA",1,"2024/02/01 02:15:00","DIAPURWF1","0",NA,NA,NA
"D","DISPATCH","UNIT_SCADA",1,"2024/02/01 02:15:00","ERGT01","0",NA,NA,NA
"D","DISPATCH","UNIT_SCADA",1,"2024/02/01 02:15:00","GB01","0",NA,NA,NA
"D","DISPATCH","UNIT_SCADA",1,"2024/02/01 02:15:00","GERMCRK","15.8290",NA,NA,NA
"D","DISPATCH","UNIT_SCADA",1,"2024/02/01 02:15:00","GRIFSF1","0",NA,NA,NA
"D","DISPATCH","UNIT_SCADA",1,"2024/02/01 02:15:00","HUGSF1","-0.0490",NA,NA,NA
"D","DISPATCH","UNIT_SCADA",1,"2024/02/01 02:15:00","KEPBG1","0",NA,NA,NA
"D","DISPATCH","UNIT_SCADA",1,"2024/02/01 02:15:00","LRSF1","0.0480",NA,NA,NA
"D","DISPATCH","UNIT_SCADA",1,"2024/02/01 02:15:00","MBAHNTH","44.643753",NA,NA,NA
"D","DISPATCH","UNIT_SCADA",1,"2024/02/01 02:15:00","MLSP1","0.0140",NA,NA,NA
"D","DISPATCH","UNIT_SCADA",1,"2024/02/01 02:15:00","MLWF1","1.05",NA,NA,NA
"D","DISPATCH","UNIT_SCADA",1,"2024/02/01 02:15:00","PALOONA","0",NA,NA,NA
"D","DISPATCH","UNIT_SCADA",1,"2024/02/01 02:15:00","PIONEER","-0.40",NA,NA,NA
"D","DISPATCH","UNIT_SCADA",1,"2024/02/01 02:15:00","PORTWF","30.299999",NA,NA,NA
"D","DISPATCH","UNIT_SCADA",1,"2024/02/01 02:15:00","REPULSE","8.882582",NA,NA,NA
"D","DISPATCH","UNIT_SCADA",1,"2024/02/01 02:15:00","ROWALLAN","0",NA,NA,NA
"D","DISPATCH","UNIT_SCADA",1,"2024/02/01 02:15:00","ROYALLA1","0",NA,NA,NA
"D","DISPATCH","UNIT_SCADA",1,"2024/02/01 02:15:00","RPCG","-0.20",NA,NA,NA
"D","DISPATCH","UNIT_SCADA",1,"2024/02/01 02:15:00","RUBICON","0.72",NA,NA,NA
"D","DISPATCH","UNIT_SCADA",1,"2024/02/01 02:15:00","SHOAL1","11.9750",NA,NA,NA
"D","DISPATCH","UNIT_SCADA",1,"2024/02/01 02:15:00","WAUBRAWF","37.533001",NA,NA,NA
"D","DISPATCH","UNIT_SCADA",1,"2024/02/01 02:15:00","WOOLNTH1","100.259995",NA,NA,NA
"D","DISPATCH","UNIT_SCADA",1,"2024/02/01 02:15:00","YAMBUKWF","2.50",NA,NA,NA
"D","DISPATCH","UNIT_SCADA",1,"2024/02/01 02:15:00","YSWF1","1.20",NA,NA,NA
"D","DISPATCH","UNIT_SCADA",1,"2024/02/01 02:20:00","BARCSF1","0.10",NA,NA,NA
"D","DISPATCH","UNIT_SCADA",1,"2024/02/01 02:20:00","BUTLERSG","9.099998",NA,NA,NA
"D","DISPATCH","UNIT_SCADA",1,"2024/02/01 02:20:00","BWTR1","14.0042",NA,NA,NA
"D","DISPATCH","UNIT_SCADA",1,"2024/02/01 02:20:00","CAPTL_WF","0",NA,NA,NA
"D","DISPATCH","UNIT_SCADA",1,"2024/02/01 02:20:00","CHALLHWF","0",NA,NA,NA
"D","DISPATCH","UNIT_SCADA",1,"2024/02/01 02:20:00","CLOVER","-0.02",NA,NA,NA
"D","DISPATCH","UNIT_SCADA",1,"2024/02/01 02:20:00","CLUNY","5.219959",NA,NA,NA
"D","DISPATCH","UNIT_SCADA",1,"2024/02/01 02:20:00","CONDONG1","-0.88",NA,NA,NA
"D","DISPATCH","UNIT_SCADA",1,"2024/02/01 02:20:00","CULLRGWF","11.74",NA,NA,NA
"D","DISPATCH","UNIT_SCADA",1,"2024/02/01 02:20:00","DIAPURWF1","0",NA,NA,NA
"D","DISPATCH","UNIT_SCADA",1,"2024/02/01 02:20:00","ERGT01","0",NA,NA,NA
"D","DISPATCH","UNIT_SCADA",1,"2024/02/01 02:20:00","GB01","0",NA,NA,NA
"D","DISPATCH","UNIT_SCADA",1,"2024/02/01 02:20:00","GERMCRK","16.0760",NA,NA,NA
"D","DISPATCH","UNIT_SCADA",1,"2024/02/01 02:20:00","GRIFSF1","0",NA,NA,NA
"D","DISPATCH","UNIT_SCADA",1,"2024/02/01 02:20:00","HUGSF1","-0.0490",NA,NA,NA
"D","DISPATCH","UNIT_SCADA",1,"2024/02/01 02:20:00","KEPBG1","0",NA,NA,NA
"D","DISPATCH","UNIT_SCADA",1,"2024/02/01 02:20:00","LRSF1","0.0480",NA,NA,NA
"D","DISPATCH","UNIT_SCADA",1,"2024/02/01 02:20:00","MBAHNTH","44.718750",NA,NA,NA
"D","DISPATCH","UNIT_SCADA",1,"2024/02/01 02:20:00","MLSP1","0.0140",NA,NA,NA
"D","DISPATCH","UNIT_SCADA",1,"2024/02/01 02:20:00","MLWF1","1.5750",NA,NA,NA
"D","DISPATCH","UNIT_SCADA",1,"2024/02/01 02:20:00","PALOONA","0",NA,NA,NA
"D","DISPATCH","UNIT_SCADA",1,"2024/02/01 02:20:00","PIONEER","-0.40",NA,NA,NA
"D","DISPATCH","UNIT_SCADA",1,"2024/02/01 02:20:00","PORTWF","32.700001",NA,NA,NA
"D","DISPATCH","UNIT_SCADA",1,"2024/02/01 02:20:00","REPULSE","8.953383",NA,NA,NA
"D","DISPATCH","UNIT_SCADA",1,"2024/02/01 02:20:00","ROWALLAN","0",NA,NA,NA
"D","DISPATCH","UNIT_SCADA",1,"2024/02/01 02:20:00","ROYALLA1","0",NA,NA,NA
"D","DISPATCH","UNIT_SCADA",1,"2024/02/01 02:20:00","RPCG","-0.20",NA,NA,NA
"D","DISPATCH","UNIT_SCADA",1,"2024/02/01 02:20:00","RUBICON","0.72",NA,NA,NA
"D","DISPATCH","UNIT_SCADA",1,"2024/02/01 02:20:00","SHOAL1","11.9750",NA,NA,NA
"D","DISPATCH","UNIT_SCADA",1,"2024/02/01 02:20:00","WAUBRAWF","42.456001",NA,NA,NA
"D","DISPATCH","UNIT_SCADA",1,"2024/02/01 02:20:00","WOOLNTH1","101.619995",NA,NA,NA
"D","DISPATCH","UNIT_SCADA",1,"2024/02/01 02:20:00","YAMBUKWF","2.60",NA,NA,NA
"D","DISPATCH","UNIT_SCADA",1,"2024/02/01 02:20:00","YSWF1","1",NA,NA,NA
"D","DISPATCH","UNIT_SCADA",1,"2024/02/01 02:25:00","BARCSF1","0.10",NA,NA,NA
"D","DISPATCH","UNIT_SCADA",1,"2024/02/01 02:25:00","BUTLERSG","9.099998",NA,NA,NA
"D","DISPATCH","UNIT_SCADA",1,"2024/02/01 02:25:00","BWTR1","14.0042",NA,NA,NA
"D","DISPATCH","UNIT_SCADA",1,"2024/02/01 02:25:00","CAPTL_WF","0",NA,NA,NA
"D","DISPATCH","UNIT_SCADA",1,"2024/02/01 02:25:00","CHALLHWF","0",NA,NA,NA
"D","DISPATCH","UNIT_SCADA",1,"2024/02/01 02:25:00","CLOVER","-0.01",NA,NA,NA
"D","DISPATCH","UNIT_SCADA",1,"2024/02/01 02:25:00","CLUNY","5.267567",NA,NA,NA
"D","DISPATCH","UNIT_SCADA",1,"2024/02/01 02:25:00","CONDONG1","-0.91",NA,NA,NA
"D","DISPATCH","UNIT_SCADA",1,"2024/02/01 02:25:00","CULLRGWF","11.93",NA,NA,NA
"D","DISPATCH","UNIT_SCADA",1,"2024/02/01 02:25:00","DIAPURWF1","0",NA,NA,NA
"D","DISPATCH","UNIT_SCADA",1,"2024/02/01 02:25:00","ERGT01","0",NA,NA,NA
"D","DISPATCH","UNIT_SCADA",1,"2024/02/01 02:25:00","GB01","0",NA,NA,NA
"D","DISPATCH","UNIT_SCADA",1,"2024/02/01 02:25:00","GERMCRK","16.072001",NA,NA,NA
"D","DISPATCH","UNIT_SCADA",1,"2024/02/01 02:25:00","GRIFSF1","0",NA,NA,NA
"D","DISPATCH","UNIT_SCADA",1,"2024/02/01 02:25:00","HUGSF1","-0.0490",NA,NA,NA
"D","DISPATCH","UNIT_SCADA",1,"2024/02/01 02:25:00","KEPBG1","0",NA,NA,NA
"D","DISPATCH","UNIT_SCADA",1,"2024/02/01 02:25:00","LRSF1","0.0480",NA,NA,NA
"D","DISPATCH","UNIT_SCADA",1,"2024/02/01 02:25:00","MBAHNTH","44.906250",NA,NA,NA
"D","DISPATCH","UNIT_SCADA",1,"2024/02/01 02:25:00","MLSP1","0.0140",NA,NA,NA
"D","DISPATCH","UNIT_SCADA",1,"2024/02/01 02:25:00","MLWF1","1.89",NA,NA,NA
"D","DISPATCH","UNIT_SCADA",1,"2024/02/01 02:25:00","PALOONA","0",NA,NA,NA
"D","DISPATCH","UNIT_SCADA",1,"2024/02/01 02:25:00","PIONEER","-0.40",NA,NA,NA
"D","DISPATCH","UNIT_SCADA",1,"2024/02/01 02:25:00","PORTWF","32.099998",NA,NA,NA
"D","DISPATCH","UNIT_SCADA",1,"2024/02/01 02:25:00","REPULSE","9.156023",NA,NA,NA
"D","DISPATCH","UNIT_SCADA",1,"2024/02/01 02:25:00","ROWALLAN","0",NA,NA,NA
"D","DISPATCH","UNIT_SCADA",1,"2024/02/01 02:25:00","ROYALLA1","0",NA,NA,NA
"D","DISPATCH","UNIT_SCADA",1,"2024/02/01 02:25:00","RPCG","-0.20",NA,NA,NA
"D","DISPATCH","UNIT_SCADA",1,"2024/02/01 02:25:00","RUBICON","0.72",NA,NA,NA
"D","DISPATCH","UNIT_SCADA",1,"2024/02/01 02:25:00","SHOAL1","11.95",NA,NA,NA
"D","DISPATCH","UNIT_SCADA",1,"2024/02/01 02:25:00","WAUBRAWF","46.4370",NA,NA,NA
"D","DISPATCH","UNIT_SCADA",1,"2024/02/01 02:25:00","WOOLNTH1","105.169998",NA,NA,NA
"D","DISPATCH","UNIT_SCADA",1,"2024/02/01 02:25:00","YAMBUKWF","2.50",NA,NA,NA
"D","DISPATCH","UNIT_SCADA",1,"2024/02/01 02:25:00","YSWF1","0.80",NA,NA,NA
"D","DISPATCH","UNIT_SCADA",1,"2024/02/01 02:30:00","BARCSF1","0.10",NA,NA,NA
"D","DISPATCH","UNIT_SCADA",1,"2024/02/01 02:30:00","BUTLERSG","8.999998",NA,NA,NA
"D","DISPATCH","UNIT_SCADA",1,"2024/02/01 02:30:00","BWTR1","14.0042",NA,NA,NA
"D","DISPATCH","UNIT_SCADA",1,"2024/02/01 02:30:00","CAPTL_WF","0",NA,NA,NA
"D","DISPATCH","UNIT_SCADA",1,"2024/02/01 02:30:00","CHALLHWF","0",NA,NA,NA
"D","DISPATCH","UNIT_SCADA",1,"2024/02/01 02:30:00","CLOVER","-0.01",NA,NA,NA
"D","DISPATCH","UNIT_SCADA",1,"2024/02/01 02:30:00","CLUNY","4.891280",NA,NA,NA
"D","DISPATCH","UNIT_SCADA",1,"2024/02/01 02:30:00","CONDONG1","-0.96",NA,NA,NA
"D","DISPATCH","UNIT_SCADA",1,"2024/02/01 02:30:00","CULLRGWF","11.32",NA,NA,NA
"D","DISPATCH","UNIT_SCADA",1,"2024/02/01 02:30:00","DIAPURWF1","0",NA,NA,NA
"D","DISPATCH","UNIT_SCADA",1,"2024/02/01 02:30:00","ERGT01","0",NA,NA,NA
"D","DISPATCH","UNIT_SCADA",1,"2024/02/01 02:30:00","GB01","0",NA,NA,NA
"D","DISPATCH","UNIT_SCADA",1,"2024/02/01 02:30:00","GERMCRK","15.9540",NA,NA,NA
"D","DISPATCH","UNIT_SCADA",1,"2024/02/01 02:30:00","GRIFSF1","0",NA,NA,NA
"D","DISPATCH","UNIT_SCADA",1,"2024/02/01 02:30:00","HUGSF1","-0.0490",NA,NA,NA
"D","DISPATCH","UNIT_SCADA",1,"2024/02/01 02:30:00","KEPBG1","0",NA,NA,NA
"D","DISPATCH","UNIT_SCADA",1,"2024/02/01 02:30:00","LRSF1","0.0480",NA,NA,NA
"D","DISPATCH","UNIT_SCADA",1,"2024/02/01 02:30:00","MBAHNTH","45.206253",NA,NA,NA
"D","DISPATCH","UNIT_SCADA",1,"2024/02/01 02:30:00","MLSP1","0.0140",NA,NA,NA
"D","DISPATCH","UNIT_SCADA",1,"2024/02/01 02:30:00","MLWF1","1.6650",NA,NA,NA
"D","DISPATCH","UNIT_SCADA",1,"2024/02/01 02:30:00","PALOONA","0",NA,NA,NA
"D","DISPATCH","UNIT_SCADA",1,"2024/02/01 02:30:00","PIONEER","-0.40",NA,NA,NA
"D","DISPATCH","UNIT_SCADA",1,"2024/02/01 02:30:00","PORTWF","37.299999",NA,NA,NA
"D","DISPATCH","UNIT_SCADA",1,"2024/02/01 02:30:00","REPULSE","8.971695",NA,NA,NA
"D","DISPATCH","UNIT_SCADA",1,"2024/02/01 02:30:00","ROWALLAN","0",NA,NA,NA
"D","DISPATCH","UNIT_SCADA",1,"2024/02/01 02:30:00","ROYALLA1","0",NA,NA,NA
"D","DISPATCH","UNIT_SCADA",1,"2024/02/01 02:30:00","RPCG","-0.20",NA,NA,NA
"D","DISPATCH","UNIT_SCADA",1,"2024/02/01 02:30:00","RUBICON","0.72",NA,NA,NA
"D","DISPATCH","UNIT_SCADA",1,"2024/02/01 02:30:00","SHOAL1","11.95",NA,NA,NA
"D","DISPATCH","UNIT_SCADA",1,"2024/02/01 02:30:00","WAUBRAWF","40.188999",NA,NA,NA
"D","DISPATCH","UNIT_SCADA",1,"2024/02/01 02:30:00","WOOLNTH1","95.75",NA,NA,NA
"D","DISPATCH","UNIT_SCADA",1,"2024/02/01 02:30:00","YAMBUKWF","3",NA,NA,NA
"D","DISPATCH","UNIT_SCADA",1,"2024/02/01 02:30:00","YSWF1","0.80",NA,NA,NA
"D","DISPATCH","UNIT_SCADA",1,"2024/02/01 02:35:00","BARCSF1","0.10",NA,NA,NA
"D","DISPATCH","UNIT_SCADA",1,"2024/02/01 02:35:00","BUTLERSG","8.999998",NA,NA,NA
"D","DISPATCH","UNIT_SCADA",1,"2024/02/01 02:35:00","BWTR1","14.0042",NA,NA,NA
"D","DISPATCH","UNIT_SCADA",1,"2024/02/01 02:35:00","CAPTL_WF","0",NA,NA,NA
"D","DISPATCH","UNIT_SCADA",1,"2024/02/01 02:35:00","CHALLHWF","0",NA,NA,NA
"D","DISPATCH","UNIT_SCADA",1,"2024/02/01 02:35:00","CLOVER","-0.01",NA,NA,NA
"D","DISPATCH","UNIT_SCADA",1,"2024/02/01 02:35:00","CLUNY","5.238270",NA,NA,NA
"D","DISPATCH","UNIT_SCADA",1,"2024/02/01 02:35:00","CONDONG1","-0.97",NA,NA,NA
"D","DISPATCH","UNIT_SCADA",1,"2024/02/01 02:35:00","CULLRGWF","9.67",NA,NA,NA
"D","DISPATCH","UNIT_SCADA",1,"2024/02/01 02:35:00","DIAPURWF1","0",NA,NA,NA
"D","DISPATCH","UNIT_SCADA",1,"2024/02/01 02:35:00","ERGT01","0",NA,NA,NA
"D","DISPATCH","UNIT_SCADA",1,"2024/02/01 02:35:00","GB01","0",NA,NA,NA
"D","DISPATCH","UNIT_SCADA",1,"2024/02/01 02:35:00","GERMCRK","16.2470",NA,NA,NA
"D","DISPATCH","UNIT_SCADA",1,"2024/02/01 02:35:00","GRIFSF1","0",NA,NA,NA
"D","DISPATCH","UNIT_SCADA",1,"2024/02/01 02:35:00","HUGSF1","-0.0490",NA,NA,NA
"D","DISPATCH","UNIT_SCADA",1,"2024/02/01 02:35:00","KEPBG1","0",NA,NA,NA
"D","DISPATCH","UNIT_SCADA",1,"2024/02/01 02:35:00","LRSF1","0.0480",NA,NA,NA
"D","DISPATCH","UNIT_SCADA",1,"2024/02/01 02:35:00","MBAHNTH","44.699997",NA,NA,NA
"D","DISPATCH","UNIT_SCADA",1,"2024/02/01 02:35:00","MLSP1","0.0140",NA,NA,NA
"D","DISPATCH","UNIT_SCADA",1,"2024/02/01 02:35:00","MLWF1","1.68",NA,NA,NA
"D","DISPATCH","UNIT_SCADA",1,"2024/02/01 02:35:00","PALOONA","0",NA,NA,NA
"D","DISPATCH","UNIT_SCADA",1,"2024/02/01 02:35:00","PIONEER","-0.40",NA,NA,NA
"D","DISPATCH","UNIT_SCADA",1,"2024/02/01 02:35:00","PORTWF","40.900002",NA,NA,NA
"D","DISPATCH","UNIT_SCADA",1,"2024/02/01 02:35:00","REPULSE","9.175555",NA,NA,NA
"D","DISPATCH","UNIT_SCADA",1,"2024/02/01 02:35:00","ROWALLAN","0",NA,NA,NA
"D","DISPATCH","UNIT_SCADA",1,"2024/02/01 02:35:00","ROYALLA1","0",NA,NA,NA
"D","DISPATCH","UNIT_SCADA",1,"2024/02/01 02:35:00","RPCG","-0.20",NA,NA,NA
"D","DISPATCH","UNIT_SCADA",1,"2024/02/01 02:35:00","RUBICON","0.72",NA,NA,NA
"D","DISPATCH","UNIT_SCADA",1,"2024/02/01 02:35:00","SHOAL1","11.95",NA,NA,NA
"D","DISPATCH","UNIT_SCADA",1,"2024/02/01 02:35:00","WAUBRAWF","31.1460",NA,NA,NA
"D","DISPATCH","UNIT_SCADA",1,"2024/02/01 02:35:00","WOOLNTH1","96.699997",NA,NA,NA
"D","DISPATCH","UNIT_SCADA",1,"2024/02/02 00:15:00","MLSP1","0.0310",NA,NA,NA
"D","DISPATCH","UNIT_SCADA",1,"2024/02/02 00:15:00","MLWF1","5.8350",NA,NA,NA
"D","DISPATCH","UNIT_SCADA",1,"2024/02/02 00:15:00","PALOONA","0",NA,NA,NA
"D","DISPATCH","UNIT_SCADA",1,"2024/02/02 00:15:00","PIONEER","-0.40",NA,NA,NA
"D","DISPATCH","UNIT_SCADA",1,"2024/02/02 00:15:00","PORTWF","57.299999",NA,NA,NA
"D","DISPATCH","UNIT_SCADA",1,"2024/02/02 00:15:00","REPULSE","6.984359",NA,NA,NA
"D","DISPATCH","UNIT_SCADA",1,"2024/02/02 00:15:00","ROWALLAN","0",NA,NA,NA
"D","DISPATCH","UNIT_SCADA",1,"2024/02/02 00:15:00","ROYALLA1","0",NA,NA,NA
"D","DISPATCH","UNIT_SCADA",1,"2024/02/02 00:15:00","RPCG","3.90",NA,NA,NA
"D","DISPATCH","UNIT_SCADA",1,"2024/02/02 00:15:00","RUBICON","0.72",NA,NA,NA
"D","DISPATCH","UNIT_SCADA",1,"2024/02/02 00:15:00","SHOAL1","19.9750",NA,NA,NA
"D","DISPATCH","UNIT_SCADA",1,"2024/02/02 00:15:00","WAUBRAWF","105.220001",NA,NA,NA
"D","DISPATCH","UNIT_SCADA",1,"2024/02/02 00:15:00","WOOLNTH1","124.769997",NA,NA,NA
"D","DISPATCH","UNIT_SCADA",1,"2024/02/02 00:15:00","YAMBUKWF","17.40",NA,NA,NA
"D","DISPATCH","UNIT_SCADA",1,"2024/02/02 00:15:00","YSWF1","14.90",NA,NA,NA
"D","DISPATCH","UNIT_SCADA",1,"2024/02/02 00:20:00","BARCSF1","0",NA,NA,NA
"D","DISPATCH","UNIT_SCADA",1,"2024/02/02 00:20:00","BUTLERSG","8.999998",NA,NA,NA
"D","DISPATCH","UNIT_SCADA",1,"2024/02/02 00:20:00","BWTR1","14.975920",NA,NA,NA
"D","DISPATCH","UNIT_SCADA",1,"2024/02/02 00:20:00","CAPTL_WF","0",NA,NA,NA
"D","DISPATCH","UNIT_SCADA",1,"2024/02/02 00:20:00","CHALLHWF","7.80",NA,NA,NA
"D","DISPATCH","UNIT_SCADA",1,"2024/02/02 00:20:00","CLOVER","-0.10",NA,NA,NA
"D","DISPATCH","UNIT_SCADA",1,"2024/02/02 00:20:00","CLUNY","4.439002",NA,NA,NA
"D","DISPATCH","UNIT_SCADA",1,"2024/02/02 00:20:00","CONDONG1","-0.72",NA,NA,NA
"D","DISPATCH","UNIT_SCADA",1,"2024/02/02 00:20:00","CULLRGWF","9.59",NA,NA,NA
"D","DISPATCH","UNIT_SCADA",1,"2024/02/02 00:20:00","DIAPURWF1","0",NA,NA,NA
"D","DISPATCH","UNIT_SCADA",1,"2024/02/02 00:20:00","ERGT01","0",NA,NA,NA
"D","DISPATCH","UNIT_SCADA",1,"2024/02/02 00:20:00","GB01","0",NA,NA,NA
"D","DISPATCH","UNIT_SCADA",1,"2024/02/02 00:20:00","GERMCRK","15.3910",NA,NA,NA
"D","DISPATCH","UNIT_SCADA",1,"2024/02/02 00:20:00","GRIFSF1","0",NA,NA,NA
"D","DISPATCH","UNIT_SCADA",1,"2024/02/02 00:20:00","HUGSF1","-0.1480",NA,NA,NA
"D","DISPATCH","UNIT_SCADA",1,"2024/02/02 00:20:00","KEPBG1","0",NA,NA,NA
"D","DISPATCH","UNIT_SCADA",1,"2024/02/02 00:20:00","LRSF1","-0.03",NA,NA,NA
"D","DISPATCH","UNIT_SCADA",1,"2024/02/02 00:20:00","MBAHNTH","48.899994",NA,NA,NA
"D","DISPATCH","UNIT_SCADA",1,"2024/02/02 00:20:00","MLSP1","0.0310",NA,NA,NA
"D","DISPATCH","UNIT_SCADA",1,"2024/02/02 00:20:00","MLWF1","5.01",NA,NA,NA
"D","DISPATCH","UNIT_SCADA",1,"2024/02/02 00:20:00","PALOONA","0",NA,NA,NA
"D","DISPATCH","UNIT_SCADA",1,"2024/02/02 00:20:00","PIONEER","-0.40",NA,NA,NA
"D","DISPATCH","UNIT_SCADA",1,"2024/02/02 00:20:00","PORTWF","61.799999",NA,NA,NA
"D","DISPATCH","UNIT_SCADA",1,"2024/02/02 00:20:00","REPULSE","7.123522",NA,NA,NA
"D","DISPATCH","UNIT_SCADA",1,"2024/02/02 00:20:00","ROWALLAN","0",NA,NA,NA
"D","DISPATCH","UNIT_SCADA",1,"2024/02/02 00:20:00","ROYALLA1","0",NA,NA,NA
"D","DISPATCH","UNIT_SCADA",1,"2024/02/02 00:20:00","RPCG","3.70",NA,NA,NA
"D","DISPATCH","UNIT_SCADA",1,"2024/02/02 00:20:00","RUBICON","0.81",NA,NA,NA
"D","DISPATCH","UNIT_SCADA",1,"2024/02/02 00:20:00","SHOAL1","19.950001",NA,NA,NA
"D","DISPATCH","UNIT_SCADA",1,"2024/02/02 00:20:00","WAUBRAWF","109.459999",NA,NA,NA
"D","DISPATCH","UNIT_SCADA",1,"2024/02/02 00:20:00","WOOLNTH1","127.440002",NA,NA,NA
"D","DISPATCH","UNIT_SCADA",1,"2024/02/02 00:20:00","YAMBUKWF","19.299999",NA,NA,NA
"D","DISPATCH","UNIT_SCADA",1,"2024/02/02 00:20:00","YSWF1","13.40",NA,NA,NA
"D","DISPATCH","UNIT_SCADA",1,"2024/02/02 00:25:00","BARCSF1","0",NA,NA,NA
"D","DISPATCH","UNIT_SCADA",1,"2024/02/02 00:25:00","BUTLERSG","8.999998",NA,NA,NA
"D","DISPATCH","UNIT_SCADA",1,"2024/02/02 00:25:00","BWTR1","14.975920",NA,NA,NA
"D","DISPATCH","UNIT_SCADA",1,"2024/02/02 00:25:00","CAPTL_WF","0",NA,NA,NA
"D","DISPATCH","UNIT_SCADA",1,"2024/02/02 00:25:00","CHALLHWF","8.10",NA,NA,NA
"D","DISPATCH","UNIT_SCADA",1,"2024/02/02 00:25:00","CLOVER","-0.11",NA,NA,NA
"D","DISPATCH","UNIT_SCADA",1,"2024/02/02 00:25:00","CLUNY","4.481117",NA,NA,NA
"D","DISPATCH","UNIT_SCADA",1,"2024/02/02 00:25:00","CONDONG1","-0.72",NA,NA,NA
"D","DISPATCH","UNIT_SCADA",1,"2024/02/02 00:25:00","CULLRGWF","10.48",NA,NA,NA
"D","DISPATCH","UNIT_SCADA",1,"2024/02/02 00:25:00","DIAPURWF1","0",NA,NA,NA
"D","DISPATCH","UNIT_SCADA",1,"2024/02/02 00:25:00","ERGT01","0",NA,NA,NA
"D","DISPATCH","UNIT_SCADA",1,"2024/02/02 00:25:00","GB01","0",NA,NA,NA
"D","DISPATCH","UNIT_SCADA",1,"2024/02/02 00:25:00","GERMCRK","15.5320",NA,NA,NA
"D","DISPATCH","UNIT_SCADA",1,"2024/02/02 00:25:00","GRIFSF1","0",NA,NA,NA
"D","DISPATCH","UNIT_SCADA",1,"2024/02/02 00:25:00","HUGSF1","-0.1480",NA,NA,NA
"D","DISPATCH","UNIT_SCADA",1,"2024/02/02 00:25:00","KEPBG1","0",NA,NA,NA
"D","DISPATCH","UNIT_SCADA",1,"2024/02/02 00:25:00","LRSF1","-0.03",NA,NA,NA
"D","DISPATCH","UNIT_SCADA",1,"2024/02/02 00:25:00","MBAHNTH","48.824997",NA,NA,NA
"D","DISPATCH","UNIT_SCADA",1,"2024/02/02 00:25:00","MLSP1","0.0310",NA,NA,NA
"D","DISPATCH","UNIT_SCADA",1,"2024/02/02 00:25:00","MLWF1","4.9950",NA,NA,NA
"D","DISPATCH","UNIT_SCADA",1,"2024/02/02 00:25:00","PALOONA","0",NA,NA,NA
"D","DISPATCH","UNIT_SCADA",1,"2024/02/02 00:25:00","PIONEER","-0.40",NA,NA,NA
"D","DISPATCH","UNIT_SCADA",1,"2024/02/02 00:25:00","PORTWF","67.199997",NA,NA,NA
"D","DISPATCH","UNIT_SCADA",1,"2024/02/02 00:25:00","REPULSE","7.200427",NA,NA,NA
"D","DISPATCH","UNIT_SCADA",1,"2024/02/02 00:25:00","ROWALLAN","0",NA,NA,NA
"D","DISPATCH","UNIT_SCADA",1,"2024/02/02 00:25:00","ROYALLA1","0",NA,NA,NA
"D","DISPATCH","UNIT_SCADA",1,"2024/02/02 00:25:00","RPCG","3.70",NA,NA,NA
"D","DISPATCH","UNIT_SCADA",1,"2024/02/02 00:25:00","RUBICON","0.81",NA,NA,NA
"D","DISPATCH","UNIT_SCADA",1,"2024/02/02 00:25:00","SHOAL1","19.950001",NA,NA,NA
"D","DISPATCH","UNIT_SCADA",1,"2024/02/02 00:25:00","WAUBRAWF","108.384003",NA,NA,NA
"D","DISPATCH","UNIT_SCADA",1,"2024/02/02 00:25:00","WOOLNTH1","124.919998",NA,NA,NA
"D","DISPATCH","UNIT_SCADA",1,"2024/02/02 00:25:00","YAMBUKWF","19.90",NA,NA,NA
"D","DISPATCH","UNIT_SCADA",1,"2024/02/02 00:25:00","YSWF1","13.40",NA,NA,NA
"D","DISPATCH","UNIT_SCADA",1,"2024/02/02 00:35:00","BARCSF1","0",NA,NA,NA
"D","DISPATCH","UNIT_SCADA",1,"2024/02/02 00:35:00","BUTLERSG","8.999998",NA,NA,NA
"D","DISPATCH","UNIT_SCADA",1,"2024/02/02 00:35:00","BWTR1","14.975920",NA,NA,NA
"D","DISPATCH","UNIT_SCADA",1,"2024/02/02 00:35:00","CAPTL_WF","0",NA,NA,NA
"D","DISPATCH","UNIT_SCADA",1,"2024/02/02 00:35:00","CHALLHWF","10.20",NA,NA,NA
"D","DISPATCH","UNIT_SCADA",1,"2024/02/02 00:35:00","CLOVER","-0.11",NA,NA,NA
"D","DISPATCH","UNIT_SCADA",1,"2024/02/02 00:35:00","CLUNY","4.504921",NA,NA,NA
"D","DISPATCH","UNIT_SCADA",1,"2024/02/02 00:35:00","CONDONG1","-0.73",NA,NA,NA
"D","DISPATCH","UNIT_SCADA",1,"2024/02/02 00:35:00","CULLRGWF","8.98",NA,NA,NA
"D","DISPATCH","UNIT_SCADA",1,"2024/02/02 00:35:00","DIAPURWF1","0",NA,NA,NA
"D","DISPATCH","UNIT_SCADA",1,"2024/02/02 00:35:00","ERGT01","0",NA,NA,NA
"D","DISPATCH","UNIT_SCADA",1,"2024/02/02 00:35:00","GB01","0",NA,NA,NA
"D","DISPATCH","UNIT_SCADA",1,"2024/02/02 00:35:00","GERMCRK","17.120001",NA,NA,NA
"D","DISPATCH","UNIT_SCADA",1,"2024/02/02 00:35:00","GRIFSF1","0",NA,NA,NA
"D","DISPATCH","UNIT_SCADA",1,"2024/02/02 00:35:00","HUGSF1","-0.1480",NA,NA,NA
"D","DISPATCH","UNIT_SCADA",1,"2024/02/02 00:35:00","KEPBG1","0",NA,NA,NA
"D","DISPATCH","UNIT_SCADA",1,"2024/02/02 00:35:00","LRSF1","-0.03",NA,NA,NA
"D","DISPATCH","UNIT_SCADA",1,"2024/02/02 00:35:00","MBAHNTH","48.824997",NA,NA,NA
"D","DISPATCH","UNIT_SCADA",1,"2024/02/02 00:35:00","MLSP1","0.0310",NA,NA,NA
"D","DISPATCH","UNIT_SCADA",1,"2024/02/02 00:35:00","MLWF1","4.4250",NA,NA,NA
"D","DISPATCH","UNIT_SCADA",1,"2024/02/02 00:35:00","PALOONA","0",NA,NA,NA
"D","DISPATCH","UNIT_SCADA",1,"2024/02/02 00:35:00","PIONEER","-0.40",NA,NA,NA
"D","DISPATCH","UNIT_SCADA",1,"2024/02/02 00:35:00","PORTWF","76",NA,NA,NA
"D","DISPATCH","UNIT_SCADA",1,"2024/02/02 00:35:00","REPULSE","6.901350",NA,NA,NA
"D","DISPATCH","UNIT_SCADA",1,"2024/02/02 00:35:00","ROWALLAN","0",NA,NA,NA
"D","DISPATCH","UNIT_SCADA",1,"2024/02/02 00:35:00","ROYALLA1","0",NA,NA,NA
"D","DISPATCH","UNIT_SCADA",1,"2024/02/02 00:35:00","RPCG","3.70",NA,NA,NA
"D","DISPATCH","UNIT_SCADA",1,"2024/02/02 00:35:00","RUBICON","0.81",NA,NA,NA
"D","DISPATCH","UNIT_SCADA",1,"2024/02/02 00:35:00","SHOAL1","19.950001",NA,NA,NA
"D","DISPATCH","UNIT_SCADA",1,"2024/02/02 00:35:00","WAUBRAWF","128.671997",NA,NA,NA
"D","DISPATCH","UNIT_SCADA",1,"2024/02/02 00:35:00","WOOLNTH1","127.709999",NA,NA,NA
"D","DISPATCH","UNIT_SCADA",1,"2024/02/02 00:35:00","YAMBUKWF","21.50",NA,NA,NA
"D","DISPATCH","UNIT_SCADA",1,"2024/02/02 00:35:00","YSWF1","14",NA,NA,NA
"D","DISPATCH","UNIT_SCADA",1,"2024/02/02 00:45:00","BARCSF1","0",NA,NA,NA
"D","DISPATCH","UNIT_SCADA",1,"2024/02/02 00:45:00","BUTLERSG","9.099998",NA,NA,NA
"D","DISPATCH","UNIT_SCADA",1,"2024/02/02 00:45:00","BWTR1","14.975920",NA,NA,NA
"D","DISPATCH","UNIT_SCADA",1,"2024/02/02 00:45:00","CAPTL_WF","0",NA,NA,NA
"D","DISPATCH","UNIT_SCADA",1,"2024/02/02 00:45:00","CHALLHWF","9.50",NA,NA,NA
"D","DISPATCH","UNIT_SCADA",1,"2024/02/02 00:45:00","CLOVER","-0.10",NA,NA,NA
"D","DISPATCH","UNIT_SCADA",1,"2024/02/02 00:45:00","CLUNY","4.400549",NA,NA,NA
"D","DISPATCH","UNIT_SCADA",1,"2024/02/02 00:45:00","CONDONG1","-0.72",NA,NA,NA
"D","DISPATCH","UNIT_SCADA",1,"2024/02/02 00:45:00","CULLRGWF","6.40",NA,NA,NA
"D","DISPATCH","UNIT_SCADA",1,"2024/02/02 00:45:00","DIAPURWF1","0",NA,NA,NA
"D","DISPATCH","UNIT_SCADA",1,"2024/02/02 00:45:00","ERGT01","0",NA,NA,NA
"D","DISPATCH","UNIT_SCADA",1,"2024/02/02 00:45:00","GB01","0",NA,NA,NA
"D","DISPATCH","UNIT_SCADA",1,"2024/02/02 00:45:00","GERMCRK","17.5140",NA,NA,NA
"D","DISPATCH","UNIT_SCADA",1,"2024/02/02 00:45:00","GRIFSF1","0",NA,NA,NA
"D","DISPATCH","UNIT_SCADA",1,"2024/02/02 00:45:00","HUGSF1","-0.1480",NA,NA,NA
"D","DISPATCH","UNIT_SCADA",1,"2024/02/02 00:45:00","KEPBG1","0",NA,NA,NA
"D","DISPATCH","UNIT_SCADA",1,"2024/02/02 00:45:00","LRSF1","-0.03",NA,NA,NA
"D","DISPATCH","UNIT_SCADA",1,"2024/02/02 00:45:00","MBAHNTH","48.918747",NA,NA,NA
"D","DISPATCH","UNIT_SCADA",1,"2024/02/02 00:45:00","MLSP1","0.0310",NA,NA,NA
"D","DISPATCH","UNIT_SCADA",1,"2024/02/02 00:45:00","MLWF1","5.0550",NA,NA,NA
"D","DISPATCH","UNIT_SCADA",1,"2024/02/02 00:45:00","PALOONA","0",NA,NA,NA
"D","DISPATCH","UNIT_SCADA",1,"2024/02/02 00:45:00","PIONEER","-0.40",NA,NA,NA
"D","DISPATCH","UNIT_SCADA",1,"2024/02/02 00:45:00","PORTWF","65.199997",NA,NA,NA
"D","DISPATCH","UNIT_SCADA",1,"2024/02/02 00:45:00","REPULSE","6.895247",NA,NA,NA
"D","DISPATCH","UNIT_SCADA",1,"2024/02/02 00:45:00","ROWALLAN","0",NA,NA,NA
"D","DISPATCH","UNIT_SCADA",1,"2024/02/02 00:45:00","ROYALLA1","0",NA,NA,NA
"D","DISPATCH","UNIT_SCADA",1,"2024/02/02 00:45:00","RPCG","3.70",NA,NA,NA
"D","DISPATCH","UNIT_SCADA",1,"2024/02/02 00:45:00","RUBICON","0.81",NA,NA,NA
"D","DISPATCH","UNIT_SCADA",1,"2024/02/02 00:45:00","SHOAL1","19.950001",NA,NA,NA
"D","DISPATCH","UNIT_SCADA",1,"2024/02/02 00:45:00","WAUBRAWF","131.919006",NA,NA,NA
"D","DISPATCH","UNIT_SCADA",1,"2024/02/02 00:45:00","WOOLNTH1","128.519989",NA,NA,NA
"D","DISPATCH","UNIT_SCADA",1,"2024/02/02 00:45:00","YAMBUKWF","21.90",NA,NA,NA
"D","DISPATCH","UNIT_SCADA",1,"2024/02/02 00:45:00","YSWF1","13.10",NA,NA,NA
"D","DISPATCH","UNIT_SCADA",1,"2024/02/02 00:50:00","BARCSF1","0",NA,NA,NA
"D","DISPATCH","UNIT_SCADA",1,"2024/02/02 00:50:00","BUTLERSG","9.099998",NA,NA,NA
"D","DISPATCH","UNIT_SCADA",1,"2024/02/02 00:50:00","BWTR1","14.975920",NA,NA,NA
"D","DISPATCH","UNIT_SCADA",1,"2024/02/02 00:50:00","CAPTL_WF","0",NA,NA,NA
"D","DISPATCH","UNIT_SCADA",1,"2024/02/02 00:50:00","CHALLHWF","8.90",NA,NA,NA
"D","DISPATCH","UNIT_SCADA",1,"2024/02/02 00:50:00","CLOVER","-0.10",NA,NA,NA
"D","DISPATCH","UNIT_SCADA",1,"2024/02/02 00:50:00","CLUNY","4.415198",NA,NA,NA
"D","DISPATCH","UNIT_SCADA",1,"2024/02/02 00:50:00","CONDONG1","-0.72",NA,NA,NA
"D","DISPATCH","UNIT_SCADA",1,"2024/02/02 00:50:00","CULLRGWF","7.05",NA,NA,NA
"D","DISPATCH","UNIT_SCADA",1,"2024/02/02 00:50:00","DIAPURWF1","0",NA,NA,NA
"D","DISPATCH","UNIT_SCADA",1,"2024/02/02 00:50:00","ERGT01","0",NA,NA,NA
"D","DISPATCH","UNIT_SCADA",1,"2024/02/02 00:50:00","GB01","0",NA,NA,NA
"D","DISPATCH","UNIT_SCADA",1,"2024/02/02 00:50:00","GERMCRK","17.221001",NA,NA,NA
"D","DISPATCH","UNIT_SCADA",1,"2024/02/02 00:50:00","GRIFSF1","0",NA,NA,NA
"D","DISPATCH","UNIT_SCADA",1,"2024/02/02 00:50:00","HUGSF1","-0.1480",NA,NA,NA
"D","DISPATCH","UNIT_SCADA",1,"2024/02/02 00:50:00","KEPBG1","0",NA,NA,NA
"D","DISPATCH","UNIT_SCADA",1,"2024/02/02 00:50:00","LRSF1","-0.03",NA,NA,NA
"D","DISPATCH","UNIT_SCADA",1,"2024/02/02 00:50:00","MBAHNTH","48.806244",NA,NA,NA
"D","DISPATCH","UNIT_SCADA",1,"2024/02/02 00:50:00","MLSP1","0.0310",NA,NA,NA
"D","DISPATCH","UNIT_SCADA",1,"2024/02/02 00:50:00","MLWF1","5.4750",NA,NA,NA
"D","DISPATCH","UNIT_SCADA",1,"2024/02/02 00:50:00","PALOONA","0",NA,NA,NA
"D","DISPATCH","UNIT_SCADA",1,"2024/02/02 00:50:00","PIONEER","-0.40",NA,NA,NA
"D","DISPATCH","UNIT_SCADA",1,"2024/02/02 00:50:00","PORTWF","65.300003",NA,NA,NA
"D","DISPATCH","UNIT_SCADA",1,"2024/02/02 00:50:00","REPULSE","6.901350",NA,NA,NA
"D","DISPATCH","UNIT_SCADA",1,"2024/02/02 00:50:00","ROWALLAN","0",NA,NA,NA
"D","DISPATCH","UNIT_SCADA",1,"2024/02/02 00:50:00","ROYALLA1","0",NA,NA,NA
"D","DISPATCH","UNIT_SCADA",1,"2024/02/02 00:50:00","RPCG","4.10",NA,NA,NA
"D","DISPATCH","UNIT_SCADA",1,"2024/02/02 00:50:00","RUBICON","0.81",NA,NA,NA
"D","DISPATCH","UNIT_SCADA",1,"2024/02/02 00:50:00","SHOAL1","19.9750",NA,NA,NA
"D","DISPATCH","UNIT_SCADA",1,"2024/02/02 00:50:00","WAUBRAWF","134.546005",NA,NA,NA
"D","DISPATCH","UNIT_SCADA",1,"2024/02/02 00:50:00","WOOLNTH1","125.269997",NA,NA,NA
"D","DISPATCH","UNIT_SCADA",1,"2024/02/02 00:50:00","YAMBUKWF","20.50",NA,NA,NA
"D","DISPATCH","UNIT_SCADA",1,"2024/02/02 00:50:00","YSWF1","13.60",NA,NA,NA
"D","DISPATCH","UNIT_SCADA",1,"2024/02/02 01:10:00","BARCSF1","0",NA,NA,NA
"D","DISPATCH","UNIT_SCADA",1,"2024/02/02 01:10:00","BUTLERSG","9.099998",NA,NA,NA
"D","DISPATCH","UNIT_SCADA",1,"2024/02/02 01:10:00","BWTR1","14.632960",NA,NA,NA
"D","DISPATCH","UNIT_SCADA",1,"2024/02/02 01:10:00","CAPTL_WF","0",NA,NA,NA
"D","DISPATCH","UNIT_SCADA",1,"2024/02/02 01:10:00","CHALLHWF","10.799999",NA,NA,NA
"D","DISPATCH","UNIT_SCADA",1,"2024/02/02 01:10:00","CLOVER","-0.10",NA,NA,NA
"D","DISPATCH","UNIT_SCADA",1,"2024/02/02 01:10:00","CLUNY","4.443580",NA,NA,NA
"D","DISPATCH","UNIT_SCADA",1,"2024/02/02 01:10:00","CONDONG1","-0.72",NA,NA,NA
"D","DISPATCH","UNIT_SCADA",1,"2024/02/02 01:10:00","CULLRGWF","8.75",NA,NA,NA
"D","DISPATCH","UNIT_SCADA",1,"2024/02/02 01:10:00","DIAPURWF1","0",NA,NA,NA
"D","DISPATCH","UNIT_SCADA",1,"2024/02/02 01:10:00","ERGT01","0",NA,NA,NA
"D","DISPATCH","UNIT_SCADA",1,"2024/02/02 01:10:00","GB01","0",NA,NA,NA
"D","DISPATCH","UNIT_SCADA",1,"2024/02/02 01:10:00","GERMCRK","17.290001",NA,NA,NA
"D","DISPATCH","UNIT_SCADA",1,"2024/02/02 01:10:00","GRIFSF1","0",NA,NA,NA
"D","DISPATCH","UNIT_SCADA",1,"2024/02/02 01:10:00","HUGSF1","-0.1480",NA,NA,NA
"D","DISPATCH","UNIT_SCADA",1,"2024/02/02 01:10:00","KEPBG1","0",NA,NA,NA
"D","DISPATCH","UNIT_SCADA",1,"2024/02/02 01:10:00","LRSF1","-0.03",NA,NA,NA
"D","DISPATCH","UNIT_SCADA",1,"2024/02/02 01:10:00","MBAHNTH","48.806244",NA,NA,NA
"D","DISPATCH","UNIT_SCADA",1,"2024/02/02 01:10:00","MLSP1","0.0310",NA,NA,NA
"D","DISPATCH","UNIT_SCADA",1,"2024/02/02 01:10:00","MLWF1","7.38",NA,NA,NA
"D","DISPATCH","UNIT_SCADA",1,"2024/02/02 01:10:00","PALOONA","0",NA,NA,NA
"D","DISPATCH","UNIT_SCADA",1,"2024/02/02 01:10:00","PIONEER","-0.40",NA,NA,NA
"D","DISPATCH","UNIT_SCADA",1,"2024/02/02 01:10:00","PORTWF","78.199997",NA,NA,NA
"D","DISPATCH","UNIT_SCADA",1,"2024/02/02 01:10:00","REPULSE","6.787823",NA,NA,NA
"D","DISPATCH","UNIT_SCADA",1,"2024/02/02 01:10:00","ROWALLAN","0",NA,NA,NA
"D","DISPATCH","UNIT_SCADA",1,"2024/02/02 01:10:00","ROYALLA1","0",NA,NA,NA
"D","DISPATCH","UNIT_SCADA",1,"2024/02/02 01:10:00","RPCG","5.10",NA,NA,NA
"D","DISPATCH","UNIT_SCADA",1,"2024/02/02 01:10:00","RUBICON","0.81",NA,NA,NA
"D","DISPATCH","UNIT_SCADA",1,"2024/02/02 01:10:00","SHOAL1","19.9750",NA,NA,NA
"D","DISPATCH","UNIT_SCADA",1,"2024/02/02 01:10:00","WAUBRAWF","130.475998",NA,NA,NA
"D","DISPATCH","UNIT_SCADA",1,"2024/02/02 01:10:00","WOOLNTH1","126.149994",NA,NA,NA
"D","DISPATCH","UNIT_SCADA",1,"2024/02/02 01:10:00","YAMBUKWF","20.60",NA,NA,NA
"D","DISPATCH","UNIT_SCADA",1,"2024/02/02 01:10:00","YSWF1","16",NA,NA,NA
"D","DISPATCH","UNIT_SCADA",1,"2024/02/02 01:20:00","BARCSF1","0",NA,NA,NA
"D","DISPATCH","UNIT_SCADA",1,"2024/02/02 01:20:00","BUTLERSG","9.099998",NA,NA,NA
"D","DISPATCH","UNIT_SCADA",1,"2024/02/02 01:20:00","BWTR1","14.632960",NA,NA,NA
"D","DISPATCH","UNIT_SCADA",1,"2024/02/02 01:20:00","CAPTL_WF","0",NA,NA,NA
"D","DISPATCH","UNIT_SCADA",1,"2024/02/02 01:20:00","CHALLHWF","12.90",NA,NA,NA
"D","DISPATCH","UNIT_SCADA",1,"2024/02/02 01:20:00","CLOVER","-0.10",NA,NA,NA
"D","DISPATCH","UNIT_SCADA",1,"2024/02/02 01:20:00","CLUNY","4.491188",NA,NA,NA
"D","DISPATCH","UNIT_SCADA",1,"2024/02/02 01:20:00","CONDONG1","-0.73",NA,NA,NA
"D","DISPATCH","UNIT_SCADA",1,"2024/02/02 01:20:00","CULLRGWF","8.73",NA,NA,NA
"D","DISPATCH","UNIT_SCADA",1,"2024/02/02 01:20:00","DIAPURWF1","0",NA,NA,NA
"D","DISPATCH","UNIT_SCADA",1,"2024/02/02 01:20:00","ERGT01","0",NA,NA,NA
"D","DISPATCH","UNIT_SCADA",1,"2024/02/02 01:20:00","GB01","0",NA,NA,NA
"D","DISPATCH","UNIT_SCADA",1,"2024/02/02 01:20:00","GERMCRK","17.3780",NA,NA,NA
"D","DISPATCH","UNIT_SCADA",1,"2024/02/02 01:20:00","GRIFSF1","0",NA,NA,NA
"D","DISPATCH","UNIT_SCADA",1,"2024/02/02 01:20:00","HUGSF1","-0.1480",NA,NA,NA
"D","DISPATCH","UNIT_SCADA",1,"2024/02/02 01:20:00","KEPBG1","0",NA,NA,NA
"D","DISPATCH","UNIT_SCADA",1,"2024/02/02 01:20:00","LRSF1","-0.03",NA,NA,NA
"D","DISPATCH","UNIT_SCADA",1,"2024/02/02 01:20:00","MBAHNTH","48.899994",NA,NA,NA
"D","DISPATCH","UNIT_SCADA",1,"2024/02/02 01:20:00","MLSP1","0.0310",NA,NA,NA
"D","DISPATCH","UNIT_SCADA",1,"2024/02/02 01:20:00","MLWF1","12.0450",NA,NA,NA
"D","DISPATCH","UNIT_SCADA",1,"2024/02/02 01:20:00","PALOONA","0",NA,NA,NA
"D","DISPATCH","UNIT_SCADA",1,"2024/02/02 01:20:00","PIONEER","-0.40",NA,NA,NA
"D","DISPATCH","UNIT_SCADA",1,"2024/02/02 01:20:00","PORTWF","74.400002",NA,NA,NA
"D","DISPATCH","UNIT_SCADA",1,"2024/02/02 01:20:00","REPULSE","6.920882",NA,NA,NA
"D","DISPATCH","UNIT_SCADA",1,"2024/02/02 01:20:00","ROWALLAN","0",NA,NA,NA
"D","DISPATCH","UNIT_SCADA",1,"2024/02/02 01:20:00","ROYALLA1","0",NA,NA,NA
"D","DISPATCH","UNIT_SCADA",1,"2024/02/02 01:20:00","RPCG","6.50",NA,NA,NA
"D","DISPATCH","UNIT_SCADA",1,"2024/02/02 01:20:00","RUBICON","0.81",NA,NA,NA
"D","DISPATCH","UNIT_SCADA",1,"2024/02/02 01:20:00","SHOAL1","19.9750",NA,NA,NA
"D","DISPATCH","UNIT_SCADA",1,"2024/02/02 01:20:00","WAUBRAWF","122.661003",NA,NA,NA
"D","DISPATCH","UNIT_SCADA",1,"2024/02/02 01:20:00","WOOLNTH1","126.68",NA,NA,NA
"D","DISPATCH","UNIT_SCADA",1,"2024/02/02 01:20:00","YAMBUKWF","23.200001",NA,NA,NA
"D","DISPATCH","UNIT_SCADA",1,"2024/02/02 01:20:00","YSWF1","16.40",NA,NA,NA
"D","DISPATCH","UNIT_SCADA",1,"2024/02/02 01:25:00","BARCSF1","0",NA,NA,NA
"D","DISPATCH","UNIT_SCADA",1,"2024/02/02 01:25:00","BUTLERSG","9.099998",NA,NA,NA
"D","DISPATCH","UNIT_SCADA",1,"2024/02/02 01:25:00","BWTR1","14.632960",NA,NA,NA
"D","DISPATCH","UNIT_SCADA",1,"2024/02/02 01:25:00","CAPTL_WF","0",NA,NA,NA
"D","DISPATCH","UNIT_SCADA",1,"2024/02/02 01:25:00","CHALLHWF","11.80",NA,NA,NA
"D","DISPATCH","UNIT_SCADA",1,"2024/02/02 01:25:00","CLOVER","-0.10",NA,NA,NA
"D","DISPATCH","UNIT_SCADA",1,"2024/02/02 01:25:00","CLUNY","4.500343",NA,NA,NA
"D","DISPATCH","UNIT_SCADA",1,"2024/02/02 01:25:00","CONDONG1","-0.73",NA,NA,NA
"D","DISPATCH","UNIT_SCADA",1,"2024/02/02 01:25:00","CULLRGWF","8.70",NA,NA,NA
"D","DISPATCH","UNIT_SCADA",1,"2024/02/02 01:25:00","DIAPURWF1","0",NA,NA,NA
"D","DISPATCH","UNIT_SCADA",1,"2024/02/02 01:25:00","ERGT01","0",NA,NA,NA
"D","DISPATCH","UNIT_SCADA",1,"2024/02/02 01:25:00","GB01","0",NA,NA,NA
"D","DISPATCH","UNIT_SCADA",1,"2024/02/02 01:25:00","GERMCRK","17.268999",NA,NA,NA
"D","DISPATCH","UNIT_SCADA",1,"2024/02/02 01:25:00","GRIFSF1","0",NA,NA,NA
"D","DISPATCH","UNIT_SCADA",1,"2024/02/02 01:25:00","HUGSF1","-0.1480",NA,NA,NA
"D","DISPATCH","UNIT_SCADA",1,"2024/02/02 01:25:00","KEPBG1","0",NA,NA,NA
"D","DISPATCH","UNIT_SCADA",1,"2024/02/02 01:25:00","LRSF1","-0.03",NA,NA,NA
"D","DISPATCH","UNIT_SCADA",1,"2024/02/02 01:25:00","MBAHNTH","49.256256",NA,NA,NA
"D","DISPATCH","UNIT_SCADA",1,"2024/02/02 01:25:00","MLSP1","0.0310",NA,NA,NA
"D","DISPATCH","UNIT_SCADA",1,"2024/02/02 01:25:00","MLWF1","14.01",NA,NA,NA
"D","DISPATCH","UNIT_SCADA",1,"2024/02/02 01:25:00","PALOONA","0",NA,NA,NA
"D","DISPATCH","UNIT_SCADA",1,"2024/02/02 01:25:00","PIONEER","-0.40",NA,NA,NA
"D","DISPATCH","UNIT_SCADA",1,"2024/02/02 01:25:00","PORTWF","64",NA,NA,NA
"D","DISPATCH","UNIT_SCADA",1,"2024/02/02 01:25:00","REPULSE","7.041733",NA,NA,NA
"D","DISPATCH","UNIT_SCADA",1,"2024/02/02 01:25:00","ROWALLAN","0",NA,NA,NA
"D","DISPATCH","UNIT_SCADA",1,"2024/02/02 01:25:00","ROYALLA1","0",NA,NA,NA
"D","DISPATCH","UNIT_SCADA",1,"2024/02/02 01:25:00","RPCG","8",NA,NA,NA
"D","DISPATCH","UNIT_SCADA",1,"2024/02/02 01:25:00","RUBICON","0.81",NA,NA,NA
"D","DISPATCH","UNIT_SCADA",1,"2024/02/02 01:25:00","SHOAL1","19.9750",NA,NA,NA
"D","DISPATCH","UNIT_SCADA",1,"2024/02/02 01:25:00","WAUBRAWF","111.773003",NA,NA,NA
"D","DISPATCH","UNIT_SCADA",1,"2024/02/02 01:25:00","WOOLNTH1","123.499992",NA,NA,NA
"D","DISPATCH","UNIT_SCADA",1,"2024/02/02 01:25:00","YAMBUKWF","22.299999",NA,NA,NA
"D","DISPATCH","UNIT_SCADA",1,"2024/02/02 01:25:00","YSWF1","12.90",NA,NA,NA
"D","DISPATCH","UNIT_SCADA",1,"2024/02/02 01:40:00","BARCSF1","0",NA,NA,NA
"D","DISPATCH","UNIT_SCADA",1,"2024/02/02 01:40:00","BUTLERSG","8.999998",NA,NA,NA
"D","DISPATCH","UNIT_SCADA",1,"2024/02/02 01:40:00","BWTR1","14.632960",NA,NA,NA
"D","DISPATCH","UNIT_SCADA",1,"2024/02/02 01:40:00","CAPTL_WF","0",NA,NA,NA
"D","DISPATCH","UNIT_SCADA",1,"2024/02/02 01:40:00","CHALLHWF","12.30",NA,NA,NA
"D","DISPATCH","UNIT_SCADA",1,"2024/02/02 01:40:00","CLOVER","-0.10",NA,NA,NA
"D","DISPATCH","UNIT_SCADA",1,"2024/02/02 01:40:00","CLUNY","4.495766",NA,NA,NA
"D","DISPATCH","UNIT_SCADA",1,"2024/02/02 01:40:00","CONDONG1","-0.72",NA,NA,NA
"D","DISPATCH","UNIT_SCADA",1,"2024/02/02 01:40:00","CULLRGWF","8.91",NA,NA,NA
"D","DISPATCH","UNIT_SCADA",1,"2024/02/02 01:40:00","DIAPURWF1","0",NA,NA,NA
"D","DISPATCH","UNIT_SCADA",1,"2024/02/02 01:40:00","ERGT01","0",NA,NA,NA
"D","DISPATCH","UNIT_SCADA",1,"2024/02/02 01:40:00","GB01","0",NA,NA,NA
"D","DISPATCH","UNIT_SCADA",1,"2024/02/02 01:40:00","GERMCRK","17.4970",NA,NA,NA
"D","DISPATCH","UNIT_SCADA",1,"2024/02/02 01:40:00","GRIFSF1","0",NA,NA,NA
"D","DISPATCH","UNIT_SCADA",1,"2024/02/02 01:40:00","HUGSF1","-0.1480",NA,NA,NA
"D","DISPATCH","UNIT_SCADA",1,"2024/02/01 23:25:00","WAUBRAWF","140.442993",NA,NA,NA
"D","DISPATCH","UNIT_SCADA",1,"2024/02/01 23:25:00","WOOLNTH1","123.749992",NA,NA,NA
"D","DISPATCH","UNIT_SCADA",1,"2024/02/01 23:25:00","YAMBUKWF","18.700001",NA,NA,NA
"D","DISPATCH","UNIT_SCADA",1,"2024/02/01 23:25:00","YSWF1","19.90",NA,NA,NA
"D","DISPATCH","UNIT_SCADA",1,"2024/02/01 23:30:00","BARCSF1","0",NA,NA,NA
"D","DISPATCH","UNIT_SCADA",1,"2024/02/01 23:30:00","BUTLERSG","9.099998",NA,NA,NA
"D","DISPATCH","UNIT_SCADA",1,"2024/02/01 23:30:00","BWTR1","14.975920",NA,NA,NA
"D","DISPATCH","UNIT_SCADA",1,"2024/02/01 23:30:00","CAPTL_WF","0",NA,NA,NA
"D","DISPATCH","UNIT_SCADA",1,"2024/02/01 23:30:00","CHALLHWF","9.80",NA,NA,NA
"D","DISPATCH","UNIT_SCADA",1,"2024/02/01 23:30:00","CLOVER","-0.11",NA,NA,NA
"D","DISPATCH","UNIT_SCADA",1,"2024/02/01 23:30:00","CLUNY","4.534218",NA,NA,NA
"D","DISPATCH","UNIT_SCADA",1,"2024/02/01 23:30:00","CONDONG1","-0.71",NA,NA,NA
"D","DISPATCH","UNIT_SCADA",1,"2024/02/01 23:30:00","CULLRGWF","12.27",NA,NA,NA
"D","DISPATCH","UNIT_SCADA",1,"2024/02/01 23:30:00","DIAPURWF1","0",NA,NA,NA
"D","DISPATCH","UNIT_SCADA",1,"2024/02/01 23:30:00","ERGT01","0",NA,NA,NA
"D","DISPATCH","UNIT_SCADA",1,"2024/02/01 23:30:00","GB01","0",NA,NA,NA
"D","DISPATCH","UNIT_SCADA",1,"2024/02/01 23:30:00","GERMCRK","15.5990",NA,NA,NA
"D","DISPATCH","UNIT_SCADA",1,"2024/02/01 23:30:00","GRIFSF1","0",NA,NA,NA
"D","DISPATCH","UNIT_SCADA",1,"2024/02/01 23:30:00","HUGSF1","-0.1480",NA,NA,NA
"D","DISPATCH","UNIT_SCADA",1,"2024/02/01 23:30:00","KEPBG1","0",NA,NA,NA
"D","DISPATCH","UNIT_SCADA",1,"2024/02/01 23:30:00","LRSF1","-0.03",NA,NA,NA
"D","DISPATCH","UNIT_SCADA",1,"2024/02/01 23:30:00","MBAHNTH","46.818756",NA,NA,NA
"D","DISPATCH","UNIT_SCADA",1,"2024/02/01 23:30:00","MLSP1","0.0310",NA,NA,NA
"D","DISPATCH","UNIT_SCADA",1,"2024/02/01 23:30:00","MLWF1","4.26",NA,NA,NA
"D","DISPATCH","UNIT_SCADA",1,"2024/02/01 23:30:00","PALOONA","0",NA,NA,NA
"D","DISPATCH","UNIT_SCADA",1,"2024/02/01 23:30:00","PIONEER","-0.40",NA,NA,NA
"D","DISPATCH","UNIT_SCADA",1,"2024/02/01 23:30:00","PORTWF","76.800003",NA,NA,NA
"D","DISPATCH","UNIT_SCADA",1,"2024/02/01 23:30:00","REPULSE","7.123522",NA,NA,NA
"D","DISPATCH","UNIT_SCADA",1,"2024/02/01 23:30:00","ROWALLAN","0",NA,NA,NA
"D","DISPATCH","UNIT_SCADA",1,"2024/02/01 23:30:00","ROYALLA1","0",NA,NA,NA
"D","DISPATCH","UNIT_SCADA",1,"2024/02/01 23:30:00","RPCG","-1.70",NA,NA,NA
"D","DISPATCH","UNIT_SCADA",1,"2024/02/01 23:30:00","RUBICON","0.81",NA,NA,NA
"D","DISPATCH","UNIT_SCADA",1,"2024/02/01 23:30:00","SHOAL1","19.950001",NA,NA,NA
"D","DISPATCH","UNIT_SCADA",1,"2024/02/01 23:30:00","WAUBRAWF","140.143005",NA,NA,NA
"D","DISPATCH","UNIT_SCADA",1,"2024/02/01 23:30:00","WOOLNTH1","126.689995",NA,NA,NA
"D","DISPATCH","UNIT_SCADA",1,"2024/02/01 23:30:00","YAMBUKWF","19.50",NA,NA,NA
"D","DISPATCH","UNIT_SCADA",1,"2024/02/01 23:30:00","YSWF1","18.700001",NA,NA,NA
"D","DISPATCH","UNIT_SCADA",1,"2024/02/01 23:35:00","BARCSF1","0",NA,NA,NA
"D","DISPATCH","UNIT_SCADA",1,"2024/02/01 23:35:00","BUTLERSG","8.999998",NA,NA,NA
"D","DISPATCH","UNIT_SCADA",1,"2024/02/01 23:35:00","BWTR1","14.632960",NA,NA,NA
"D","DISPATCH","UNIT_SCADA",1,"2024/02/01 23:35:00","CAPTL_WF","0",NA,NA,NA
"D","DISPATCH","UNIT_SCADA",1,"2024/02/01 23:35:00","CHALLHWF","10",NA,NA,NA
"D","DISPATCH","UNIT_SCADA",1,"2024/02/01 23:35:00","CLOVER","-0.10",NA,NA,NA
"D","DISPATCH","UNIT_SCADA",1,"2024/02/01 23:35:00","CLUNY","4.428931",NA,NA,NA
"D","DISPATCH","UNIT_SCADA",1,"2024/02/01 23:35:00","CONDONG1","-0.71",NA,NA,NA
"D","DISPATCH","UNIT_SCADA",1,"2024/02/01 23:35:00","CULLRGWF","11.92",NA,NA,NA
"D","DISPATCH","UNIT_SCADA",1,"2024/02/01 23:35:00","DIAPURWF1","0",NA,NA,NA
"D","DISPATCH","UNIT_SCADA",1,"2024/02/01 23:35:00","ERGT01","0",NA,NA,NA
"D","DISPATCH","UNIT_SCADA",1,"2024/02/01 23:35:00","GB01","0",NA,NA,NA
"D","DISPATCH","UNIT_SCADA",1,"2024/02/01 23:35:00","GERMCRK","15.5320",NA,NA,NA
"D","DISPATCH","UNIT_SCADA",1,"2024/02/01 23:35:00","GRIFSF1","0",NA,NA,NA
"D","DISPATCH","UNIT_SCADA",1,"2024/02/01 23:35:00","HUGSF1","-0.1480",NA,NA,NA
"D","DISPATCH","UNIT_SCADA",1,"2024/02/01 23:35:00","KEPBG1","0",NA,NA,NA
"D","DISPATCH","UNIT_SCADA",1,"2024/02/01 23:35:00","LRSF1","-0.03",NA,NA,NA
"D","DISPATCH","UNIT_SCADA",1,"2024/02/01 23:35:00","MBAHNTH","46.762497",NA,NA,NA
"D","DISPATCH","UNIT_SCADA",1,"2024/02/01 23:35:00","MLSP1","0.0310",NA,NA,NA
"D","DISPATCH","UNIT_SCADA",1,"2024/02/01 23:35:00","MLWF1","5.0550",NA,NA,NA
"D","DISPATCH","UNIT_SCADA",1,"2024/02/01 23:35:00","PALOONA","0",NA,NA,NA
"D","DISPATCH","UNIT_SCADA",1,"2024/02/01 23:35:00","PIONEER","-0.40",NA,NA,NA
"D","DISPATCH","UNIT_SCADA",1,"2024/02/01 23:35:00","PORTWF","70.900002",NA,NA,NA
"D","DISPATCH","UNIT_SCADA",1,"2024/02/01 23:35:00","REPULSE","7.028306",NA,NA,NA
"D","DISPATCH","UNIT_SCADA",1,"2024/02/01 23:35:00","ROWALLAN","0",NA,NA,NA
"D","DISPATCH","UNIT_SCADA",1,"2024/02/01 23:35:00","ROYALLA1","0",NA,NA,NA
"D","DISPATCH","UNIT_SCADA",1,"2024/02/01 23:35:00","RPCG","-1.70",NA,NA,NA
"D","DISPATCH","UNIT_SCADA",1,"2024/02/01 23:35:00","RUBICON","0.81",NA,NA,NA
"D","DISPATCH","UNIT_SCADA",1,"2024/02/01 23:35:00","SHOAL1","19.950001",NA,NA,NA
"D","DISPATCH","UNIT_SCADA",1,"2024/02/01 23:35:00","WAUBRAWF","143.985992",NA,NA,NA
"D","DISPATCH","UNIT_SCADA",1,"2024/02/01 23:35:00","WOOLNTH1","128.229996",NA,NA,NA
"D","DISPATCH","UNIT_SCADA",1,"2024/02/01 23:35:00","YAMBUKWF","18.10",NA,NA,NA
"D","DISPATCH","UNIT_SCADA",1,"2024/02/01 23:35:00","YSWF1","21.799999",NA,NA,NA
"D","DISPATCH","UNIT_SCADA",1,"2024/02/01 23:45:00","BARCSF1","0",NA,NA,NA
"D","DISPATCH","UNIT_SCADA",1,"2024/02/01 23:45:00","BUTLERSG","9.099998",NA,NA,NA
"D","DISPATCH","UNIT_SCADA",1,"2024/02/01 23:45:00","BWTR1","14.632960",NA,NA,NA
"D","DISPATCH","UNIT_SCADA",1,"2024/02/01 23:45:00","CAPTL_WF","0",NA,NA,NA
"D","DISPATCH","UNIT_SCADA",1,"2024/02/01 23:45:00","CHALLHWF","11",NA,NA,NA
"D","DISPATCH","UNIT_SCADA",1,"2024/02/01 23:45:00","CLOVER","-0.09",NA,NA,NA
"D","DISPATCH","UNIT_SCADA",1,"2024/02/01 23:45:00","CLUNY","4.457313",NA,NA,NA
"D","DISPATCH","UNIT_SCADA",1,"2024/02/01 23:45:00","CONDONG1","-0.71",NA,NA,NA
"D","DISPATCH","UNIT_SCADA",1,"2024/02/01 23:45:00","CULLRGWF","10.29",NA,NA,NA
"D","DISPATCH","UNIT_SCADA",1,"2024/02/01 23:45:00","DIAPURWF1","0",NA,NA,NA
"D","DISPATCH","UNIT_SCADA",1,"2024/02/01 23:45:00","ERGT01","0",NA,NA,NA
"D","DISPATCH","UNIT_SCADA",1,"2024/02/01 23:45:00","GB01","0",NA,NA,NA
"D","DISPATCH","UNIT_SCADA",1,"2024/02/01 23:45:00","GERMCRK","15.6360",NA,NA,NA
"D","DISPATCH","UNIT_SCADA",1,"2024/02/01 23:45:00","GRIFSF1","0",NA,NA,NA
"D","DISPATCH","UNIT_SCADA",1,"2024/02/01 23:45:00","HUGSF1","-0.1480",NA,NA,NA
"D","DISPATCH","UNIT_SCADA",1,"2024/02/01 23:45:00","KEPBG1","0",NA,NA,NA
"D","DISPATCH","UNIT_SCADA",1,"2024/02/01 23:45:00","LRSF1","-0.03",NA,NA,NA
"D","DISPATCH","UNIT_SCADA",1,"2024/02/01 23:45:00","MBAHNTH","47.324997",NA,NA,NA
"D","DISPATCH","UNIT_SCADA",1,"2024/02/01 23:45:00","MLSP1","0.0310",NA,NA,NA
"D","DISPATCH","UNIT_SCADA",1,"2024/02/01 23:45:00","MLWF1","6.27",NA,NA,NA
"D","DISPATCH","UNIT_SCADA",1,"2024/02/01 23:45:00","PALOONA","0",NA,NA,NA
"D","DISPATCH","UNIT_SCADA",1,"2024/02/01 23:45:00","PIONEER","-0.40",NA,NA,NA
"D","DISPATCH","UNIT_SCADA",1,"2024/02/01 23:45:00","PORTWF","74.800003",NA,NA,NA
"D","DISPATCH","UNIT_SCADA",1,"2024/02/01 23:45:00","REPULSE","6.781720",NA,NA,NA
"D","DISPATCH","UNIT_SCADA",1,"2024/02/01 23:45:00","ROWALLAN","0",NA,NA,NA
"D","DISPATCH","UNIT_SCADA",1,"2024/02/01 23:45:00","ROYALLA1","0",NA,NA,NA
"D","DISPATCH","UNIT_SCADA",1,"2024/02/01 23:45:00","RPCG","-0.50",NA,NA,NA
"D","DISPATCH","UNIT_SCADA",1,"2024/02/01 23:45:00","RUBICON","0.81",NA,NA,NA
"D","DISPATCH","UNIT_SCADA",1,"2024/02/01 23:45:00","SHOAL1","19.950001",NA,NA,NA
"D","DISPATCH","UNIT_SCADA",1,"2024/02/01 23:45:00","WAUBRAWF","135.507996",NA,NA,NA
"D","DISPATCH","UNIT_SCADA",1,"2024/02/01 23:45:00","WOOLNTH1","126.239990",NA,NA,NA
"D","DISPATCH","UNIT_SCADA",1,"2024/02/01 23:45:00","YAMBUKWF","17.40",NA,NA,NA
"D","DISPATCH","UNIT_SCADA",1,"2024/02/01 23:45:00","YSWF1","17.50",NA,NA,NA
"D","DISPATCH","UNIT_SCADA",1,"2024/02/02 00:10:00","BARCSF1","0",NA,NA,NA
"D","DISPATCH","UNIT_SCADA",1,"2024/02/02 00:10:00","BUTLERSG","9.099998",NA,NA,NA
"D","DISPATCH","UNIT_SCADA",1,"2024/02/02 00:10:00","BWTR1","14.632960",NA,NA,NA
"D","DISPATCH","UNIT_SCADA",1,"2024/02/02 00:10:00","CAPTL_WF","0",NA,NA,NA
"D","DISPATCH","UNIT_SCADA",1,"2024/02/02 00:10:00","CHALLHWF","11.50",NA,NA,NA
"D","DISPATCH","UNIT_SCADA",1,"2024/02/02 00:10:00","CLOVER","-0.11",NA,NA,NA
"D","DISPATCH","UNIT_SCADA",1,"2024/02/02 00:10:00","CLUNY","4.448157",NA,NA,NA
"D","DISPATCH","UNIT_SCADA",1,"2024/02/02 00:10:00","CONDONG1","-0.71",NA,NA,NA
"D","DISPATCH","UNIT_SCADA",1,"2024/02/02 00:10:00","CULLRGWF","6.41",NA,NA,NA
"D","DISPATCH","UNIT_SCADA",1,"2024/02/02 00:10:00","DIAPURWF1","0",NA,NA,NA
"D","DISPATCH","UNIT_SCADA",1,"2024/02/02 00:10:00","ERGT01","0",NA,NA,NA
"D","DISPATCH","UNIT_SCADA",1,"2024/02/02 00:10:00","GB01","0",NA,NA,NA
"D","DISPATCH","UNIT_SCADA",1,"2024/02/02 00:10:00","GERMCRK","15.43",NA,NA,NA
"D","DISPATCH","UNIT_SCADA",1,"2024/02/02 00:10:00","GRIFSF1","0",NA,NA,NA
"D","DISPATCH","UNIT_SCADA",1,"2024/02/02 00:10:00","HUGSF1","-0.1480",NA,NA,NA
"D","DISPATCH","UNIT_SCADA",1,"2024/02/02 00:10:00","KEPBG1","0",NA,NA,NA
"D","DISPATCH","UNIT_SCADA",1,"2024/02/02 00:10:00","LRSF1","-0.03",NA,NA,NA
"D","DISPATCH","UNIT_SCADA",1,"2024/02/02 00:10:00","MBAHNTH","48.881256",NA,NA,NA
"D","DISPATCH","UNIT_SCADA",1,"2024/02/02 00:10:00","MLSP1","0.0310",NA,NA,NA
"D","DISPATCH","UNIT_SCADA",1,"2024/02/02 00:10:00","MLWF1","4.9950",NA,NA,NA
"D","DISPATCH","UNIT_SCADA",1,"2024/02/02 00:10:00","PALOONA","0",NA,NA,NA
"D","DISPATCH","UNIT_SCADA",1,"2024/02/02 00:10:00","PIONEER","-0.40",NA,NA,NA
"D","DISPATCH","UNIT_SCADA",1,"2024/02/02 00:10:00","PORTWF","56.099998",NA,NA,NA
"D","DISPATCH","UNIT_SCADA",1,"2024/02/02 00:10:00","REPULSE","6.908675",NA,NA,NA
"D","DISPATCH","UNIT_SCADA",1,"2024/02/02 00:10:00","ROWALLAN","0",NA,NA,NA
"D","DISPATCH","UNIT_SCADA",1,"2024/02/02 00:10:00","ROYALLA1","0",NA,NA,NA
"D","DISPATCH","UNIT_SCADA",1,"2024/02/02 00:10:00","RPCG","3.90",NA,NA,NA
"D","DISPATCH","UNIT_SCADA",1,"2024/02/02 00:10:00","RUBICON","0.81",NA,NA,NA
"D","DISPATCH","UNIT_SCADA",1,"2024/02/02 00:10:00","SHOAL1","19.9750",NA,NA,NA
"D","DISPATCH","UNIT_SCADA",1,"2024/02/02 00:10:00","WAUBRAWF","109.952003",NA,NA,NA
"D","DISPATCH","UNIT_SCADA",1,"2024/02/02 00:10:00","WOOLNTH1","127.300003",NA,NA,NA
"D","DISPATCH","UNIT_SCADA",1,"2024/02/02 00:10:00","YAMBUKWF","17.299999",NA,NA,NA
"D","DISPATCH","UNIT_SCADA",1,"2024/02/02 00:10:00","YSWF1","16",NA,NA,NA
"D","DISPATCH","UNIT_SCADA",1,"2024/02/02 00:30:00","BARCSF1","0",NA,NA,NA
"D","DISPATCH","UNIT_SCADA",1,"2024/02/02 00:30:00","BUTLERSG","8.999998",NA,NA,NA
"D","DISPATCH","UNIT_SCADA",1,"2024/02/02 00:30:00","BWTR1","14.975920",NA,NA,NA
"D","DISPATCH","UNIT_SCADA",1,"2024/02/02 00:30:00","CAPTL_WF","0",NA,NA,NA
"D","DISPATCH","UNIT_SCADA",1,"2024/02/02 00:30:00","CHALLHWF","9.700001",NA,NA,NA
"D","DISPATCH","UNIT_SCADA",1,"2024/02/02 00:30:00","CLOVER","-0.10",NA,NA,NA
"D","DISPATCH","UNIT_SCADA",1,"2024/02/02 00:30:00","CLUNY","4.571755",NA,NA,NA
"D","DISPATCH","UNIT_SCADA",1,"2024/02/02 00:30:00","CONDONG1","-0.72",NA,NA,NA
"D","DISPATCH","UNIT_SCADA",1,"2024/02/02 00:30:00","CULLRGWF","10.48",NA,NA,NA
"D","DISPATCH","UNIT_SCADA",1,"2024/02/02 00:30:00","DIAPURWF1","0",NA,NA,NA
"D","DISPATCH","UNIT_SCADA",1,"2024/02/02 00:30:00","ERGT01","0",NA,NA,NA
"D","DISPATCH","UNIT_SCADA",1,"2024/02/02 00:30:00","GB01","0",NA,NA,NA
"D","DISPATCH","UNIT_SCADA",1,"2024/02/02 00:30:00","GERMCRK","16.1870",NA,NA,NA
"D","DISPATCH","UNIT_SCADA",1,"2024/02/02 00:30:00","GRIFSF1","0",NA,NA,NA
"D","DISPATCH","UNIT_SCADA",1,"2024/02/02 00:30:00","HUGSF1","-0.1480",NA,NA,NA
"D","DISPATCH","UNIT_SCADA",1,"2024/02/02 00:30:00","KEPBG1","0",NA,NA,NA
"D","DISPATCH","UNIT_SCADA",1,"2024/02/02 00:30:00","LRSF1","-0.03",NA,NA,NA
"D","DISPATCH","UNIT_SCADA",1,"2024/02/02 00:30:00","MBAHNTH","49.631256",NA,NA,NA
"D","DISPATCH","UNIT_SCADA",1,"2024/02/02 00:30:00","MLSP1","0.0310",NA,NA,NA
"D","DISPATCH","UNIT_SCADA",1,"2024/02/02 00:30:00","MLWF1","4.32",NA,NA,NA
"D","DISPATCH","UNIT_SCADA",1,"2024/02/02 00:30:00","PALOONA","0",NA,NA,NA
"D","DISPATCH","UNIT_SCADA",1,"2024/02/02 00:30:00","PIONEER","-0.40",NA,NA,NA
"D","DISPATCH","UNIT_SCADA",1,"2024/02/02 00:30:00","PORTWF","74.900002",NA,NA,NA
"D","DISPATCH","UNIT_SCADA",1,"2024/02/02 00:30:00","REPULSE","7.028306",NA,NA,NA
"D","DISPATCH","UNIT_SCADA",1,"2024/02/02 00:30:00","ROWALLAN","0",NA,NA,NA
"D","DISPATCH","UNIT_SCADA",1,"2024/02/02 00:30:00","ROYALLA1","0",NA,NA,NA
"D","DISPATCH","UNIT_SCADA",1,"2024/02/02 00:30:00","RPCG","4.80",NA,NA,NA
"D","DISPATCH","UNIT_SCADA",1,"2024/02/02 00:30:00","RUBICON","0.72",NA,NA,NA
"D","DISPATCH","UNIT_SCADA",1,"2024/02/02 00:30:00","SHOAL1","19.950001",NA,NA,NA
"D","DISPATCH","UNIT_SCADA",1,"2024/02/02 00:30:00","WAUBRAWF","117.122002",NA,NA,NA
"D","DISPATCH","UNIT_SCADA",1,"2024/02/02 00:30:00","WOOLNTH1","127.929993",NA,NA,NA
"D","DISPATCH","UNIT_SCADA",1,"2024/02/02 00:30:00","YAMBUKWF","20",NA,NA,NA
"D","DISPATCH","UNIT_SCADA",1,"2024/02/02 00:30:00","YSWF1","13.20",NA,NA,NA
"D","DISPATCH","UNIT_SCADA",1,"2024/02/02 00:40:00","BARCSF1","0",NA,NA,NA
"D","DISPATCH","UNIT_SCADA",1,"2024/02/02 00:40:00","BUTLERSG","9.099998",NA,NA,NA
"D","DISPATCH","UNIT_SCADA",1,"2024/02/02 00:40:00","BWTR1","14.975920",NA,NA,NA
"D","DISPATCH","UNIT_SCADA",1,"2024/02/02 00:40:00","CAPTL_WF","0",NA,NA,NA
"D","DISPATCH","UNIT_SCADA",1,"2024/02/02 00:40:00","CHALLHWF","9.10",NA,NA,NA
"D","DISPATCH","UNIT_SCADA",1,"2024/02/02 00:40:00","CLOVER","-0.10",NA,NA,NA
"D","DISPATCH","UNIT_SCADA",1,"2024/02/02 00:40:00","CLUNY","4.467384",NA,NA,NA
"D","DISPATCH","UNIT_SCADA",1,"2024/02/02 00:40:00","CONDONG1","-0.72",NA,NA,NA
"D","DISPATCH","UNIT_SCADA",1,"2024/02/02 00:40:00","CULLRGWF","6.12",NA,NA,NA
"D","DISPATCH","UNIT_SCADA",1,"2024/02/02 00:40:00","DIAPURWF1","0",NA,NA,NA
"D","DISPATCH","UNIT_SCADA",1,"2024/02/02 00:40:00","ERGT01","0",NA,NA,NA
"D","DISPATCH","UNIT_SCADA",1,"2024/02/02 00:40:00","GB01","0",NA,NA,NA
"D","DISPATCH","UNIT_SCADA",1,"2024/02/02 00:40:00","GERMCRK","17.459999",NA,NA,NA
"D","DISPATCH","UNIT_SCADA",1,"2024/02/02 00:40:00","GRIFSF1","0",NA,NA,NA
"D","DISPATCH","UNIT_SCADA",1,"2024/02/02 00:40:00","HUGSF1","-0.1480",NA,NA,NA
"D","DISPATCH","UNIT_SCADA",1,"2024/02/02 00:40:00","KEPBG1","0",NA,NA,NA
"D","DISPATCH","UNIT_SCADA",1,"2024/02/02 00:40:00","LRSF1","-0.03",NA,NA,NA
"D","DISPATCH","UNIT_SCADA",1,"2024/02/02 00:40:00","MBAHNTH","48.731247",NA,NA,NA
"D","DISPATCH","UNIT_SCADA",1,"2024/02/02 00:40:00","MLSP1","0.0310",NA,NA,NA
"D","DISPATCH","UNIT_SCADA",1,"2024/02/02 00:40:00","MLWF1","4.8150",NA,NA,NA
"D","DISPATCH","UNIT_SCADA",1,"2024/02/02 00:40:00","PALOONA","0",NA,NA,NA
"D","DISPATCH","UNIT_SCADA",1,"2024/02/02 00:40:00","PIONEER","-0.40",NA,NA,NA
"D","DISPATCH","UNIT_SCADA",1,"2024/02/02 00:40:00","PORTWF","71.50",NA,NA,NA
"D","DISPATCH","UNIT_SCADA",1,"2024/02/02 00:40:00","REPULSE","7.022202",NA,NA,NA
"D","DISPATCH","UNIT_SCADA",1,"2024/02/02 00:40:00","ROWALLAN","0",NA,NA,NA
"D","DISPATCH","UNIT_SCADA",1,"2024/02/02 00:40:00","ROYALLA1","0",NA,NA,NA
"D","DISPATCH","UNIT_SCADA",1,"2024/02/02 00:40:00","RPCG","3.70",NA,NA,NA
"D","DISPATCH","UNIT_SCADA",1,"2024/02/02 00:40:00","RUBICON","0.81",NA,NA,NA
"D","DISPATCH","UNIT_SCADA",1,"2024/02/02 00:40:00","SHOAL1","19.950001",NA,NA,NA
"D","DISPATCH","UNIT_SCADA",1,"2024/02/02 00:40:00","WAUBRAWF","128.981995",NA,NA,NA
"D","DISPATCH","UNIT_SCADA",1,"2024/02/02 00:40:00","WOOLNTH1","125.469994",NA,NA,NA
"D","DISPATCH","UNIT_SCADA",1,"2024/02/02 00:40:00","YAMBUKWF","20.700001",NA,NA,NA
"D","DISPATCH","UNIT_SCADA",1,"2024/02/02 00:40:00","YSWF1","12.20",NA,NA,NA
"D","DISPATCH","UNIT_SCADA",1,"2024/02/02 00:55:00","BARCSF1","0",NA,NA,NA
"D","DISPATCH","UNIT_SCADA",1,"2024/02/02 00:55:00","BUTLERSG","9.099998",NA,NA,NA
"D","DISPATCH","UNIT_SCADA",1,"2024/02/02 00:55:00","BWTR1","14.975920",NA,NA,NA
"D","DISPATCH","UNIT_SCADA",1,"2024/02/02 00:55:00","CAPTL_WF","0",NA,NA,NA
"D","DISPATCH","UNIT_SCADA",1,"2024/02/02 00:55:00","CHALLHWF","11",NA,NA,NA
"D","DISPATCH","UNIT_SCADA",1,"2024/02/02 00:55:00","CLOVER","-0.10",NA,NA,NA
"D","DISPATCH","UNIT_SCADA",1,"2024/02/02 00:55:00","CLUNY","4.439002",NA,NA,NA
"D","DISPATCH","UNIT_SCADA",1,"2024/02/02 00:55:00","CONDONG1","-0.72",NA,NA,NA
"D","DISPATCH","UNIT_SCADA",1,"2024/02/02 00:55:00","CULLRGWF","8.67",NA,NA,NA
"D","DISPATCH","UNIT_SCADA",1,"2024/02/02 00:55:00","DIAPURWF1","0",NA,NA,NA
"D","DISPATCH","UNIT_SCADA",1,"2024/02/02 00:55:00","ERGT01","0",NA,NA,NA
"D","DISPATCH","UNIT_SCADA",1,"2024/02/02 00:55:00","GB01","0",NA,NA,NA
"D","DISPATCH","UNIT_SCADA",1,"2024/02/02 00:55:00","GERMCRK","17.2990",NA,NA,NA
"D","DISPATCH","UNIT_SCADA",1,"2024/02/02 00:55:00","GRIFSF1","0",NA,NA,NA
"D","DISPATCH","UNIT_SCADA",1,"2024/02/02 00:55:00","HUGSF1","-0.1480",NA,NA,NA
"D","DISPATCH","UNIT_SCADA",1,"2024/02/02 00:55:00","KEPBG1","0",NA,NA,NA
"D","DISPATCH","UNIT_SCADA",1,"2024/02/02 00:55:00","LRSF1","-0.03",NA,NA,NA
"D","DISPATCH","UNIT_SCADA",1,"2024/02/02 00:55:00","MBAHNTH","48.600006",NA,NA,NA
"D","DISPATCH","UNIT_SCADA",1,"2024/02/02 00:55:00","MLSP1","0.0310",NA,NA,NA
"D","DISPATCH","UNIT_SCADA",1,"2024/02/02 00:55:00","MLWF1","4.9650",NA,NA,NA
"D","DISPATCH","UNIT_SCADA",1,"2024/02/02 00:55:00","PALOONA","0",NA,NA,NA
"D","DISPATCH","UNIT_SCADA",1,"2024/02/02 00:55:00","PIONEER","-0.40",NA,NA,NA
"D","DISPATCH","UNIT_SCADA",1,"2024/02/02 00:55:00","PORTWF","61",NA,NA,NA
"D","DISPATCH","UNIT_SCADA",1,"2024/02/02 00:55:00","REPULSE","7.009995",NA,NA,NA
"D","DISPATCH","UNIT_SCADA",1,"2024/02/02 00:55:00","ROWALLAN","0",NA,NA,NA
"D","DISPATCH","UNIT_SCADA",1,"2024/02/02 00:55:00","ROYALLA1","0",NA,NA,NA
"D","DISPATCH","UNIT_SCADA",1,"2024/02/02 00:55:00","RPCG","4.60",NA,NA,NA
"D","DISPATCH","UNIT_SCADA",1,"2024/02/02 00:55:00","RUBICON","0.81",NA,NA,NA
"D","DISPATCH","UNIT_SCADA",1,"2024/02/02 00:55:00","SHOAL1","19.9750",NA,NA,NA
"D","DISPATCH","UNIT_SCADA",1,"2024/02/02 00:55:00","WAUBRAWF","132.671005",NA,NA,NA
"D","DISPATCH","UNIT_SCADA",1,"2024/02/02 00:55:00","WOOLNTH1","125.380005",NA,NA,NA
"D","DISPATCH","UNIT_SCADA",1,"2024/02/02 00:55:00","YAMBUKWF","18.299999",NA,NA,NA
"D","DISPATCH","UNIT_SCADA",1,"2024/02/02 00:55:00","YSWF1","11.70",NA,NA,NA
"D","DISPATCH","UNIT_SCADA",1,"2024/02/02 01:05:00","BARCSF1","0",NA,NA,NA
"D","DISPATCH","UNIT_SCADA",1,"2024/02/02 01:05:00","BUTLERSG","8.999998",NA,NA,NA
"D","DISPATCH","UNIT_SCADA",1,"2024/02/02 01:05:00","BWTR1","14.632960",NA,NA,NA
"D","DISPATCH","UNIT_SCADA",1,"2024/02/02 01:05:00","CAPTL_WF","0",NA,NA,NA
"D","DISPATCH","UNIT_SCADA",1,"2024/02/02 01:05:00","CHALLHWF","10.80",NA,NA,NA
"D","DISPATCH","UNIT_SCADA",1,"2024/02/02 01:05:00","CLOVER","-0.10",NA,NA,NA
"D","DISPATCH","UNIT_SCADA",1,"2024/02/02 01:05:00","CLUNY","4.495766",NA,NA,NA
"D","DISPATCH","UNIT_SCADA",1,"2024/02/02 01:05:00","CONDONG1","-0.72",NA,NA,NA
"D","DISPATCH","UNIT_SCADA",1,"2024/02/02 01:05:00","CULLRGWF","8.66",NA,NA,NA
"D","DISPATCH","UNIT_SCADA",1,"2024/02/02 01:05:00","DIAPURWF1","0",NA,NA,NA
"D","DISPATCH","UNIT_SCADA",1,"2024/02/02 01:05:00","ERGT01","0",NA,NA,NA
"D","DISPATCH","UNIT_SCADA",1,"2024/02/02 01:05:00","GB01","0",NA,NA,NA
"D","DISPATCH","UNIT_SCADA",1,"2024/02/02 01:05:00","GERMCRK","17.474001",NA,NA,NA
"D","DISPATCH","UNIT_SCADA",1,"2024/02/02 01:05:00","GRIFSF1","0",NA,NA,NA
"D","DISPATCH","UNIT_SCADA",1,"2024/02/02 01:05:00","HUGSF1","-0.1480",NA,NA,NA
"D","DISPATCH","UNIT_SCADA",1,"2024/02/02 01:05:00","KEPBG1","0",NA,NA,NA
"D","DISPATCH","UNIT_SCADA",1,"2024/02/02 01:05:00","LRSF1","-0.03",NA,NA,NA
"D","DISPATCH","UNIT_SCADA",1,"2024/02/02 01:05:00","MBAHNTH","49.1250",NA,NA,NA
"D","DISPATCH","UNIT_SCADA",1,"2024/02/02 01:05:00","MLSP1","0.0310",NA,NA,NA
"D","DISPATCH","UNIT_SCADA",1,"2024/02/02 01:05:00","MLWF1","5.43",NA,NA,NA
"D","DISPATCH","UNIT_SCADA",1,"2024/02/02 01:05:00","PALOONA","0",NA,NA,NA
"D","DISPATCH","UNIT_SCADA",1,"2024/02/02 01:05:00","PIONEER","-0.40",NA,NA,NA
"D","DISPATCH","UNIT_SCADA",1,"2024/02/02 01:05:00","PORTWF","63.400002",NA,NA,NA
"D","DISPATCH","UNIT_SCADA",1,"2024/02/02 01:05:00","REPULSE","7.218738",NA,NA,NA
"D","DISPATCH","UNIT_SCADA",1,"2024/02/02 01:05:00","ROWALLAN","0",NA,NA,NA
"D","DISPATCH","UNIT_SCADA",1,"2024/02/02 01:05:00","ROYALLA1","0",NA,NA,NA
"D","DISPATCH","UNIT_SCADA",1,"2024/02/02 01:05:00","RPCG","5.10",NA,NA,NA
"D","DISPATCH","UNIT_SCADA",1,"2024/02/02 01:05:00","RUBICON","0.81",NA,NA,NA
"D","DISPATCH","UNIT_SCADA",1,"2024/02/02 01:05:00","SHOAL1","19.9750",NA,NA,NA
"D","DISPATCH","UNIT_SCADA",1,"2024/02/02 01:05:00","WAUBRAWF","134.136002",NA,NA,NA
"D","DISPATCH","UNIT_SCADA",1,"2024/02/02 01:05:00","WOOLNTH1","126.119995",NA,NA,NA
"D","DISPATCH","UNIT_SCADA",1,"2024/02/02 01:05:00","YAMBUKWF","21.299999",NA,NA,NA
"D","DISPATCH","UNIT_SCADA",1,"2024/02/02 01:05:00","YSWF1","16.60",NA,NA,NA
"D","DISPATCH","UNIT_SCADA",1,"2024/02/02 01:15:00","BARCSF1","0",NA,NA,NA
"D","DISPATCH","UNIT_SCADA",1,"2024/02/02 01:15:00","BUTLERSG","9.099998",NA,NA,NA
"D","DISPATCH","UNIT_SCADA",1,"2024/02/02 01:15:00","BWTR1","14.632960",NA,NA,NA
"D","DISPATCH","UNIT_SCADA",1,"2024/02/02 01:15:00","CAPTL_WF","0",NA,NA,NA
"D","DISPATCH","UNIT_SCADA",1,"2024/02/02 01:15:00","CHALLHWF","11.60",NA,NA,NA
"D","DISPATCH","UNIT_SCADA",1,"2024/02/02 01:15:00","CLOVER","-0.10",NA,NA,NA
"D","DISPATCH","UNIT_SCADA",1,"2024/02/02 01:15:00","CLUNY","4.462806",NA,NA,NA
"D","DISPATCH","UNIT_SCADA",1,"2024/02/02 01:15:00","CONDONG1","-0.73",NA,NA,NA
"D","DISPATCH","UNIT_SCADA",1,"2024/02/02 01:15:00","CULLRGWF","8.27",NA,NA,NA
"D","DISPATCH","UNIT_SCADA",1,"2024/02/02 01:15:00","DIAPURWF1","0",NA,NA,NA
"D","DISPATCH","UNIT_SCADA",1,"2024/02/02 01:15:00","ERGT01","0",NA,NA,NA
"D","DISPATCH","UNIT_SCADA",1,"2024/02/02 01:15:00","GB01","0",NA,NA,NA
"D","DISPATCH","UNIT_SCADA",1,"2024/02/02 01:15:00","GERMCRK","17.2640",NA,NA,NA
"D","DISPATCH","UNIT_SCADA",1,"2024/02/02 01:15:00","GRIFSF1","0",NA,NA,NA
"D","DISPATCH","UNIT_SCADA",1,"2024/02/02 01:15:00","HUGSF1","-0.1480",NA,NA,NA
"D","DISPATCH","UNIT_SCADA",1,"2024/02/02 01:15:00","KEPBG1","0",NA,NA,NA
"D","DISPATCH","UNIT_SCADA",1,"2024/02/02 01:15:00","LRSF1","-0.03",NA,NA,NA
"D","DISPATCH","UNIT_SCADA",1,"2024/02/02 01:15:00","MBAHNTH","49.199997",NA,NA,NA
"D","DISPATCH","UNIT_SCADA",1,"2024/02/02 01:15:00","MLSP1","0.0310",NA,NA,NA
"D","DISPATCH","UNIT_SCADA",1,"2024/02/02 01:15:00","MLWF1","8.19",NA,NA,NA
"D","DISPATCH","UNIT_SCADA",1,"2024/02/02 01:15:00","PALOONA","0",NA,NA,NA
"D","DISPATCH","UNIT_SCADA",1,"2024/02/02 01:15:00","PIONEER","-0.40",NA,NA,NA
"D","DISPATCH","UNIT_SCADA",1,"2024/02/02 01:15:00","PORTWF","80.699997",NA,NA,NA
"D","DISPATCH","UNIT_SCADA",1,"2024/02/02 01:15:00","REPULSE","6.774395",NA,NA,NA
"D","DISPATCH","UNIT_SCADA",1,"2024/02/02 01:15:00","ROWALLAN","0",NA,NA,NA
"D","DISPATCH","UNIT_SCADA",1,"2024/02/02 01:15:00","ROYALLA1","0",NA,NA,NA
"D","DISPATCH","UNIT_SCADA",1,"2024/02/01 02:35:00","YAMBUKWF","3.60",NA,NA,NA
"D","DISPATCH","UNIT_SCADA",1,"2024/02/01 02:35:00","YSWF1","1.10",NA,NA,NA
"D","DISPATCH","UNIT_SCADA",1,"2024/02/01 02:40:00","BARCSF1","0.10",NA,NA,NA
"D","DISPATCH","UNIT_SCADA",1,"2024/02/01 02:40:00","BUTLERSG","9.099998",NA,NA,NA
"D","DISPATCH","UNIT_SCADA",1,"2024/02/01 02:40:00","BWTR1","14.0042",NA,NA,NA
"D","DISPATCH","UNIT_SCADA",1,"2024/02/01 02:40:00","CAPTL_WF","0",NA,NA,NA
"D","DISPATCH","UNIT_SCADA",1,"2024/02/01 02:40:00","CHALLHWF","0",NA,NA,NA
"D","DISPATCH","UNIT_SCADA",1,"2024/02/01 02:40:00","CLOVER","-0.01",NA,NA,NA
"D","DISPATCH","UNIT_SCADA",1,"2024/02/01 02:40:00","CLUNY","5.190661",NA,NA,NA
"D","DISPATCH","UNIT_SCADA",1,"2024/02/01 02:40:00","CONDONG1","-0.97",NA,NA,NA
"D","DISPATCH","UNIT_SCADA",1,"2024/02/01 02:40:00","CULLRGWF","9",NA,NA,NA
"D","DISPATCH","UNIT_SCADA",1,"2024/02/01 02:40:00","DIAPURWF1","0",NA,NA,NA
"D","DISPATCH","UNIT_SCADA",1,"2024/02/01 02:40:00","ERGT01","0",NA,NA,NA
"D","DISPATCH","UNIT_SCADA",1,"2024/02/01 02:40:00","GB01","0",NA,NA,NA
"D","DISPATCH","UNIT_SCADA",1,"2024/02/01 02:40:00","GERMCRK","16.1840",NA,NA,NA
"D","DISPATCH","UNIT_SCADA",1,"2024/02/01 02:40:00","GRIFSF1","0",NA,NA,NA
"D","DISPATCH","UNIT_SCADA",1,"2024/02/01 02:40:00","HUGSF1","-0.0490",NA,NA,NA
"D","DISPATCH","UNIT_SCADA",1,"2024/02/01 02:40:00","KEPBG1","0",NA,NA,NA
"D","DISPATCH","UNIT_SCADA",1,"2024/02/01 02:40:00","LRSF1","0.0480",NA,NA,NA
"D","DISPATCH","UNIT_SCADA",1,"2024/02/01 02:40:00","MBAHNTH","44.756241",NA,NA,NA
"D","DISPATCH","UNIT_SCADA",1,"2024/02/01 02:40:00","MLSP1","0.0140",NA,NA,NA
"D","DISPATCH","UNIT_SCADA",1,"2024/02/01 02:40:00","MLWF1","2.01",NA,NA,NA
"D","DISPATCH","UNIT_SCADA",1,"2024/02/01 02:40:00","PALOONA","0",NA,NA,NA
"D","DISPATCH","UNIT_SCADA",1,"2024/02/01 02:40:00","PIONEER","-0.40",NA,NA,NA
"D","DISPATCH","UNIT_SCADA",1,"2024/02/01 02:40:00","PORTWF","49",NA,NA,NA
"D","DISPATCH","UNIT_SCADA",1,"2024/02/01 02:40:00","REPULSE","9.295186",NA,NA,NA
"D","DISPATCH","UNIT_SCADA",1,"2024/02/01 02:40:00","ROWALLAN","0",NA,NA,NA
"D","DISPATCH","UNIT_SCADA",1,"2024/02/01 02:40:00","ROYALLA1","0",NA,NA,NA
"D","DISPATCH","UNIT_SCADA",1,"2024/02/01 02:40:00","RPCG","-0.20",NA,NA,NA
"D","DISPATCH","UNIT_SCADA",1,"2024/02/01 02:40:00","RUBICON","0.72",NA,NA,NA
"D","DISPATCH","UNIT_SCADA",1,"2024/02/01 02:40:00","SHOAL1","11.95",NA,NA,NA
"D","DISPATCH","UNIT_SCADA",1,"2024/02/01 02:40:00","WAUBRAWF","26.393999",NA,NA,NA
"D","DISPATCH","UNIT_SCADA",1,"2024/02/01 02:40:00","WOOLNTH1","92.619995",NA,NA,NA
"D","DISPATCH","UNIT_SCADA",1,"2024/02/01 02:40:00","YAMBUKWF","4.60",NA,NA,NA
"D","DISPATCH","UNIT_SCADA",1,"2024/02/01 02:40:00","YSWF1","1.20",NA,NA,NA
"D","DISPATCH","UNIT_SCADA",1,"2024/02/01 02:45:00","BARCSF1","0.10",NA,NA,NA
"D","DISPATCH","UNIT_SCADA",1,"2024/02/01 02:45:00","BUTLERSG","9.099998",NA,NA,NA
"D","DISPATCH","UNIT_SCADA",1,"2024/02/01 02:45:00","BWTR1","14.0042",NA,NA,NA
"D","DISPATCH","UNIT_SCADA",1,"2024/02/01 02:45:00","CAPTL_WF","0",NA,NA,NA
"D","DISPATCH","UNIT_SCADA",1,"2024/02/01 02:45:00","CHALLHWF","0",NA,NA,NA
"D","DISPATCH","UNIT_SCADA",1,"2024/02/01 02:45:00","CLOVER","-0.01",NA,NA,NA
"D","DISPATCH","UNIT_SCADA",1,"2024/02/01 02:45:00","CLUNY","5.205310",NA,NA,NA
"D","DISPATCH","UNIT_SCADA",1,"2024/02/01 02:45:00","CONDONG1","-0.97",NA,NA,NA
"D","DISPATCH","UNIT_SCADA",1,"2024/02/01 02:45:00","CULLRGWF","7.70",NA,NA,NA
"D","DISPATCH","UNIT_SCADA",1,"2024/02/01 02:45:00","DIAPURWF1","0",NA,NA,NA
"D","DISPATCH","UNIT_SCADA",1,"2024/02/01 02:45:00","ERGT01","0",NA,NA,NA
"D","DISPATCH","UNIT_SCADA",1,"2024/02/01 02:45:00","GB01","0",NA,NA,NA
"D","DISPATCH","UNIT_SCADA",1,"2024/02/01 02:45:00","GERMCRK","16.2010",NA,NA,NA
"D","DISPATCH","UNIT_SCADA",1,"2024/02/01 02:45:00","GRIFSF1","0",NA,NA,NA
"D","DISPATCH","UNIT_SCADA",1,"2024/02/01 02:45:00","HUGSF1","-0.0490",NA,NA,NA
"D","DISPATCH","UNIT_SCADA",1,"2024/02/01 02:45:00","KEPBG1","0",NA,NA,NA
"D","DISPATCH","UNIT_SCADA",1,"2024/02/01 02:45:00","LRSF1","0.0480",NA,NA,NA
"D","DISPATCH","UNIT_SCADA",1,"2024/02/01 02:45:00","MBAHNTH","44.662506",NA,NA,NA
"D","DISPATCH","UNIT_SCADA",1,"2024/02/01 02:45:00","MLSP1","0.0140",NA,NA,NA
"D","DISPATCH","UNIT_SCADA",1,"2024/02/01 02:45:00","MLWF1","1.7850",NA,NA,NA
"D","DISPATCH","UNIT_SCADA",1,"2024/02/01 02:45:00","PALOONA","0",NA,NA,NA
"D","DISPATCH","UNIT_SCADA",1,"2024/02/01 02:45:00","PIONEER","-0.40",NA,NA,NA
"D","DISPATCH","UNIT_SCADA",1,"2024/02/01 02:45:00","PORTWF","43.50",NA,NA,NA
"D","DISPATCH","UNIT_SCADA",1,"2024/02/01 02:45:00","REPULSE","9.124285",NA,NA,NA
"D","DISPATCH","UNIT_SCADA",1,"2024/02/01 02:45:00","ROWALLAN","0",NA,NA,NA
"D","DISPATCH","UNIT_SCADA",1,"2024/02/01 02:45:00","ROYALLA1","0",NA,NA,NA
"D","DISPATCH","UNIT_SCADA",1,"2024/02/01 02:45:00","RPCG","-0.20",NA,NA,NA
"D","DISPATCH","UNIT_SCADA",1,"2024/02/01 02:45:00","RUBICON","0.72",NA,NA,NA
"D","DISPATCH","UNIT_SCADA",1,"2024/02/01 02:45:00","SHOAL1","11.95",NA,NA,NA
"D","DISPATCH","UNIT_SCADA",1,"2024/02/01 02:45:00","WAUBRAWF","27.7160",NA,NA,NA
"D","DISPATCH","UNIT_SCADA",1,"2024/02/01 02:45:00","WOOLNTH1","89.059998",NA,NA,NA
"D","DISPATCH","UNIT_SCADA",1,"2024/02/01 02:45:00","YAMBUKWF","5.10",NA,NA,NA
"D","DISPATCH","UNIT_SCADA",1,"2024/02/01 02:45:00","YSWF1","1.90",NA,NA,NA
"D","DISPATCH","UNIT_SCADA",1,"2024/02/01 02:50:00","BARCSF1","0.10",NA,NA,NA
"D","DISPATCH","UNIT_SCADA",1,"2024/02/01 02:50:00","BUTLERSG","9.099998",NA,NA,NA
"D","DISPATCH","UNIT_SCADA",1,"2024/02/01 02:50:00","BWTR1","14.0042",NA,NA,NA
"D","DISPATCH","UNIT_SCADA",1,"2024/02/01 02:50:00","CAPTL_WF","0",NA,NA,NA
"D","DISPATCH","UNIT_SCADA",1,"2024/02/01 02:50:00","CHALLHWF","0",NA,NA,NA
"D","DISPATCH","UNIT_SCADA",1,"2024/02/01 02:50:00","CLOVER","0",NA,NA,NA
"D","DISPATCH","UNIT_SCADA",1,"2024/02/01 02:50:00","CLUNY","5.196155",NA,NA,NA
"D","DISPATCH","UNIT_SCADA",1,"2024/02/01 02:50:00","CONDONG1","-0.97",NA,NA,NA
"D","DISPATCH","UNIT_SCADA",1,"2024/02/01 02:50:00","CULLRGWF","6.94",NA,NA,NA
"D","DISPATCH","UNIT_SCADA",1,"2024/02/01 02:50:00","DIAPURWF1","0",NA,NA,NA
"D","DISPATCH","UNIT_SCADA",1,"2024/02/01 02:50:00","ERGT01","0",NA,NA,NA
"D","DISPATCH","UNIT_SCADA",1,"2024/02/01 02:50:00","GB01","0",NA,NA,NA
"D","DISPATCH","UNIT_SCADA",1,"2024/02/01 02:50:00","GERMCRK","16.261999",NA,NA,NA
"D","DISPATCH","UNIT_SCADA",1,"2024/02/01 02:50:00","GRIFSF1","0",NA,NA,NA
"D","DISPATCH","UNIT_SCADA",1,"2024/02/01 02:50:00","HUGSF1","-0.0490",NA,NA,NA
"D","DISPATCH","UNIT_SCADA",1,"2024/02/01 02:50:00","KEPBG1","0",NA,NA,NA
"D","DISPATCH","UNIT_SCADA",1,"2024/02/01 02:50:00","LRSF1","0.0480",NA,NA,NA
"D","DISPATCH","UNIT_SCADA",1,"2024/02/01 02:50:00","MBAHNTH","45.074997",NA,NA,NA
"D","DISPATCH","UNIT_SCADA",1,"2024/02/01 02:50:00","MLSP1","0.0140",NA,NA,NA
"D","DISPATCH","UNIT_SCADA",1,"2024/02/01 02:50:00","MLWF1","1.7850",NA,NA,NA
"D","DISPATCH","UNIT_SCADA",1,"2024/02/01 02:50:00","PALOONA","0",NA,NA,NA
"D","DISPATCH","UNIT_SCADA",1,"2024/02/01 02:50:00","PIONEER","-0.40",NA,NA,NA
"D","DISPATCH","UNIT_SCADA",1,"2024/02/01 02:50:00","PORTWF","50.900002",NA,NA,NA
"D","DISPATCH","UNIT_SCADA",1,"2024/02/01 02:50:00","REPULSE","9.340352",NA,NA,NA
"D","DISPATCH","UNIT_SCADA",1,"2024/02/01 02:50:00","ROWALLAN","0",NA,NA,NA
"D","DISPATCH","UNIT_SCADA",1,"2024/02/01 02:50:00","ROYALLA1","0",NA,NA,NA
"D","DISPATCH","UNIT_SCADA",1,"2024/02/01 02:50:00","RPCG","-0.20",NA,NA,NA
"D","DISPATCH","UNIT_SCADA",1,"2024/02/01 02:50:00","RUBICON","0.72",NA,NA,NA
"D","DISPATCH","UNIT_SCADA",1,"2024/02/01 02:50:00","SHOAL1","11.9250",NA,NA,NA
"D","DISPATCH","UNIT_SCADA",1,"2024/02/01 02:50:00","WAUBRAWF","27.4550",NA,NA,NA
"D","DISPATCH","UNIT_SCADA",1,"2024/02/01 02:50:00","WOOLNTH1","90.009995",NA,NA,NA
"D","DISPATCH","UNIT_SCADA",1,"2024/02/01 02:50:00","YAMBUKWF","5",NA,NA,NA
"D","DISPATCH","UNIT_SCADA",1,"2024/02/01 02:50:00","YSWF1","2.80",NA,NA,NA
"D","DISPATCH","UNIT_SCADA",1,"2024/02/01 02:55:00","BARCSF1","0.10",NA,NA,NA
"D","DISPATCH","UNIT_SCADA",1,"2024/02/01 02:55:00","BUTLERSG","9.099998",NA,NA,NA
"D","DISPATCH","UNIT_SCADA",1,"2024/02/01 02:55:00","BWTR1","14.0042",NA,NA,NA
"D","DISPATCH","UNIT_SCADA",1,"2024/02/01 02:55:00","CAPTL_WF","0",NA,NA,NA
"D","DISPATCH","UNIT_SCADA",1,"2024/02/01 02:55:00","CHALLHWF","1",NA,NA,NA
"D","DISPATCH","UNIT_SCADA",1,"2024/02/01 02:55:00","CLOVER","-0.02",NA,NA,NA
"D","DISPATCH","UNIT_SCADA",1,"2024/02/01 02:55:00","CLUNY","5.148547",NA,NA,NA
"D","DISPATCH","UNIT_SCADA",1,"2024/02/01 02:55:00","CONDONG1","-0.99",NA,NA,NA
"D","DISPATCH","UNIT_SCADA",1,"2024/02/01 02:55:00","CULLRGWF","5.97",NA,NA,NA
"D","DISPATCH","UNIT_SCADA",1,"2024/02/01 02:55:00","DIAPURWF1","0",NA,NA,NA
"D","DISPATCH","UNIT_SCADA",1,"2024/02/01 02:55:00","ERGT01","0",NA,NA,NA
"D","DISPATCH","UNIT_SCADA",1,"2024/02/01 02:55:00","GB01","0",NA,NA,NA
"D","DISPATCH","UNIT_SCADA",1,"2024/02/01 02:55:00","GERMCRK","16.115999",NA,NA,NA
"D","DISPATCH","UNIT_SCADA",1,"2024/02/01 02:55:00","GRIFSF1","0",NA,NA,NA
"D","DISPATCH","UNIT_SCADA",1,"2024/02/01 02:55:00","HUGSF1","-0.0490",NA,NA,NA
"D","DISPATCH","UNIT_SCADA",1,"2024/02/01 02:55:00","KEPBG1","0",NA,NA,NA
"D","DISPATCH","UNIT_SCADA",1,"2024/02/01 02:55:00","LRSF1","0.0480",NA,NA,NA
"D","DISPATCH","UNIT_SCADA",1,"2024/02/01 02:55:00","MBAHNTH","44.699997",NA,NA,NA
"D","DISPATCH","UNIT_SCADA",1,"2024/02/01 02:55:00","MLSP1","0.0140",NA,NA,NA
"D","DISPATCH","UNIT_SCADA",1,"2024/02/01 02:55:00","MLWF1","1.68",NA,NA,NA
"D","DISPATCH","UNIT_SCADA",1,"2024/02/01 02:55:00","PALOONA","0",NA,NA,NA
"D","DISPATCH","UNIT_SCADA",1,"2024/02/01 02:55:00","PIONEER","-0.40",NA,NA,NA
"D","DISPATCH","UNIT_SCADA",1,"2024/02/01 02:55:00","PORTWF","50.700001",NA,NA,NA
"D","DISPATCH","UNIT_SCADA",1,"2024/02/01 02:55:00","REPULSE","9.320821",NA,NA,NA
"D","DISPATCH","UNIT_SCADA",1,"2024/02/01 02:55:00","ROWALLAN","0",NA,NA,NA
"D","DISPATCH","UNIT_SCADA",1,"2024/02/01 02:55:00","ROYALLA1","0",NA,NA,NA
"D","DISPATCH","UNIT_SCADA",1,"2024/02/01 02:55:00","RPCG","-0.20",NA,NA,NA
"D","DISPATCH","UNIT_SCADA",1,"2024/02/01 02:55:00","RUBICON","0.72",NA,NA,NA
"D","DISPATCH","UNIT_SCADA",1,"2024/02/01 02:55:00","SHOAL1","11.9250",NA,NA,NA
"D","DISPATCH","UNIT_SCADA",1,"2024/02/01 02:55:00","WAUBRAWF","27.7980",NA,NA,NA
"D","DISPATCH","UNIT_SCADA",1,"2024/02/01 02:55:00","WOOLNTH1","99.699997",NA,NA,NA
"D","DISPATCH","UNIT_SCADA",1,"2024/02/01 02:55:00","YAMBUKWF","5",NA,NA,NA
"D","DISPATCH","UNIT_SCADA",1,"2024/02/01 02:55:00","YSWF1","3.70",NA,NA,NA
"D","DISPATCH","UNIT_SCADA",1,"2024/02/01 03:00:00","BARCSF1","0.10",NA,NA,NA
"D","DISPATCH","UNIT_SCADA",1,"2024/02/01 03:00:00","BUTLERSG","8.999998",NA,NA,NA
"D","DISPATCH","UNIT_SCADA",1,"2024/02/01 03:00:00","BWTR1","14.0042",NA,NA,NA
"D","DISPATCH","UNIT_SCADA",1,"2024/02/01 03:00:00","CAPTL_WF","0",NA,NA,NA
"D","DISPATCH","UNIT_SCADA",1,"2024/02/01 03:00:00","CHALLHWF","1",NA,NA,NA
"D","DISPATCH","UNIT_SCADA",1,"2024/02/01 03:00:00","CLOVER","-0.01",NA,NA,NA
"D","DISPATCH","UNIT_SCADA",1,"2024/02/01 03:00:00","CLUNY","5.224536",NA,NA,NA
"D","DISPATCH","UNIT_SCADA",1,"2024/02/01 03:00:00","CONDONG1","-0.91",NA,NA,NA
"D","DISPATCH","UNIT_SCADA",1,"2024/02/01 03:00:00","CULLRGWF","5.84",NA,NA,NA
"D","DISPATCH","UNIT_SCADA",1,"2024/02/01 03:00:00","DIAPURWF1","0",NA,NA,NA
"D","DISPATCH","UNIT_SCADA",1,"2024/02/01 03:00:00","ERGT01","0",NA,NA,NA
"D","DISPATCH","UNIT_SCADA",1,"2024/02/01 03:00:00","GB01","0",NA,NA,NA
"D","DISPATCH","UNIT_SCADA",1,"2024/02/01 03:00:00","GERMCRK","16.49",NA,NA,NA
"D","DISPATCH","UNIT_SCADA",1,"2024/02/01 03:00:00","GRIFSF1","0",NA,NA,NA
"D","DISPATCH","UNIT_SCADA",1,"2024/02/01 03:00:00","HUGSF1","-0.0490",NA,NA,NA
"D","DISPATCH","UNIT_SCADA",1,"2024/02/01 03:00:00","KEPBG1","0",NA,NA,NA
"D","DISPATCH","UNIT_SCADA",1,"2024/02/01 03:00:00","LRSF1","0.0480",NA,NA,NA
"D","DISPATCH","UNIT_SCADA",1,"2024/02/01 03:00:00","MBAHNTH","44.887497",NA,NA,NA
"D","DISPATCH","UNIT_SCADA",1,"2024/02/01 03:00:00","MLSP1","0.0140",NA,NA,NA
"D","DISPATCH","UNIT_SCADA",1,"2024/02/01 03:00:00","MLWF1","1.9950",NA,NA,NA
"D","DISPATCH","UNIT_SCADA",1,"2024/02/01 03:00:00","PALOONA","0",NA,NA,NA
"D","DISPATCH","UNIT_SCADA",1,"2024/02/01 03:00:00","PIONEER","-0.40",NA,NA,NA
"D","DISPATCH","UNIT_SCADA",1,"2024/02/01 03:00:00","PORTWF","53.50",NA,NA,NA
"D","DISPATCH","UNIT_SCADA",1,"2024/02/01 03:00:00","REPULSE","9.219501",NA,NA,NA
"D","DISPATCH","UNIT_SCADA",1,"2024/02/01 03:00:00","ROWALLAN","0",NA,NA,NA
"D","DISPATCH","UNIT_SCADA",1,"2024/02/01 03:00:00","ROYALLA1","0",NA,NA,NA
"D","DISPATCH","UNIT_SCADA",1,"2024/02/01 03:00:00","RPCG","-0.20",NA,NA,NA
"D","DISPATCH","UNIT_SCADA",1,"2024/02/01 03:00:00","RUBICON","0.72",NA,NA,NA
"D","DISPATCH","UNIT_SCADA",1,"2024/02/01 03:00:00","SHOAL1","11.9250",NA,NA,NA
"D","DISPATCH","UNIT_SCADA",1,"2024/02/01 03:00:00","WAUBRAWF","32.7220",NA,NA,NA
"D","DISPATCH","UNIT_SCADA",1,"2024/02/01 03:00:00","WOOLNTH1","102.860001",NA,NA,NA
"D","DISPATCH","UNIT_SCADA",1,"2024/02/01 03:00:00","YAMBUKWF","5.60",NA,NA,NA
"D","DISPATCH","UNIT_SCADA",1,"2024/02/01 03:00:00","YSWF1","4.40",NA,NA,NA
"D","DISPATCH","UNIT_SCADA",1,"2024/02/01 03:15:00","BARCSF1","0.10",NA,NA,NA
"D","DISPATCH","UNIT_SCADA",1,"2024/02/01 03:15:00","BUTLERSG","8.999998",NA,NA,NA
"D","DISPATCH","UNIT_SCADA",1,"2024/02/01 03:15:00","BWTR1","14.0042",NA,NA,NA
"D","DISPATCH","UNIT_SCADA",1,"2024/02/01 03:15:00","CAPTL_WF","0",NA,NA,NA
"D","DISPATCH","UNIT_SCADA",1,"2024/02/01 03:15:00","CHALLHWF","0",NA,NA,NA
"D","DISPATCH","UNIT_SCADA",1,"2024/02/01 03:15:00","CLOVER","-0.02",NA,NA,NA
"D","DISPATCH","UNIT_SCADA",1,"2024/02/01 03:15:00","CLUNY","5.209888",NA,NA,NA
"D","DISPATCH","UNIT_SCADA",1,"2024/02/01 03:15:00","CONDONG1","-0.88",NA,NA,NA
"D","DISPATCH","UNIT_SCADA",1,"2024/02/01 03:15:00","CULLRGWF","4.86",NA,NA,NA
"D","DISPATCH","UNIT_SCADA",1,"2024/02/01 03:15:00","DIAPURWF1","0",NA,NA,NA
"D","DISPATCH","UNIT_SCADA",1,"2024/02/01 03:15:00","ERGT01","0",NA,NA,NA
"D","DISPATCH","UNIT_SCADA",1,"2024/02/01 03:15:00","GB01","0",NA,NA,NA
"D","DISPATCH","UNIT_SCADA",1,"2024/02/01 03:15:00","GERMCRK","16.2470",NA,NA,NA
"D","DISPATCH","UNIT_SCADA",1,"2024/02/01 03:15:00","GRIFSF1","0",NA,NA,NA
"D","DISPATCH","UNIT_SCADA",1,"2024/02/01 03:15:00","HUGSF1","-0.0490",NA,NA,NA
"D","DISPATCH","UNIT_SCADA",1,"2024/02/01 03:15:00","KEPBG1","0",NA,NA,NA
"D","DISPATCH","UNIT_SCADA",1,"2024/02/01 03:15:00","LRSF1","0.0480",NA,NA,NA
"D","DISPATCH","UNIT_SCADA",1,"2024/02/01 03:15:00","MBAHNTH","44.849991",NA,NA,NA
"D","DISPATCH","UNIT_SCADA",1,"2024/02/01 03:15:00","MLSP1","0.0140",NA,NA,NA
"D","DISPATCH","UNIT_SCADA",1,"2024/02/01 03:15:00","MLWF1","2.4150",NA,NA,NA
"D","DISPATCH","UNIT_SCADA",1,"2024/02/01 03:15:00","PALOONA","0",NA,NA,NA
"D","DISPATCH","UNIT_SCADA",1,"2024/02/01 03:15:00","PIONEER","-0.40",NA,NA,NA
"D","DISPATCH","UNIT_SCADA",1,"2024/02/01 03:15:00","PORTWF","55.700001",NA,NA,NA
"D","DISPATCH","UNIT_SCADA",1,"2024/02/01 03:15:00","REPULSE","9.378195",NA,NA,NA
"D","DISPATCH","UNIT_SCADA",1,"2024/02/01 03:15:00","ROWALLAN","0",NA,NA,NA
"D","DISPATCH","UNIT_SCADA",1,"2024/02/01 03:15:00","ROYALLA1","0",NA,NA,NA
"D","DISPATCH","UNIT_SCADA",1,"2024/02/01 03:15:00","RPCG","-0.20",NA,NA,NA
"D","DISPATCH","UNIT_SCADA",1,"2024/02/01 03:15:00","RUBICON","0.72",NA,NA,NA
"D","DISPATCH","UNIT_SCADA",1,"2024/02/01 03:15:00","SHOAL1","11.95",NA,NA,NA
"D","DISPATCH","UNIT_SCADA",1,"2024/02/01 03:15:00","WAUBRAWF","46.734001",NA,NA,NA
"D","DISPATCH","UNIT_SCADA",1,"2024/02/01 03:15:00","WOOLNTH1","106.459991",NA,NA,NA
"D","DISPATCH","UNIT_SCADA",1,"2024/02/01 03:15:00","YAMBUKWF","5.10",NA,NA,NA
"D","DISPATCH","UNIT_SCADA",1,"2024/02/01 03:15:00","YSWF1","3.60",NA,NA,NA
"D","DISPATCH","UNIT_SCADA",1,"2024/02/01 03:20:00","BARCSF1","0.10",NA,NA,NA
"D","DISPATCH","UNIT_SCADA",1,"2024/02/01 03:20:00","BUTLERSG","8.999998",NA,NA,NA
"D","DISPATCH","UNIT_SCADA",1,"2024/02/01 03:20:00","BWTR1","14.118520",NA,NA,NA
"D","DISPATCH","UNIT_SCADA",1,"2024/02/01 03:20:00","CAPTL_WF","0",NA,NA,NA
"D","DISPATCH","UNIT_SCADA",1,"2024/02/01 03:20:00","CHALLHWF","0",NA,NA,NA
"D","DISPATCH","UNIT_SCADA",1,"2024/02/01 03:20:00","CLOVER","-0.01",NA,NA,NA
"D","DISPATCH","UNIT_SCADA",1,"2024/02/01 03:20:00","CLUNY","5.143054",NA,NA,NA
"D","DISPATCH","UNIT_SCADA",1,"2024/02/01 03:20:00","CONDONG1","-0.89",NA,NA,NA
"D","DISPATCH","UNIT_SCADA",1,"2024/02/01 03:20:00","CULLRGWF","4.36",NA,NA,NA
"D","DISPATCH","UNIT_SCADA",1,"2024/02/01 03:20:00","DIAPURWF1","0",NA,NA,NA
"D","DISPATCH","UNIT_SCADA",1,"2024/02/01 03:20:00","ERGT01","0",NA,NA,NA
"D","DISPATCH","UNIT_SCADA",1,"2024/02/01 03:20:00","GB01","0",NA,NA,NA
"D","DISPATCH","UNIT_SCADA",1,"2024/02/01 03:20:00","GERMCRK","16.250999",NA,NA,NA
"D","DISPATCH","UNIT_SCADA",1,"2024/02/01 03:20:00","GRIFSF1","0",NA,NA,NA
"D","DISPATCH","UNIT_SCADA",1,"2024/02/01 03:20:00","HUGSF1","-0.0490",NA,NA,NA
"D","DISPATCH","UNIT_SCADA",1,"2024/02/01 03:20:00","KEPBG1","0",NA,NA,NA
"D","DISPATCH","UNIT_SCADA",1,"2024/02/01 03:20:00","LRSF1","0.0480",NA,NA,NA
"D","DISPATCH","UNIT_SCADA",1,"2024/02/01 03:20:00","MBAHNTH","45.206253",NA,NA,NA
"D","DISPATCH","UNIT_SCADA",1,"2024/02/01 03:20:00","MLSP1","0.0140",NA,NA,NA
"D","DISPATCH","UNIT_SCADA",1,"2024/02/01 03:20:00","MLWF1","2.6250",NA,NA,NA
"D","DISPATCH","UNIT_SCADA",1,"2024/02/01 03:20:00","PALOONA","0",NA,NA,NA
"D","DISPATCH","UNIT_SCADA",1,"2024/02/01 03:20:00","PIONEER","-0.40",NA,NA,NA
"D","DISPATCH","UNIT_SCADA",1,"2024/02/01 03:20:00","PORTWF","46.900002",NA,NA,NA
"D","DISPATCH","UNIT_SCADA",1,"2024/02/01 03:20:00","REPULSE","9.149920",NA,NA,NA
"D","DISPATCH","UNIT_SCADA",1,"2024/02/01 03:20:00","ROWALLAN","0",NA,NA,NA
"D","DISPATCH","UNIT_SCADA",1,"2024/02/01 03:20:00","ROYALLA1","0",NA,NA,NA
"D","DISPATCH","UNIT_SCADA",1,"2024/02/01 03:20:00","RPCG","-0.20",NA,NA,NA
"D","DISPATCH","UNIT_SCADA",1,"2024/02/01 03:20:00","RUBICON","0.72",NA,NA,NA
"D","DISPATCH","UNIT_SCADA",1,"2024/02/01 03:20:00","SHOAL1","11.95",NA,NA,NA
"D","DISPATCH","UNIT_SCADA",1,"2024/02/01 03:20:00","WAUBRAWF","50.352001",NA,NA,NA
"D","DISPATCH","UNIT_SCADA",1,"2024/02/01 03:20:00","WOOLNTH1","113.419998",NA,NA,NA
"D","DISPATCH","UNIT_SCADA",1,"2024/02/01 03:20:00","YAMBUKWF","3.80",NA,NA,NA
"D","DISPATCH","UNIT_SCADA",1,"2024/02/01 03:20:00","YSWF1","4.20",NA,NA,NA
"D","DISPATCH","UNIT_SCADA",1,"2024/02/01 03:25:00","BARCSF1","0.10",NA,NA,NA
"D","DISPATCH","UNIT_SCADA",1,"2024/02/01 03:25:00","BUTLERSG","9.099998",NA,NA,NA
"D","DISPATCH","UNIT_SCADA",1,"2024/02/01 03:25:00","BWTR1","14.118520",NA,NA,NA
"D","DISPATCH","UNIT_SCADA",1,"2024/02/01 03:25:00","CAPTL_WF","0",NA,NA,NA
"D","DISPATCH","UNIT_SCADA",1,"2024/02/01 03:25:00","CHALLHWF","0",NA,NA,NA
"D","DISPATCH","UNIT_SCADA",1,"2024/02/01 03:25:00","CLOVER","-0.01",NA,NA,NA
"D","DISPATCH","UNIT_SCADA",1,"2024/02/01 03:25:00","CLUNY","5.162280",NA,NA,NA
"D","DISPATCH","UNIT_SCADA",1,"2024/02/01 03:25:00","CONDONG1","-0.88",NA,NA,NA
"D","DISPATCH","UNIT_SCADA",1,"2024/02/01 03:25:00","CULLRGWF","4.42",NA,NA,NA
"D","DISPATCH","UNIT_SCADA",1,"2024/02/01 03:25:00","DIAPURWF1","0",NA,NA,NA
"D","DISPATCH","UNIT_SCADA",1,"2024/02/01 03:25:00","ERGT01","0",NA,NA,NA
"D","DISPATCH","UNIT_SCADA",1,"2024/02/01 03:25:00","GB01","0",NA,NA,NA
"D","DISPATCH","UNIT_SCADA",1,"2024/02/01 03:25:00","GERMCRK","16.002001",NA,NA,NA
"D","DISPATCH","UNIT_SCADA",1,"2024/02/01 03:25:00","GRIFSF1","0",NA,NA,NA
"D","DISPATCH","UNIT_SCADA",1,"2024/02/01 03:25:00","HUGSF1","-0.0490",NA,NA,NA
"D","DISPATCH","UNIT_SCADA",1,"2024/02/01 03:25:00","KEPBG1","0",NA,NA,NA
"D","DISPATCH","UNIT_SCADA",1,"2024/02/01 03:25:00","LRSF1","0.0480",NA,NA,NA
"D","DISPATCH","UNIT_SCADA",1,"2024/02/01 03:25:00","MBAHNTH","45.150009",NA,NA,NA
"D","DISPATCH","UNIT_SCADA",1,"2024/02/01 03:25:00","MLSP1","0.0140",NA,NA,NA
"D","DISPATCH","UNIT_SCADA",1,"2024/02/01 03:25:00","MLWF1","2.73",NA,NA,NA
"D","DISPATCH","UNIT_SCADA",1,"2024/02/01 03:25:00","PALOONA","0",NA,NA,NA
"D","DISPATCH","UNIT_SCADA",1,"2024/02/01 03:25:00","PIONEER","-0.40",NA,NA,NA
"D","DISPATCH","UNIT_SCADA",1,"2024/02/01 03:25:00","PORTWF","46",NA,NA,NA
"D","DISPATCH","UNIT_SCADA",1,"2024/02/01 03:25:00","REPULSE","9.340352",NA,NA,NA
"D","DISPATCH","UNIT_SCADA",1,"2024/02/01 03:25:00","ROWALLAN","0",NA,NA,NA
"D","DISPATCH","UNIT_SCADA",1,"2024/02/01 03:25:00","ROYALLA1","0",NA,NA,NA
"D","DISPATCH","UNIT_SCADA",1,"2024/02/01 03:25:00","RPCG","-0.20",NA,NA,NA
"D","DISPATCH","UNIT_SCADA",1,"2024/02/01 03:25:00","RUBICON","0.72",NA,NA,NA
"D","DISPATCH","UNIT_SCADA",1,"2024/02/01 03:25:00","SHOAL1","11.95",NA,NA,NA
"D","DISPATCH","UNIT_SCADA",1,"2024/02/01 03:25:00","WAUBRAWF","44.820999",NA,NA,NA
"D","DISPATCH","UNIT_SCADA",1,"2024/02/01 03:25:00","WOOLNTH1","113.919998",NA,NA,NA
"D","DISPATCH","UNIT_SCADA",1,"2024/02/01 03:25:00","YAMBUKWF","3.70",NA,NA,NA
"D","DISPATCH","UNIT_SCADA",1,"2024/02/01 03:25:00","YSWF1","4.30",NA,NA,NA
"D","DISPATCH","UNIT_SCADA",1,"2024/02/01 03:30:00","BARCSF1","0.10",NA,NA,NA
"D","DISPATCH","UNIT_SCADA",1,"2024/02/01 03:30:00","BUTLERSG","8.999998",NA,NA,NA
"D","DISPATCH","UNIT_SCADA",1,"2024/02/01 03:30:00","BWTR1","14.118520",NA,NA,NA
"D","DISPATCH","UNIT_SCADA",1,"2024/02/01 03:30:00","CAPTL_WF","0",NA,NA,NA
"D","DISPATCH","UNIT_SCADA",1,"2024/02/01 03:30:00","CHALLHWF","1.30",NA,NA,NA
"D","DISPATCH","UNIT_SCADA",1,"2024/02/01 03:30:00","CLOVER","-0.01",NA,NA,NA
"D","DISPATCH","UNIT_SCADA",1,"2024/02/01 03:30:00","CLUNY","5.176929",NA,NA,NA
"D","DISPATCH","UNIT_SCADA",1,"2024/02/01 03:30:00","CONDONG1","-0.89",NA,NA,NA
"D","DISPATCH","UNIT_SCADA",1,"2024/02/01 03:30:00","CULLRGWF","4.62",NA,NA,NA
"D","DISPATCH","UNIT_SCADA",1,"2024/02/01 03:30:00","DIAPURWF1","0",NA,NA,NA
"D","DISPATCH","UNIT_SCADA",1,"2024/02/01 03:30:00","ERGT01","0",NA,NA,NA
"D","DISPATCH","UNIT_SCADA",1,"2024/02/01 03:30:00","GB01","0",NA,NA,NA
"D","DISPATCH","UNIT_SCADA",1,"2024/02/01 03:30:00","GERMCRK","15.8890",NA,NA,NA
"D","DISPATCH","UNIT_SCADA",1,"2024/02/01 03:30:00","GRIFSF1","0",NA,NA,NA
"D","DISPATCH","UNIT_SCADA",1,"2024/02/01 03:30:00","HUGSF1","-0.0490",NA,NA,NA
"D","DISPATCH","UNIT_SCADA",1,"2024/02/01 03:30:00","KEPBG1","0",NA,NA,NA
"D","DISPATCH","UNIT_SCADA",1,"2024/02/01 03:30:00","LRSF1","0.0480",NA,NA,NA
"D","DISPATCH","UNIT_SCADA",1,"2024/02/01 03:30:00","MBAHNTH","44.756241",NA,NA,NA
"D","DISPATCH","UNIT_SCADA",1,"2024/02/01 03:30:00","MLSP1","0.0140",NA,NA,NA
"D","DISPATCH","UNIT_SCADA",1,"2024/02/01 03:30:00","MLWF1","2.94",NA,NA,NA
"D","DISPATCH","UNIT_SCADA",1,"2024/02/01 03:30:00","PALOONA","0",NA,NA,NA
"D","DISPATCH","UNIT_SCADA",1,"2024/02/01 03:30:00","PIONEER","-0.40",NA,NA,NA
"D","DISPATCH","UNIT_SCADA",1,"2024/02/01 03:30:00","PORTWF","45.799999",NA,NA,NA
"D","DISPATCH","UNIT_SCADA",1,"2024/02/01 03:30:00","REPULSE","9.181659",NA,NA,NA
"D","DISPATCH","UNIT_SCADA",1,"2024/02/01 03:30:00","ROWALLAN","0",NA,NA,NA
"D","DISPATCH","UNIT_SCADA",1,"2024/02/01 03:30:00","ROYALLA1","0",NA,NA,NA
"D","DISPATCH","UNIT_SCADA",1,"2024/02/01 03:30:00","RPCG","-0.20",NA,NA,NA
"D","DISPATCH","UNIT_SCADA",1,"2024/02/01 03:30:00","RUBICON","0.72",NA,NA,NA
"D","DISPATCH","UNIT_SCADA",1,"2024/02/01 03:30:00","SHOAL1","11.95",NA,NA,NA
"D","DISPATCH","UNIT_SCADA",1,"2024/02/01 03:30:00","WAUBRAWF","35.50",NA,NA,NA
"D","DISPATCH","UNIT_SCADA",1,"2024/02/01 02:05:00","BARCSF1","0.10",NA,NA,NA
"D","DISPATCH","UNIT_SCADA",1,"2024/02/01 02:05:00","BUTLERSG","9.099998",NA,NA,NA
"D","DISPATCH","UNIT_SCADA",1,"2024/02/01 02:05:00","BWTR1","14.0042",NA,NA,NA
"D","DISPATCH","UNIT_SCADA",1,"2024/02/01 02:05:00","CAPTL_WF","0",NA,NA,NA
"D","DISPATCH","UNIT_SCADA",1,"2024/02/01 02:05:00","CHALLHWF","1.70",NA,NA,NA
"D","DISPATCH","UNIT_SCADA",1,"2024/02/01 02:05:00","CLOVER","-0.01",NA,NA,NA
"D","DISPATCH","UNIT_SCADA",1,"2024/02/01 02:05:00","CLUNY","5.285878",NA,NA,NA
"D","DISPATCH","UNIT_SCADA",1,"2024/02/01 02:05:00","CONDONG1","-0.88",NA,NA,NA
"D","DISPATCH","UNIT_SCADA",1,"2024/02/01 02:05:00","CULLRGWF","11.34",NA,NA,NA
"D","DISPATCH","UNIT_SCADA",1,"2024/02/01 02:05:00","DIAPURWF1","0",NA,NA,NA
"D","DISPATCH","UNIT_SCADA",1,"2024/02/01 02:05:00","ERGT01","0",NA,NA,NA
"D","DISPATCH","UNIT_SCADA",1,"2024/02/01 02:05:00","GB01","0",NA,NA,NA
"D","DISPATCH","UNIT_SCADA",1,"2024/02/01 02:05:00","GERMCRK","15.7730",NA,NA,NA
"D","DISPATCH","UNIT_SCADA",1,"2024/02/01 02:05:00","GRIFSF1","0",NA,NA,NA
"D","DISPATCH","UNIT_SCADA",1,"2024/02/01 02:05:00","HUGSF1","-0.0490",NA,NA,NA
"D","DISPATCH","UNIT_SCADA",1,"2024/02/01 02:05:00","KEPBG1","0",NA,NA,NA
"D","DISPATCH","UNIT_SCADA",1,"2024/02/01 02:05:00","LRSF1","0.0480",NA,NA,NA
"D","DISPATCH","UNIT_SCADA",1,"2024/02/01 02:05:00","MBAHNTH","44.925003",NA,NA,NA
"D","DISPATCH","UNIT_SCADA",1,"2024/02/01 02:05:00","MLSP1","0.0140",NA,NA,NA
"D","DISPATCH","UNIT_SCADA",1,"2024/02/01 02:05:00","MLWF1","0.7950",NA,NA,NA
"D","DISPATCH","UNIT_SCADA",1,"2024/02/01 02:05:00","PALOONA","0",NA,NA,NA
"D","DISPATCH","UNIT_SCADA",1,"2024/02/01 02:05:00","PIONEER","-0.40",NA,NA,NA
"D","DISPATCH","UNIT_SCADA",1,"2024/02/01 02:05:00","PORTWF","25.50",NA,NA,NA
"D","DISPATCH","UNIT_SCADA",1,"2024/02/01 02:05:00","REPULSE","9.289083",NA,NA,NA
"D","DISPATCH","UNIT_SCADA",1,"2024/02/01 02:05:00","ROWALLAN","0",NA,NA,NA
"D","DISPATCH","UNIT_SCADA",1,"2024/02/01 02:05:00","ROYALLA1","0",NA,NA,NA
"D","DISPATCH","UNIT_SCADA",1,"2024/02/01 02:05:00","RPCG","-0.20",NA,NA,NA
"D","DISPATCH","UNIT_SCADA",1,"2024/02/01 02:05:00","RUBICON","0.72",NA,NA,NA
"D","DISPATCH","UNIT_SCADA",1,"2024/02/01 02:05:00","SHOAL1","11.9750",NA,NA,NA
"D","DISPATCH","UNIT_SCADA",1,"2024/02/01 02:05:00","WAUBRAWF","39.650002",NA,NA,NA
"D","DISPATCH","UNIT_SCADA",1,"2024/02/01 02:05:00","WOOLNTH1","90.229996",NA,NA,NA
"D","DISPATCH","UNIT_SCADA",1,"2024/02/01 02:05:00","YAMBUKWF","2.30",NA,NA,NA
"D","DISPATCH","UNIT_SCADA",1,"2024/02/01 02:05:00","YSWF1","1.80",NA,NA,NA
"D","DISPATCH","UNIT_SCADA",1,"2024/02/01 06:50:00","BARCSF1","2.60",NA,NA,NA
"D","DISPATCH","UNIT_SCADA",1,"2024/02/01 06:50:00","BUTLERSG","9.099998",NA,NA,NA
"D","DISPATCH","UNIT_SCADA",1,"2024/02/01 06:50:00","BWTR1","15.318880",NA,NA,NA
"D","DISPATCH","UNIT_SCADA",1,"2024/02/01 06:50:00","CAPTL_WF","0",NA,NA,NA
"D","DISPATCH","UNIT_SCADA",1,"2024/02/01 06:50:00","CHALLHWF","1.60",NA,NA,NA
"D","DISPATCH","UNIT_SCADA",1,"2024/02/01 06:50:00","CLOVER","-0.01",NA,NA,NA
"D","DISPATCH","UNIT_SCADA",1,"2024/02/01 06:50:00","CLUNY","4.748455",NA,NA,NA
"D","DISPATCH","UNIT_SCADA",1,"2024/02/01 06:50:00","CONDONG1","-1.06",NA,NA,NA
"D","DISPATCH","UNIT_SCADA",1,"2024/02/01 06:50:00","CULLRGWF","1.60",NA,NA,NA
"D","DISPATCH","UNIT_SCADA",1,"2024/02/01 06:50:00","DIAPURWF1","0",NA,NA,NA
"D","DISPATCH","UNIT_SCADA",1,"2024/02/01 06:50:00","ERGT01","0",NA,NA,NA
"D","DISPATCH","UNIT_SCADA",1,"2024/02/01 06:50:00","GB01","0",NA,NA,NA
"D","DISPATCH","UNIT_SCADA",1,"2024/02/01 06:50:00","GERMCRK","9.7940",NA,NA,NA
"D","DISPATCH","UNIT_SCADA",1,"2024/02/01 06:50:00","GRIFSF1","14.139190",NA,NA,NA
"D","DISPATCH","UNIT_SCADA",1,"2024/02/01 06:50:00","HUGSF1","0.0560",NA,NA,NA
"D","DISPATCH","UNIT_SCADA",1,"2024/02/01 06:50:00","KEPBG1","0",NA,NA,NA
"D","DISPATCH","UNIT_SCADA",1,"2024/02/01 06:50:00","LRSF1","3.8650",NA,NA,NA
"D","DISPATCH","UNIT_SCADA",1,"2024/02/01 06:50:00","MBAHNTH","42.318756",NA,NA,NA
"D","DISPATCH","UNIT_SCADA",1,"2024/02/01 06:50:00","MLSP1","0.7240",NA,NA,NA
"D","DISPATCH","UNIT_SCADA",1,"2024/02/01 06:50:00","MLWF1","4.11",NA,NA,NA
"D","DISPATCH","UNIT_SCADA",1,"2024/02/01 06:50:00","PALOONA","0",NA,NA,NA
"D","DISPATCH","UNIT_SCADA",1,"2024/02/01 06:50:00","PIONEER","-0.50",NA,NA,NA
"D","DISPATCH","UNIT_SCADA",1,"2024/02/01 06:50:00","PORTWF","64.50",NA,NA,NA
"D","DISPATCH","UNIT_SCADA",1,"2024/02/01 06:50:00","REPULSE","6.990463",NA,NA,NA
"D","DISPATCH","UNIT_SCADA",1,"2024/02/01 06:50:00","ROWALLAN","0",NA,NA,NA
"D","DISPATCH","UNIT_SCADA",1,"2024/02/01 06:50:00","ROYALLA1","0.9880",NA,NA,NA
"D","DISPATCH","UNIT_SCADA",1,"2024/02/01 06:50:00","RPCG","-1.60",NA,NA,NA
"D","DISPATCH","UNIT_SCADA",1,"2024/02/01 06:50:00","RUBICON","0.72",NA,NA,NA
"D","DISPATCH","UNIT_SCADA",1,"2024/02/01 06:50:00","SHOAL1","20",NA,NA,NA
"D","DISPATCH","UNIT_SCADA",1,"2024/02/01 06:50:00","WAUBRAWF","52.735001",NA,NA,NA
"D","DISPATCH","UNIT_SCADA",1,"2024/02/01 06:50:00","WOOLNTH1","116.080002",NA,NA,NA
"D","DISPATCH","UNIT_SCADA",1,"2024/02/01 06:50:00","YAMBUKWF","4.30",NA,NA,NA
"D","DISPATCH","UNIT_SCADA",1,"2024/02/01 06:50:00","YSWF1","8.70",NA,NA,NA
"D","DISPATCH","UNIT_SCADA",1,"2024/02/01 06:55:00","BARCSF1","3.20",NA,NA,NA
"D","DISPATCH","UNIT_SCADA",1,"2024/02/01 06:55:00","BUTLERSG","9.099998",NA,NA,NA
"D","DISPATCH","UNIT_SCADA",1,"2024/02/01 06:55:00","BWTR1","15.318880",NA,NA,NA
"D","DISPATCH","UNIT_SCADA",1,"2024/02/01 06:55:00","CAPTL_WF","0",NA,NA,NA
"D","DISPATCH","UNIT_SCADA",1,"2024/02/01 06:55:00","CHALLHWF","0",NA,NA,NA
"D","DISPATCH","UNIT_SCADA",1,"2024/02/01 06:55:00","CLOVER","-0.02",NA,NA,NA
"D","DISPATCH","UNIT_SCADA",1,"2024/02/01 06:55:00","CLUNY","4.705425",NA,NA,NA
"D","DISPATCH","UNIT_SCADA",1,"2024/02/01 06:55:00","CONDONG1","-1.01",NA,NA,NA
"D","DISPATCH","UNIT_SCADA",1,"2024/02/01 06:55:00","CULLRGWF","1.23",NA,NA,NA
"D","DISPATCH","UNIT_SCADA",1,"2024/02/01 06:55:00","DIAPURWF1","0",NA,NA,NA
"D","DISPATCH","UNIT_SCADA",1,"2024/02/01 06:55:00","ERGT01","0",NA,NA,NA
"D","DISPATCH","UNIT_SCADA",1,"2024/02/01 06:55:00","GB01","0",NA,NA,NA
"D","DISPATCH","UNIT_SCADA",1,"2024/02/01 06:55:00","GERMCRK","7.72",NA,NA,NA
"D","DISPATCH","UNIT_SCADA",1,"2024/02/01 06:55:00","GRIFSF1","15.701937",NA,NA,NA
"D","DISPATCH","UNIT_SCADA",1,"2024/02/01 06:55:00","HUGSF1","0.0560",NA,NA,NA
"D","DISPATCH","UNIT_SCADA",1,"2024/02/01 06:55:00","KEPBG1","0",NA,NA,NA
"D","DISPATCH","UNIT_SCADA",1,"2024/02/01 06:55:00","LRSF1","4.5320",NA,NA,NA
"D","DISPATCH","UNIT_SCADA",1,"2024/02/01 06:55:00","MBAHNTH","42.487503",NA,NA,NA
"D","DISPATCH","UNIT_SCADA",1,"2024/02/01 06:55:00","MLSP1","0.7240",NA,NA,NA
"D","DISPATCH","UNIT_SCADA",1,"2024/02/01 06:55:00","MLWF1","3.9150",NA,NA,NA
"D","DISPATCH","UNIT_SCADA",1,"2024/02/01 06:55:00","PALOONA","0",NA,NA,NA
"D","DISPATCH","UNIT_SCADA",1,"2024/02/01 06:55:00","PIONEER","-0.50",NA,NA,NA
"D","DISPATCH","UNIT_SCADA",1,"2024/02/01 06:55:00","PORTWF","64",NA,NA,NA
"D","DISPATCH","UNIT_SCADA",1,"2024/02/01 06:55:00","REPULSE","6.972152",NA,NA,NA
"D","DISPATCH","UNIT_SCADA",1,"2024/02/01 06:55:00","ROWALLAN","0",NA,NA,NA
"D","DISPATCH","UNIT_SCADA",1,"2024/02/01 06:55:00","ROYALLA1","1.1340",NA,NA,NA
"D","DISPATCH","UNIT_SCADA",1,"2024/02/01 06:55:00","RPCG","-1.60",NA,NA,NA
"D","DISPATCH","UNIT_SCADA",1,"2024/02/01 06:55:00","RUBICON","0.72",NA,NA,NA
"D","DISPATCH","UNIT_SCADA",1,"2024/02/01 06:55:00","SHOAL1","19.9750",NA,NA,NA
"D","DISPATCH","UNIT_SCADA",1,"2024/02/01 06:55:00","WAUBRAWF","49.022999",NA,NA,NA
"D","DISPATCH","UNIT_SCADA",1,"2024/02/01 06:55:00","WOOLNTH1","118.739998",NA,NA,NA
"D","DISPATCH","UNIT_SCADA",1,"2024/02/01 06:55:00","YAMBUKWF","3.70",NA,NA,NA
"D","DISPATCH","UNIT_SCADA",1,"2024/02/01 06:55:00","YSWF1","10.10",NA,NA,NA
"D","DISPATCH","UNIT_SCADA",1,"2024/02/01 07:15:00","BARCSF1","10.60",NA,NA,NA
"D","DISPATCH","UNIT_SCADA",1,"2024/02/01 07:15:00","BUTLERSG","9.099998",NA,NA,NA
"D","DISPATCH","UNIT_SCADA",1,"2024/02/01 07:15:00","BWTR1","14.632960",NA,NA,NA
"D","DISPATCH","UNIT_SCADA",1,"2024/02/01 07:15:00","CAPTL_WF","0",NA,NA,NA
"D","DISPATCH","UNIT_SCADA",1,"2024/02/01 07:15:00","CHALLHWF","7",NA,NA,NA
"D","DISPATCH","UNIT_SCADA",1,"2024/02/01 07:15:00","CLOVER","-0.01",NA,NA,NA
"D","DISPATCH","UNIT_SCADA",1,"2024/02/01 07:15:00","CLUNY","4.462806",NA,NA,NA
"D","DISPATCH","UNIT_SCADA",1,"2024/02/01 07:15:00","CONDONG1","-0.98",NA,NA,NA
"D","DISPATCH","UNIT_SCADA",1,"2024/02/01 07:15:00","CULLRGWF","0.34",NA,NA,NA
"D","DISPATCH","UNIT_SCADA",1,"2024/02/01 07:15:00","DIAPURWF1","0",NA,NA,NA
"D","DISPATCH","UNIT_SCADA",1,"2024/02/01 07:15:00","ERGT01","0",NA,NA,NA
"D","DISPATCH","UNIT_SCADA",1,"2024/02/01 07:15:00","GB01","0",NA,NA,NA
"D","DISPATCH","UNIT_SCADA",1,"2024/02/01 07:15:00","GERMCRK","10.0530",NA,NA,NA
"D","DISPATCH","UNIT_SCADA",1,"2024/02/01 07:15:00","GRIFSF1","21.677702",NA,NA,NA
"D","DISPATCH","UNIT_SCADA",1,"2024/02/01 07:15:00","HUGSF1","0.3760",NA,NA,NA
"D","DISPATCH","UNIT_SCADA",1,"2024/02/01 07:15:00","KEPBG1","0",NA,NA,NA
"D","DISPATCH","UNIT_SCADA",1,"2024/02/01 07:15:00","LRSF1","2.3910",NA,NA,NA
"D","DISPATCH","UNIT_SCADA",1,"2024/02/01 07:15:00","MBAHNTH","42.431259",NA,NA,NA
"D","DISPATCH","UNIT_SCADA",1,"2024/02/01 07:15:00","MLSP1","0.9750",NA,NA,NA
"D","DISPATCH","UNIT_SCADA",1,"2024/02/01 07:15:00","MLWF1","4.4550",NA,NA,NA
"D","DISPATCH","UNIT_SCADA",1,"2024/02/01 07:15:00","PALOONA","0",NA,NA,NA
"D","DISPATCH","UNIT_SCADA",1,"2024/02/01 07:15:00","PIONEER","-0.70",NA,NA,NA
"D","DISPATCH","UNIT_SCADA",1,"2024/02/01 07:15:00","PORTWF","54.900002",NA,NA,NA
"D","DISPATCH","UNIT_SCADA",1,"2024/02/01 07:15:00","REPULSE","6.851301",NA,NA,NA
"D","DISPATCH","UNIT_SCADA",1,"2024/02/01 07:15:00","ROWALLAN","0",NA,NA,NA
"D","DISPATCH","UNIT_SCADA",1,"2024/02/01 07:15:00","ROYALLA1","1.8740",NA,NA,NA
"D","DISPATCH","UNIT_SCADA",1,"2024/02/01 07:15:00","RPCG","-1.60",NA,NA,NA
"D","DISPATCH","UNIT_SCADA",1,"2024/02/01 07:15:00","RUBICON","0.81",NA,NA,NA
"D","DISPATCH","UNIT_SCADA",1,"2024/02/01 07:15:00","SHOAL1","0",NA,NA,NA
"D","DISPATCH","UNIT_SCADA",1,"2024/02/01 07:15:00","WAUBRAWF","65.829002",NA,NA,NA
"D","DISPATCH","UNIT_SCADA",1,"2024/02/01 07:15:00","WOOLNTH1","114.470001",NA,NA,NA
"D","DISPATCH","UNIT_SCADA",1,"2024/02/01 07:15:00","YAMBUKWF","3.70",NA,NA,NA
"D","DISPATCH","UNIT_SCADA",1,"2024/02/01 07:15:00","YSWF1","15.30",NA,NA,NA
"D","DISPATCH","UNIT_SCADA",1,"2024/02/01 07:20:00","BARCSF1","10",NA,NA,NA
"D","DISPATCH","UNIT_SCADA",1,"2024/02/01 07:20:00","BUTLERSG","9.099998",NA,NA,NA
"D","DISPATCH","UNIT_SCADA",1,"2024/02/01 07:20:00","BWTR1","14.632960",NA,NA,NA
"D","DISPATCH","UNIT_SCADA",1,"2024/02/01 07:20:00","CAPTL_WF","0",NA,NA,NA
"D","DISPATCH","UNIT_SCADA",1,"2024/02/01 07:20:00","CHALLHWF","6.50",NA,NA,NA
"D","DISPATCH","UNIT_SCADA",1,"2024/02/01 07:20:00","CLOVER","-0.01",NA,NA,NA
"D","DISPATCH","UNIT_SCADA",1,"2024/02/01 07:20:00","CLUNY","4.495766",NA,NA,NA
"D","DISPATCH","UNIT_SCADA",1,"2024/02/01 07:20:00","CONDONG1","-0.97",NA,NA,NA
"D","DISPATCH","UNIT_SCADA",1,"2024/02/01 07:20:00","CULLRGWF","0.13",NA,NA,NA
"D","DISPATCH","UNIT_SCADA",1,"2024/02/01 07:20:00","DIAPURWF1","0",NA,NA,NA
"D","DISPATCH","UNIT_SCADA",1,"2024/02/01 07:20:00","ERGT01","0",NA,NA,NA
"D","DISPATCH","UNIT_SCADA",1,"2024/02/01 07:20:00","GB01","0",NA,NA,NA
"D","DISPATCH","UNIT_SCADA",1,"2024/02/01 07:20:00","GERMCRK","5.8360",NA,NA,NA
"D","DISPATCH","UNIT_SCADA",1,"2024/02/01 07:20:00","GRIFSF1","23.044399",NA,NA,NA
"D","DISPATCH","UNIT_SCADA",1,"2024/02/01 07:20:00","HUGSF1","0.4780",NA,NA,NA
"D","DISPATCH","UNIT_SCADA",1,"2024/02/01 07:20:00","KEPBG1","0",NA,NA,NA
"D","DISPATCH","UNIT_SCADA",1,"2024/02/01 07:20:00","LRSF1","3.9630",NA,NA,NA
"D","DISPATCH","UNIT_SCADA",1,"2024/02/01 07:20:00","MBAHNTH","42.431259",NA,NA,NA
"D","DISPATCH","UNIT_SCADA",1,"2024/02/01 07:20:00","MLSP1","0.9750",NA,NA,NA
"D","DISPATCH","UNIT_SCADA",1,"2024/02/01 07:20:00","MLWF1","3.81",NA,NA,NA
"D","DISPATCH","UNIT_SCADA",1,"2024/02/01 07:20:00","PALOONA","0",NA,NA,NA
"D","DISPATCH","UNIT_SCADA",1,"2024/02/01 07:20:00","PIONEER","-0.70",NA,NA,NA
"D","DISPATCH","UNIT_SCADA",1,"2024/02/01 07:20:00","PORTWF","61.200001",NA,NA,NA
"D","DISPATCH","UNIT_SCADA",1,"2024/02/01 07:20:00","REPULSE","6.851301",NA,NA,NA
"D","DISPATCH","UNIT_SCADA",1,"2024/02/01 07:20:00","ROWALLAN","0",NA,NA,NA
"D","DISPATCH","UNIT_SCADA",1,"2024/02/01 07:20:00","ROYALLA1","1.7690",NA,NA,NA
"D","DISPATCH","UNIT_SCADA",1,"2024/02/01 07:20:00","RPCG","-1.60",NA,NA,NA
"D","DISPATCH","UNIT_SCADA",1,"2024/02/01 07:20:00","RUBICON","0.81",NA,NA,NA
"D","DISPATCH","UNIT_SCADA",1,"2024/02/01 07:20:00","SHOAL1","0",NA,NA,NA
"D","DISPATCH","UNIT_SCADA",1,"2024/02/01 07:20:00","WAUBRAWF","74.949997",NA,NA,NA
"D","DISPATCH","UNIT_SCADA",1,"2024/02/01 07:20:00","WOOLNTH1","117.349998",NA,NA,NA
"D","DISPATCH","UNIT_SCADA",1,"2024/02/01 07:20:00","YAMBUKWF","4.40",NA,NA,NA
"D","DISPATCH","UNIT_SCADA",1,"2024/02/01 07:20:00","YSWF1","15.10",NA,NA,NA
"D","DISPATCH","UNIT_SCADA",1,"2024/02/01 07:25:00","BARCSF1","11.700001",NA,NA,NA
"D","DISPATCH","UNIT_SCADA",1,"2024/02/01 07:25:00","BUTLERSG","9.099998",NA,NA,NA
"D","DISPATCH","UNIT_SCADA",1,"2024/02/01 07:25:00","BWTR1","14.632960",NA,NA,NA
"D","DISPATCH","UNIT_SCADA",1,"2024/02/01 07:25:00","CAPTL_WF","0",NA,NA,NA
"D","DISPATCH","UNIT_SCADA",1,"2024/02/01 07:25:00","CHALLHWF","6.10",NA,NA,NA
"D","DISPATCH","UNIT_SCADA",1,"2024/02/01 07:25:00","CLOVER","-0.01",NA,NA,NA
"D","DISPATCH","UNIT_SCADA",1,"2024/02/01 07:25:00","CLUNY","4.443580",NA,NA,NA
"D","DISPATCH","UNIT_SCADA",1,"2024/02/01 07:25:00","CONDONG1","-1",NA,NA,NA
"D","DISPATCH","UNIT_SCADA",1,"2024/02/01 07:25:00","CULLRGWF","0.15",NA,NA,NA
"D","DISPATCH","UNIT_SCADA",1,"2024/02/01 07:25:00","DIAPURWF1","0",NA,NA,NA
"D","DISPATCH","UNIT_SCADA",1,"2024/02/01 07:25:00","ERGT01","0",NA,NA,NA
"D","DISPATCH","UNIT_SCADA",1,"2024/02/01 07:25:00","GB01","0",NA,NA,NA
"D","DISPATCH","UNIT_SCADA",1,"2024/02/01 07:25:00","GERMCRK","10.2130",NA,NA,NA
"D","DISPATCH","UNIT_SCADA",1,"2024/02/01 07:25:00","GRIFSF1","24.124561",NA,NA,NA
"D","DISPATCH","UNIT_SCADA",1,"2024/02/01 07:25:00","HUGSF1","0.6440",NA,NA,NA
"D","DISPATCH","UNIT_SCADA",1,"2024/02/01 07:25:00","KEPBG1","0",NA,NA,NA
"D","DISPATCH","UNIT_SCADA",1,"2024/02/01 07:25:00","LRSF1","4.76",NA,NA,NA
"D","DISPATCH","UNIT_SCADA",1,"2024/02/01 07:25:00","MBAHNTH","42.468750",NA,NA,NA
"D","DISPATCH","UNIT_SCADA",1,"2024/02/01 07:25:00","MLSP1","1.0750",NA,NA,NA
"D","DISPATCH","UNIT_SCADA",1,"2024/02/01 07:25:00","MLWF1","3.8850",NA,NA,NA
"D","DISPATCH","UNIT_SCADA",1,"2024/02/01 07:25:00","PALOONA","0",NA,NA,NA
"D","DISPATCH","UNIT_SCADA",1,"2024/02/01 07:25:00","PIONEER","-0.70",NA,NA,NA
"D","DISPATCH","UNIT_SCADA",1,"2024/02/01 07:25:00","PORTWF","72.099998",NA,NA,NA
"D","DISPATCH","UNIT_SCADA",1,"2024/02/01 07:25:00","REPULSE","6.914778",NA,NA,NA
"D","DISPATCH","UNIT_SCADA",1,"2024/02/01 07:25:00","ROWALLAN","0",NA,NA,NA
"D","DISPATCH","UNIT_SCADA",1,"2024/02/01 07:25:00","ROYALLA1","1.87",NA,NA,NA
"D","DISPATCH","UNIT_SCADA",1,"2024/02/01 07:25:00","RPCG","-1.60",NA,NA,NA
"D","DISPATCH","UNIT_SCADA",1,"2024/02/01 07:25:00","RUBICON","0.81",NA,NA,NA
"D","DISPATCH","UNIT_SCADA",1,"2024/02/01 07:25:00","SHOAL1","0",NA,NA,NA
"D","DISPATCH","UNIT_SCADA",1,"2024/02/01 07:25:00","WAUBRAWF","74.153999",NA,NA,NA
"D","DISPATCH","UNIT_SCADA",1,"2024/02/01 07:25:00","WOOLNTH1","116.639999",NA,NA,NA
"D","DISPATCH","UNIT_SCADA",1,"2024/02/01 07:25:00","YAMBUKWF","4.20",NA,NA,NA
"D","DISPATCH","UNIT_SCADA",1,"2024/02/01 07:25:00","YSWF1","15.30",NA,NA,NA
"D","DISPATCH","UNIT_SCADA",1,"2024/02/01 07:30:00","BARCSF1","5.10",NA,NA,NA
"D","DISPATCH","UNIT_SCADA",1,"2024/02/01 07:30:00","BUTLERSG","9.099998",NA,NA,NA
"D","DISPATCH","UNIT_SCADA",1,"2024/02/01 07:30:00","BWTR1","14.632960",NA,NA,NA
"D","DISPATCH","UNIT_SCADA",1,"2024/02/01 07:30:00","CAPTL_WF","0",NA,NA,NA
"D","DISPATCH","UNIT_SCADA",1,"2024/02/01 07:30:00","CHALLHWF","5.20",NA,NA,NA
"D","DISPATCH","UNIT_SCADA",1,"2024/02/01 07:30:00","CLOVER","-0.03",NA,NA,NA
"D","DISPATCH","UNIT_SCADA",1,"2024/02/01 07:30:00","CLUNY","2.295720",NA,NA,NA
"D","DISPATCH","UNIT_SCADA",1,"2024/02/01 07:30:00","CONDONG1","-0.97",NA,NA,NA
"D","DISPATCH","UNIT_SCADA",1,"2024/02/01 07:30:00","CULLRGWF","-0.01",NA,NA,NA
"D","DISPATCH","UNIT_SCADA",1,"2024/02/01 07:30:00","DIAPURWF1","0",NA,NA,NA
"D","DISPATCH","UNIT_SCADA",1,"2024/02/01 07:30:00","ERGT01","0",NA,NA,NA
"D","DISPATCH","UNIT_SCADA",1,"2024/02/01 07:30:00","GB01","0",NA,NA,NA
"D","DISPATCH","UNIT_SCADA",1,"2024/02/01 07:30:00","GERMCRK","10.2870",NA,NA,NA
"D","DISPATCH","UNIT_SCADA",1,"2024/02/01 07:30:00","GRIFSF1","24.477076",NA,NA,NA
"D","DISPATCH","UNIT_SCADA",1,"2024/02/01 07:30:00","HUGSF1","0.8460",NA,NA,NA
"D","DISPATCH","UNIT_SCADA",1,"2024/02/01 07:30:00","KEPBG1","0",NA,NA,NA
"D","DISPATCH","UNIT_SCADA",1,"2024/02/01 07:30:00","LRSF1","5.0960",NA,NA,NA
"D","DISPATCH","UNIT_SCADA",1,"2024/02/01 07:30:00","MBAHNTH","41.962509",NA,NA,NA
"D","DISPATCH","UNIT_SCADA",1,"2024/02/01 07:30:00","MLSP1","1.3270",NA,NA,NA
"D","DISPATCH","UNIT_SCADA",1,"2024/02/01 07:30:00","MLWF1","2.82",NA,NA,NA
"D","DISPATCH","UNIT_SCADA",1,"2024/02/01 07:30:00","PALOONA","0",NA,NA,NA
"D","DISPATCH","UNIT_SCADA",1,"2024/02/01 07:30:00","PIONEER","-0.60",NA,NA,NA
"D","DISPATCH","UNIT_SCADA",1,"2024/02/01 07:30:00","PORTWF","66.50",NA,NA,NA
"D","DISPATCH","UNIT_SCADA",1,"2024/02/01 07:30:00","REPULSE","3.212329",NA,NA,NA
"D","DISPATCH","UNIT_SCADA",1,"2024/02/01 07:30:00","ROWALLAN","0",NA,NA,NA
"D","DISPATCH","UNIT_SCADA",1,"2024/02/01 07:30:00","ROYALLA1","1.8740",NA,NA,NA
"D","DISPATCH","UNIT_SCADA",1,"2024/02/01 07:30:00","RPCG","-1.60",NA,NA,NA
"D","DISPATCH","UNIT_SCADA",1,"2024/02/01 07:30:00","RUBICON","0.81",NA,NA,NA
"D","DISPATCH","UNIT_SCADA",1,"2024/02/01 07:30:00","SHOAL1","0",NA,NA,NA
"D","DISPATCH","UNIT_SCADA",1,"2024/02/01 07:30:00","WAUBRAWF","74.648003",NA,NA,NA
"D","DISPATCH","UNIT_SCADA",1,"2024/02/01 07:30:00","WOOLNTH1","117.079994",NA,NA,NA
"D","DISPATCH","UNIT_SCADA",1,"2024/02/01 07:30:00","YAMBUKWF","3.80",NA,NA,NA
"D","DISPATCH","UNIT_SCADA",1,"2024/02/01 07:30:00","YSWF1","15.90",NA,NA,NA
"D","DISPATCH","UNIT_SCADA",1,"2024/02/01 07:40:00","BARCSF1","11.50",NA,NA,NA
"D","DISPATCH","UNIT_SCADA",1,"2024/02/01 07:40:00","BUTLERSG","8.999998",NA,NA,NA
"D","DISPATCH","UNIT_SCADA",1,"2024/02/01 07:40:00","BWTR1","14.632960",NA,NA,NA
"D","DISPATCH","UNIT_SCADA",1,"2024/02/01 07:40:00","CAPTL_WF","0",NA,NA,NA
"D","DISPATCH","UNIT_SCADA",1,"2024/02/01 07:40:00","CHALLHWF","4",NA,NA,NA
"D","DISPATCH","UNIT_SCADA",1,"2024/02/01 07:40:00","CLOVER","-0.02",NA,NA,NA
"D","DISPATCH","UNIT_SCADA",1,"2024/02/01 07:40:00","CLUNY","2.176699",NA,NA,NA
"D","DISPATCH","UNIT_SCADA",1,"2024/02/01 07:40:00","CONDONG1","-0.93",NA,NA,NA
"D","DISPATCH","UNIT_SCADA",1,"2024/02/01 07:40:00","CULLRGWF","0",NA,NA,NA
"D","DISPATCH","UNIT_SCADA",1,"2024/02/01 07:40:00","DIAPURWF1","0",NA,NA,NA
"D","DISPATCH","UNIT_SCADA",1,"2024/02/01 07:40:00","ERGT01","0",NA,NA,NA
"D","DISPATCH","UNIT_SCADA",1,"2024/02/01 07:40:00","GB01","0",NA,NA,NA
"D","DISPATCH","UNIT_SCADA",1,"2024/02/01 07:40:00","GERMCRK","10.0510",NA,NA,NA
"D","DISPATCH","UNIT_SCADA",1,"2024/02/01 07:40:00","GRIFSF1","25.183989",NA,NA,NA
"D","DISPATCH","UNIT_SCADA",1,"2024/02/01 07:40:00","HUGSF1","1.15",NA,NA,NA
"D","DISPATCH","UNIT_SCADA",1,"2024/02/01 07:40:00","KEPBG1","0",NA,NA,NA
"D","DISPATCH","UNIT_SCADA",1,"2024/02/01 07:40:00","LRSF1","8.940001",NA,NA,NA
"D","DISPATCH","UNIT_SCADA",1,"2024/02/01 07:40:00","MBAHNTH","45.1875",NA,NA,NA
"D","DISPATCH","UNIT_SCADA",1,"2024/02/01 07:40:00","MLSP1","1.3770",NA,NA,NA
"D","DISPATCH","UNIT_SCADA",1,"2024/02/01 07:40:00","MLWF1","3.9750",NA,NA,NA
"D","DISPATCH","UNIT_SCADA",1,"2024/02/01 07:40:00","PALOONA","0",NA,NA,NA
"D","DISPATCH","UNIT_SCADA",1,"2024/02/01 07:40:00","PIONEER","-0.60",NA,NA,NA
"D","DISPATCH","UNIT_SCADA",1,"2024/02/01 07:40:00","PORTWF","67",NA,NA,NA
"D","DISPATCH","UNIT_SCADA",1,"2024/02/01 07:40:00","REPULSE","3.218433",NA,NA,NA
"D","DISPATCH","UNIT_SCADA",1,"2024/02/01 07:40:00","ROWALLAN","0",NA,NA,NA
"D","DISPATCH","UNIT_SCADA",1,"2024/02/01 07:40:00","ROYALLA1","2.2980",NA,NA,NA
"D","DISPATCH","UNIT_SCADA",1,"2024/02/01 07:40:00","RPCG","-1.60",NA,NA,NA
"D","DISPATCH","UNIT_SCADA",1,"2024/02/01 07:40:00","RUBICON","0.81",NA,NA,NA
"D","DISPATCH","UNIT_SCADA",1,"2024/02/01 07:40:00","SHOAL1","0",NA,NA,NA
"D","DISPATCH","UNIT_SCADA",1,"2024/02/01 07:40:00","WAUBRAWF","75.584999",NA,NA,NA
"D","DISPATCH","UNIT_SCADA",1,"2024/02/01 07:40:00","WOOLNTH1","114.050003",NA,NA,NA
"D","DISPATCH","UNIT_SCADA",1,"2024/02/01 07:40:00","YAMBUKWF","4.50",NA,NA,NA
"D","DISPATCH","UNIT_SCADA",1,"2024/02/01 07:40:00","YSWF1","14.90",NA,NA,NA
"D","DISPATCH","UNIT_SCADA",1,"2024/02/01 07:45:00","BARCSF1","9.50",NA,NA,NA
"D","DISPATCH","UNIT_SCADA",1,"2024/02/01 07:45:00","BUTLERSG","9.099998",NA,NA,NA
"D","DISPATCH","UNIT_SCADA",1,"2024/02/01 07:45:00","BWTR1","15.376040",NA,NA,NA
"D","DISPATCH","UNIT_SCADA",1,"2024/02/01 07:45:00","CAPTL_WF","0",NA,NA,NA
"D","DISPATCH","UNIT_SCADA",1,"2024/02/01 07:45:00","CHALLHWF","5.30",NA,NA,NA
"D","DISPATCH","UNIT_SCADA",1,"2024/02/01 07:45:00","CLOVER","-0.01",NA,NA,NA
"D","DISPATCH","UNIT_SCADA",1,"2024/02/01 07:45:00","CLUNY","2.219730",NA,NA,NA
"D","DISPATCH","UNIT_SCADA",1,"2024/02/01 07:45:00","CONDONG1","-0.94",NA,NA,NA
"D","DISPATCH","UNIT_SCADA",1,"2024/02/01 07:45:00","CULLRGWF","0",NA,NA,NA
"D","DISPATCH","UNIT_SCADA",1,"2024/02/01 07:45:00","DIAPURWF1","0",NA,NA,NA
"D","DISPATCH","UNIT_SCADA",1,"2024/02/01 07:45:00","ERGT01","0",NA,NA,NA
"D","DISPATCH","UNIT_SCADA",1,"2024/02/01 07:45:00","GB01","0",NA,NA,NA
"D","DISPATCH","UNIT_SCADA",1,"2024/02/01 07:45:00","GERMCRK","10.2530",NA,NA,NA
"D","DISPATCH","UNIT_SCADA",1,"2024/02/01 07:45:00","GRIFSF1","25.536501",NA,NA,NA
"D","DISPATCH","UNIT_SCADA",1,"2024/02/01 07:45:00","HUGSF1","1.3510",NA,NA,NA
"D","DISPATCH","UNIT_SCADA",1,"2024/02/01 07:45:00","KEPBG1","0",NA,NA,NA
"D","DISPATCH","UNIT_SCADA",1,"2024/02/01 07:45:00","LRSF1","11.3030",NA,NA,NA
"D","DISPATCH","UNIT_SCADA",1,"2024/02/01 07:45:00","MBAHNTH","45",NA,NA,NA
"D","DISPATCH","UNIT_SCADA",1,"2024/02/01 07:45:00","MLSP1","1.5270",NA,NA,NA
"D","DISPATCH","UNIT_SCADA",1,"2024/02/01 07:45:00","MLWF1","3.51",NA,NA,NA
"D","DISPATCH","UNIT_SCADA",1,"2024/02/01 07:45:00","PALOONA","0",NA,NA,NA
"D","DISPATCH","UNIT_SCADA",1,"2024/02/01 07:45:00","PIONEER","-0.60",NA,NA,NA
"D","DISPATCH","UNIT_SCADA",1,"2024/02/01 07:45:00","PORTWF","62.299999",NA,NA,NA
"D","DISPATCH","UNIT_SCADA",1,"2024/02/01 07:45:00","REPULSE","3.015793",NA,NA,NA
"D","DISPATCH","UNIT_SCADA",1,"2024/02/01 07:45:00","ROWALLAN","0",NA,NA,NA
"D","DISPATCH","UNIT_SCADA",1,"2024/02/01 07:45:00","ROYALLA1","2.5770",NA,NA,NA
"D","DISPATCH","UNIT_SCADA",1,"2024/02/01 07:45:00","RPCG","-1.60",NA,NA,NA
"D","DISPATCH","UNIT_SCADA",1,"2024/02/01 07:45:00","RUBICON","0.81",NA,NA,NA
"D","DISPATCH","UNIT_SCADA",1,"2024/02/01 07:45:00","SHOAL1","0",NA,NA,NA
"D","DISPATCH","UNIT_SCADA",1,"2024/02/01 01:05:00","BARCSF1","0.10",NA,NA,NA
"D","DISPATCH","UNIT_SCADA",1,"2024/02/01 01:05:00","BUTLERSG","9.099998",NA,NA,NA
"D","DISPATCH","UNIT_SCADA",1,"2024/02/01 01:05:00","BWTR1","14.175680",NA,NA,NA
"D","DISPATCH","UNIT_SCADA",1,"2024/02/01 01:05:00","CAPTL_WF","6.291111",NA,NA,NA
"D","DISPATCH","UNIT_SCADA",1,"2024/02/01 01:05:00","CHALLHWF","6.30",NA,NA,NA
"D","DISPATCH","UNIT_SCADA",1,"2024/02/01 01:05:00","CLOVER","-0.01",NA,NA,NA
"D","DISPATCH","UNIT_SCADA",1,"2024/02/01 01:05:00","CLUNY","5.196155",NA,NA,NA
"D","DISPATCH","UNIT_SCADA",1,"2024/02/01 01:05:00","CONDONG1","-0.96",NA,NA,NA
"D","DISPATCH","UNIT_SCADA",1,"2024/02/01 01:05:00","CULLRGWF","11.48",NA,NA,NA
"D","DISPATCH","UNIT_SCADA",1,"2024/02/01 01:05:00","DIAPURWF1","0",NA,NA,NA
"D","DISPATCH","UNIT_SCADA",1,"2024/02/01 01:05:00","ERGT01","0",NA,NA,NA
"D","DISPATCH","UNIT_SCADA",1,"2024/02/01 01:05:00","GB01","0",NA,NA,NA
"D","DISPATCH","UNIT_SCADA",1,"2024/02/01 01:05:00","GRIFSF1","0",NA,NA,NA
"D","DISPATCH","UNIT_SCADA",1,"2024/02/01 01:05:00","HUGSF1","-0.0490",NA,NA,NA
"D","DISPATCH","UNIT_SCADA",1,"2024/02/01 01:05:00","KEPBG1","0",NA,NA,NA
"D","DISPATCH","UNIT_SCADA",1,"2024/02/01 01:05:00","LRSF1","0.0480",NA,NA,NA
"D","DISPATCH","UNIT_SCADA",1,"2024/02/01 01:05:00","MBAHNTH","45.281250",NA,NA,NA
"D","DISPATCH","UNIT_SCADA",1,"2024/02/01 01:05:00","MLSP1","0.0140",NA,NA,NA
"D","DISPATCH","UNIT_SCADA",1,"2024/02/01 01:05:00","MLWF1","0.8250",NA,NA,NA
"D","DISPATCH","UNIT_SCADA",1,"2024/02/01 01:05:00","PALOONA","0",NA,NA,NA
"D","DISPATCH","UNIT_SCADA",1,"2024/02/01 01:05:00","PIONEER","-0.40",NA,NA,NA
"D","DISPATCH","UNIT_SCADA",1,"2024/02/01 01:05:00","PORTWF","14.30",NA,NA,NA
"D","DISPATCH","UNIT_SCADA",1,"2024/02/01 01:05:00","REPULSE","9.112078",NA,NA,NA
"D","DISPATCH","UNIT_SCADA",1,"2024/02/01 01:05:00","ROWALLAN","0",NA,NA,NA
"D","DISPATCH","UNIT_SCADA",1,"2024/02/01 01:05:00","ROYALLA1","0",NA,NA,NA
"D","DISPATCH","UNIT_SCADA",1,"2024/02/01 01:05:00","RPCG","-0.20",NA,NA,NA
"D","DISPATCH","UNIT_SCADA",1,"2024/02/01 01:05:00","RUBICON","0.72",NA,NA,NA
"D","DISPATCH","UNIT_SCADA",1,"2024/02/01 01:05:00","SHOAL1","11.95",NA,NA,NA
"D","DISPATCH","UNIT_SCADA",1,"2024/02/01 01:05:00","WAUBRAWF","88.897003",NA,NA,NA
"D","DISPATCH","UNIT_SCADA",1,"2024/02/01 01:05:00","WOOLNTH1","90.050003",NA,NA,NA
"D","DISPATCH","UNIT_SCADA",1,"2024/02/01 01:05:00","YAMBUKWF","0.60",NA,NA,NA
"D","DISPATCH","UNIT_SCADA",1,"2024/02/01 01:05:00","YSWF1","7",NA,NA,NA
"D","DISPATCH","UNIT_SCADA",1,"2024/02/01 01:30:00","BARCSF1","0.10",NA,NA,NA
"D","DISPATCH","UNIT_SCADA",1,"2024/02/01 01:30:00","BUTLERSG","8.999998",NA,NA,NA
"D","DISPATCH","UNIT_SCADA",1,"2024/02/01 01:30:00","BWTR1","14.175680",NA,NA,NA
"D","DISPATCH","UNIT_SCADA",1,"2024/02/01 01:30:00","CAPTL_WF","0",NA,NA,NA
"D","DISPATCH","UNIT_SCADA",1,"2024/02/01 01:30:00","CHALLHWF","1.70",NA,NA,NA
"D","DISPATCH","UNIT_SCADA",1,"2024/02/01 01:30:00","CLOVER","-0.01",NA,NA,NA
"D","DISPATCH","UNIT_SCADA",1,"2024/02/01 01:30:00","CLUNY","5.214466",NA,NA,NA
"D","DISPATCH","UNIT_SCADA",1,"2024/02/01 01:30:00","CONDONG1","-0.91",NA,NA,NA
"D","DISPATCH","UNIT_SCADA",1,"2024/02/01 01:30:00","CULLRGWF","11.38",NA,NA,NA
"D","DISPATCH","UNIT_SCADA",1,"2024/02/01 01:30:00","DIAPURWF1","0",NA,NA,NA
"D","DISPATCH","UNIT_SCADA",1,"2024/02/01 01:30:00","ERGT01","0",NA,NA,NA
"D","DISPATCH","UNIT_SCADA",1,"2024/02/01 01:30:00","GB01","0",NA,NA,NA
"D","DISPATCH","UNIT_SCADA",1,"2024/02/01 01:30:00","GERMCRK","15.3440",NA,NA,NA
"D","DISPATCH","UNIT_SCADA",1,"2024/02/01 01:30:00","GRIFSF1","0",NA,NA,NA
"D","DISPATCH","UNIT_SCADA",1,"2024/02/01 01:30:00","HUGSF1","-0.0490",NA,NA,NA
"D","DISPATCH","UNIT_SCADA",1,"2024/02/01 01:30:00","KEPBG1","0",NA,NA,NA
"D","DISPATCH","UNIT_SCADA",1,"2024/02/01 01:30:00","LRSF1","0.0480",NA,NA,NA
"D","DISPATCH","UNIT_SCADA",1,"2024/02/01 01:30:00","MBAHNTH","44.718750",NA,NA,NA
"D","DISPATCH","UNIT_SCADA",1,"2024/02/01 01:30:00","MLSP1","0.0140",NA,NA,NA
"D","DISPATCH","UNIT_SCADA",1,"2024/02/01 01:30:00","MLWF1","0.39",NA,NA,NA
"D","DISPATCH","UNIT_SCADA",1,"2024/02/01 01:30:00","PALOONA","0",NA,NA,NA
"D","DISPATCH","UNIT_SCADA",1,"2024/02/01 01:30:00","PIONEER","-0.40",NA,NA,NA
"D","DISPATCH","UNIT_SCADA",1,"2024/02/01 01:30:00","PORTWF","16.700001",NA,NA,NA
"D","DISPATCH","UNIT_SCADA",1,"2024/02/01 01:30:00","REPULSE","9.168231",NA,NA,NA
"D","DISPATCH","UNIT_SCADA",1,"2024/02/01 01:30:00","ROWALLAN","0",NA,NA,NA
"D","DISPATCH","UNIT_SCADA",1,"2024/02/01 01:30:00","ROYALLA1","0",NA,NA,NA
"D","DISPATCH","UNIT_SCADA",1,"2024/02/01 01:30:00","RPCG","-0.20",NA,NA,NA
"D","DISPATCH","UNIT_SCADA",1,"2024/02/01 01:30:00","RUBICON","0.72",NA,NA,NA
"D","DISPATCH","UNIT_SCADA",1,"2024/02/01 01:30:00","SHOAL1","11.95",NA,NA,NA
"D","DISPATCH","UNIT_SCADA",1,"2024/02/01 01:30:00","WAUBRAWF","64.000999",NA,NA,NA
"D","DISPATCH","UNIT_SCADA",1,"2024/02/01 01:30:00","WOOLNTH1","72.830002",NA,NA,NA
"D","DISPATCH","UNIT_SCADA",1,"2024/02/01 01:30:00","YAMBUKWF","1.30",NA,NA,NA
"D","DISPATCH","UNIT_SCADA",1,"2024/02/01 01:30:00","YSWF1","3.60",NA,NA,NA
"D","DISPATCH","UNIT_SCADA",1,"2024/02/01 01:45:00","BARCSF1","0.10",NA,NA,NA
"D","DISPATCH","UNIT_SCADA",1,"2024/02/01 01:45:00","BUTLERSG","9.099998",NA,NA,NA
"D","DISPATCH","UNIT_SCADA",1,"2024/02/01 01:45:00","BWTR1","14.175680",NA,NA,NA
"D","DISPATCH","UNIT_SCADA",1,"2024/02/01 01:45:00","CAPTL_WF","0",NA,NA,NA
"D","DISPATCH","UNIT_SCADA",1,"2024/02/01 01:45:00","CHALLHWF","1",NA,NA,NA
"D","DISPATCH","UNIT_SCADA",1,"2024/02/01 01:45:00","CLOVER","-0.01",NA,NA,NA
"D","DISPATCH","UNIT_SCADA",1,"2024/02/01 01:45:00","CLUNY","5.300527",NA,NA,NA
"D","DISPATCH","UNIT_SCADA",1,"2024/02/01 01:45:00","CONDONG1","-0.89",NA,NA,NA
"D","DISPATCH","UNIT_SCADA",1,"2024/02/01 01:45:00","CULLRGWF","11.33",NA,NA,NA
"D","DISPATCH","UNIT_SCADA",1,"2024/02/01 01:45:00","DIAPURWF1","0",NA,NA,NA
"D","DISPATCH","UNIT_SCADA",1,"2024/02/01 01:45:00","ERGT01","0",NA,NA,NA
"D","DISPATCH","UNIT_SCADA",1,"2024/02/01 01:45:00","GB01","0",NA,NA,NA
"D","DISPATCH","UNIT_SCADA",1,"2024/02/01 01:45:00","GERMCRK","15.12",NA,NA,NA
"D","DISPATCH","UNIT_SCADA",1,"2024/02/01 01:45:00","GRIFSF1","0",NA,NA,NA
"D","DISPATCH","UNIT_SCADA",1,"2024/02/01 01:45:00","HUGSF1","-0.0490",NA,NA,NA
"D","DISPATCH","UNIT_SCADA",1,"2024/02/01 01:45:00","KEPBG1","0",NA,NA,NA
"D","DISPATCH","UNIT_SCADA",1,"2024/02/01 01:45:00","LRSF1","0.0480",NA,NA,NA
"D","DISPATCH","UNIT_SCADA",1,"2024/02/01 01:45:00","MBAHNTH","44.868744",NA,NA,NA
"D","DISPATCH","UNIT_SCADA",1,"2024/02/01 01:45:00","MLSP1","0.0140",NA,NA,NA
"D","DISPATCH","UNIT_SCADA",1,"2024/02/01 01:45:00","MLWF1","0.4650",NA,NA,NA
"D","DISPATCH","UNIT_SCADA",1,"2024/02/01 01:45:00","PALOONA","0",NA,NA,NA
"D","DISPATCH","UNIT_SCADA",1,"2024/02/01 01:45:00","PIONEER","-0.40",NA,NA,NA
"D","DISPATCH","UNIT_SCADA",1,"2024/02/01 01:45:00","PORTWF","17.60",NA,NA,NA
"D","DISPATCH","UNIT_SCADA",1,"2024/02/01 01:45:00","REPULSE","9.467307",NA,NA,NA
"D","DISPATCH","UNIT_SCADA",1,"2024/02/01 01:45:00","ROWALLAN","0",NA,NA,NA
"D","DISPATCH","UNIT_SCADA",1,"2024/02/01 01:45:00","ROYALLA1","0",NA,NA,NA
"D","DISPATCH","UNIT_SCADA",1,"2024/02/01 01:45:00","RPCG","-0.20",NA,NA,NA
"D","DISPATCH","UNIT_SCADA",1,"2024/02/01 01:45:00","RUBICON","0.72",NA,NA,NA
"D","DISPATCH","UNIT_SCADA",1,"2024/02/01 01:45:00","SHOAL1","11.95",NA,NA,NA
"D","DISPATCH","UNIT_SCADA",1,"2024/02/01 01:45:00","WAUBRAWF","51.287998",NA,NA,NA
"D","DISPATCH","UNIT_SCADA",1,"2024/02/01 01:45:00","WOOLNTH1","75.610001",NA,NA,NA
"D","DISPATCH","UNIT_SCADA",1,"2024/02/01 01:45:00","YAMBUKWF","1.90",NA,NA,NA
"D","DISPATCH","UNIT_SCADA",1,"2024/02/01 01:45:00","YSWF1","1.20",NA,NA,NA
"D","DISPATCH","UNIT_SCADA",1,"2024/02/02 01:00:00","BARCSF1","0",NA,NA,NA
"D","DISPATCH","UNIT_SCADA",1,"2024/02/02 01:00:00","BUTLERSG","9.099998",NA,NA,NA
"D","DISPATCH","UNIT_SCADA",1,"2024/02/02 01:00:00","BWTR1","14.975920",NA,NA,NA
"D","DISPATCH","UNIT_SCADA",1,"2024/02/02 01:00:00","CAPTL_WF","0",NA,NA,NA
"D","DISPATCH","UNIT_SCADA",1,"2024/02/02 01:00:00","CHALLHWF","12.50",NA,NA,NA
"D","DISPATCH","UNIT_SCADA",1,"2024/02/02 01:00:00","CLOVER","-0.10",NA,NA,NA
"D","DISPATCH","UNIT_SCADA",1,"2024/02/02 01:00:00","CLUNY","4.428931",NA,NA,NA
"D","DISPATCH","UNIT_SCADA",1,"2024/02/02 01:00:00","CONDONG1","-0.72",NA,NA,NA
"D","DISPATCH","UNIT_SCADA",1,"2024/02/02 01:00:00","CULLRGWF","8.75",NA,NA,NA
"D","DISPATCH","UNIT_SCADA",1,"2024/02/02 01:00:00","DIAPURWF1","0",NA,NA,NA
"D","DISPATCH","UNIT_SCADA",1,"2024/02/02 01:00:00","ERGT01","0",NA,NA,NA
"D","DISPATCH","UNIT_SCADA",1,"2024/02/02 01:00:00","GB01","0",NA,NA,NA
"D","DISPATCH","UNIT_SCADA",1,"2024/02/02 01:00:00","GERMCRK","17.1640",NA,NA,NA
"D","DISPATCH","UNIT_SCADA",1,"2024/02/02 01:00:00","GRIFSF1","0",NA,NA,NA
"D","DISPATCH","UNIT_SCADA",1,"2024/02/02 01:00:00","HUGSF1","-0.1480",NA,NA,NA
"D","DISPATCH","UNIT_SCADA",1,"2024/02/02 01:00:00","KEPBG1","0",NA,NA,NA
"D","DISPATCH","UNIT_SCADA",1,"2024/02/02 01:00:00","LRSF1","-0.03",NA,NA,NA
"D","DISPATCH","UNIT_SCADA",1,"2024/02/02 01:00:00","MBAHNTH","48.600006",NA,NA,NA
"D","DISPATCH","UNIT_SCADA",1,"2024/02/02 01:00:00","MLSP1","0.0310",NA,NA,NA
"D","DISPATCH","UNIT_SCADA",1,"2024/02/02 01:00:00","MLWF1","5.1150",NA,NA,NA
"D","DISPATCH","UNIT_SCADA",1,"2024/02/02 01:00:00","PALOONA","0",NA,NA,NA
"D","DISPATCH","UNIT_SCADA",1,"2024/02/02 01:00:00","PIONEER","-0.40",NA,NA,NA
"D","DISPATCH","UNIT_SCADA",1,"2024/02/02 01:00:00","PORTWF","64.800003",NA,NA,NA
"D","DISPATCH","UNIT_SCADA",1,"2024/02/02 01:00:00","REPULSE","7.067369",NA,NA,NA
"D","DISPATCH","UNIT_SCADA",1,"2024/02/02 01:00:00","ROWALLAN","0",NA,NA,NA
"D","DISPATCH","UNIT_SCADA",1,"2024/02/02 01:00:00","ROYALLA1","0",NA,NA,NA
"D","DISPATCH","UNIT_SCADA",1,"2024/02/02 01:00:00","RPCG","3.60",NA,NA,NA
"D","DISPATCH","UNIT_SCADA",1,"2024/02/02 01:00:00","RUBICON","0.81",NA,NA,NA
"D","DISPATCH","UNIT_SCADA",1,"2024/02/02 01:00:00","SHOAL1","19.9750",NA,NA,NA
"D","DISPATCH","UNIT_SCADA",1,"2024/02/02 01:00:00","WAUBRAWF","138.417007",NA,NA,NA
"D","DISPATCH","UNIT_SCADA",1,"2024/02/02 01:00:00","WOOLNTH1","126.650002",NA,NA,NA
"D","DISPATCH","UNIT_SCADA",1,"2024/02/02 01:00:00","YAMBUKWF","19",NA,NA,NA
"D","DISPATCH","UNIT_SCADA",1,"2024/02/02 01:00:00","YSWF1","16.200001",NA,NA,NA
"D","DISPATCH","UNIT_SCADA",1,"2024/02/02 01:15:00","RPCG","6.50",NA,NA,NA
"D","DISPATCH","UNIT_SCADA",1,"2024/02/02 01:15:00","RUBICON","0.81",NA,NA,NA
"D","DISPATCH","UNIT_SCADA",1,"2024/02/02 01:15:00","SHOAL1","19.9750",NA,NA,NA
"D","DISPATCH","UNIT_SCADA",1,"2024/02/02 01:15:00","WAUBRAWF","129.238007",NA,NA,NA
"D","DISPATCH","UNIT_SCADA",1,"2024/02/02 01:15:00","WOOLNTH1","127.169998",NA,NA,NA
"D","DISPATCH","UNIT_SCADA",1,"2024/02/02 01:15:00","YAMBUKWF","20.60",NA,NA,NA
"D","DISPATCH","UNIT_SCADA",1,"2024/02/02 01:15:00","YSWF1","17.40",NA,NA,NA
"D","DISPATCH","UNIT_SCADA",1,"2024/02/02 01:30:00","BARCSF1","0",NA,NA,NA
"D","DISPATCH","UNIT_SCADA",1,"2024/02/02 01:30:00","BUTLERSG","8.999998",NA,NA,NA
"D","DISPATCH","UNIT_SCADA",1,"2024/02/02 01:30:00","BWTR1","14.632960",NA,NA,NA
"D","DISPATCH","UNIT_SCADA",1,"2024/02/02 01:30:00","CAPTL_WF","0",NA,NA,NA
"D","DISPATCH","UNIT_SCADA",1,"2024/02/02 01:30:00","CHALLHWF","14",NA,NA,NA
"D","DISPATCH","UNIT_SCADA",1,"2024/02/02 01:30:00","CLOVER","-0.10",NA,NA,NA
"D","DISPATCH","UNIT_SCADA",1,"2024/02/02 01:30:00","CLUNY","4.476539",NA,NA,NA
"D","DISPATCH","UNIT_SCADA",1,"2024/02/02 01:30:00","CONDONG1","-0.72",NA,NA,NA
"D","DISPATCH","UNIT_SCADA",1,"2024/02/02 01:30:00","CULLRGWF","8.07",NA,NA,NA
"D","DISPATCH","UNIT_SCADA",1,"2024/02/02 01:30:00","DIAPURWF1","0",NA,NA,NA
"D","DISPATCH","UNIT_SCADA",1,"2024/02/02 01:30:00","ERGT01","0",NA,NA,NA
"D","DISPATCH","UNIT_SCADA",1,"2024/02/02 01:30:00","GB01","0",NA,NA,NA
"D","DISPATCH","UNIT_SCADA",1,"2024/02/02 01:30:00","GERMCRK","17.580999",NA,NA,NA
"D","DISPATCH","UNIT_SCADA",1,"2024/02/02 01:30:00","GRIFSF1","0",NA,NA,NA
"D","DISPATCH","UNIT_SCADA",1,"2024/02/02 01:30:00","HUGSF1","-0.1480",NA,NA,NA
"D","DISPATCH","UNIT_SCADA",1,"2024/02/02 01:30:00","KEPBG1","0",NA,NA,NA
"D","DISPATCH","UNIT_SCADA",1,"2024/02/02 01:30:00","LRSF1","-0.03",NA,NA,NA
"D","DISPATCH","UNIT_SCADA",1,"2024/02/02 01:30:00","MBAHNTH","48.712494",NA,NA,NA
"D","DISPATCH","UNIT_SCADA",1,"2024/02/02 01:30:00","MLSP1","0.0310",NA,NA,NA
"D","DISPATCH","UNIT_SCADA",1,"2024/02/02 01:30:00","MLWF1","11.4750",NA,NA,NA
"D","DISPATCH","UNIT_SCADA",1,"2024/02/02 01:30:00","PALOONA","0",NA,NA,NA
"D","DISPATCH","UNIT_SCADA",1,"2024/02/02 01:30:00","PIONEER","-0.40",NA,NA,NA
"D","DISPATCH","UNIT_SCADA",1,"2024/02/02 01:30:00","PORTWF","57.400002",NA,NA,NA
"D","DISPATCH","UNIT_SCADA",1,"2024/02/02 01:30:00","REPULSE","6.718242",NA,NA,NA
"D","DISPATCH","UNIT_SCADA",1,"2024/02/02 01:30:00","ROWALLAN","0",NA,NA,NA
"D","DISPATCH","UNIT_SCADA",1,"2024/02/02 01:30:00","ROYALLA1","0",NA,NA,NA
"D","DISPATCH","UNIT_SCADA",1,"2024/02/02 01:30:00","RPCG","8",NA,NA,NA
"D","DISPATCH","UNIT_SCADA",1,"2024/02/02 01:30:00","RUBICON","0.81",NA,NA,NA
"D","DISPATCH","UNIT_SCADA",1,"2024/02/02 01:30:00","SHOAL1","19.9750",NA,NA,NA
"D","DISPATCH","UNIT_SCADA",1,"2024/02/02 01:30:00","WAUBRAWF","106.491997",NA,NA,NA
"D","DISPATCH","UNIT_SCADA",1,"2024/02/02 01:30:00","WOOLNTH1","127.330002",NA,NA,NA
"D","DISPATCH","UNIT_SCADA",1,"2024/02/02 01:30:00","YAMBUKWF","22.60",NA,NA,NA
"D","DISPATCH","UNIT_SCADA",1,"2024/02/02 01:30:00","YSWF1","10.80",NA,NA,NA
"D","DISPATCH","UNIT_SCADA",1,"2024/02/02 01:35:00","BARCSF1","0",NA,NA,NA
"D","DISPATCH","UNIT_SCADA",1,"2024/02/02 01:35:00","BUTLERSG","9.099998",NA,NA,NA
"D","DISPATCH","UNIT_SCADA",1,"2024/02/02 01:35:00","BWTR1","14.632960",NA,NA,NA
"D","DISPATCH","UNIT_SCADA",1,"2024/02/02 01:35:00","CAPTL_WF","0",NA,NA,NA
"D","DISPATCH","UNIT_SCADA",1,"2024/02/02 01:35:00","CHALLHWF","13.799999",NA,NA,NA
"D","DISPATCH","UNIT_SCADA",1,"2024/02/02 01:35:00","CLOVER","-0.11",NA,NA,NA
"D","DISPATCH","UNIT_SCADA",1,"2024/02/02 01:35:00","CLUNY","4.471961",NA,NA,NA
"D","DISPATCH","UNIT_SCADA",1,"2024/02/02 01:35:00","CONDONG1","-0.72",NA,NA,NA
"D","DISPATCH","UNIT_SCADA",1,"2024/02/02 01:35:00","CULLRGWF","8.10",NA,NA,NA
"D","DISPATCH","UNIT_SCADA",1,"2024/02/02 01:35:00","DIAPURWF1","0",NA,NA,NA
"D","DISPATCH","UNIT_SCADA",1,"2024/02/02 01:35:00","ERGT01","0",NA,NA,NA
"D","DISPATCH","UNIT_SCADA",1,"2024/02/02 01:35:00","GB01","0",NA,NA,NA
"D","DISPATCH","UNIT_SCADA",1,"2024/02/02 01:35:00","GERMCRK","17.495001",NA,NA,NA
"D","DISPATCH","UNIT_SCADA",1,"2024/02/02 01:35:00","GRIFSF1","0",NA,NA,NA
"D","DISPATCH","UNIT_SCADA",1,"2024/02/02 01:35:00","HUGSF1","-0.1480",NA,NA,NA
"D","DISPATCH","UNIT_SCADA",1,"2024/02/02 01:35:00","KEPBG1","0",NA,NA,NA
"D","DISPATCH","UNIT_SCADA",1,"2024/02/02 01:35:00","LRSF1","-0.03",NA,NA,NA
"D","DISPATCH","UNIT_SCADA",1,"2024/02/02 01:35:00","MBAHNTH","49.143753",NA,NA,NA
"D","DISPATCH","UNIT_SCADA",1,"2024/02/02 01:35:00","MLSP1","0.0310",NA,NA,NA
"D","DISPATCH","UNIT_SCADA",1,"2024/02/02 01:35:00","MLWF1","9.8850",NA,NA,NA
"D","DISPATCH","UNIT_SCADA",1,"2024/02/02 01:35:00","PALOONA","0",NA,NA,NA
"D","DISPATCH","UNIT_SCADA",1,"2024/02/02 01:35:00","PIONEER","-0.40",NA,NA,NA
"D","DISPATCH","UNIT_SCADA",1,"2024/02/02 01:35:00","PORTWF","60.299999",NA,NA,NA
"D","DISPATCH","UNIT_SCADA",1,"2024/02/02 01:35:00","REPULSE","7.060044",NA,NA,NA
"D","DISPATCH","UNIT_SCADA",1,"2024/02/02 01:35:00","ROWALLAN","0",NA,NA,NA
"D","DISPATCH","UNIT_SCADA",1,"2024/02/02 01:35:00","ROYALLA1","0",NA,NA,NA
"D","DISPATCH","UNIT_SCADA",1,"2024/02/02 01:35:00","RPCG","8",NA,NA,NA
"D","DISPATCH","UNIT_SCADA",1,"2024/02/02 01:35:00","RUBICON","0.81",NA,NA,NA
"D","DISPATCH","UNIT_SCADA",1,"2024/02/02 01:35:00","SHOAL1","19.9750",NA,NA,NA
"D","DISPATCH","UNIT_SCADA",1,"2024/02/02 01:35:00","WAUBRAWF","93.369003",NA,NA,NA
"D","DISPATCH","UNIT_SCADA",1,"2024/02/02 01:35:00","WOOLNTH1","127.099991",NA,NA,NA
"D","DISPATCH","UNIT_SCADA",1,"2024/02/02 01:35:00","YAMBUKWF","23.90",NA,NA,NA
"D","DISPATCH","UNIT_SCADA",1,"2024/02/02 01:35:00","YSWF1","10.90",NA,NA,NA
"D","DISPATCH","UNIT_SCADA",1,"2024/02/02 01:50:00","BARCSF1","0",NA,NA,NA
"D","DISPATCH","UNIT_SCADA",1,"2024/02/02 01:50:00","BUTLERSG","9.099998",NA,NA,NA
"D","DISPATCH","UNIT_SCADA",1,"2024/02/02 01:50:00","BWTR1","14.29",NA,NA,NA
"D","DISPATCH","UNIT_SCADA",1,"2024/02/02 01:50:00","CAPTL_WF","0",NA,NA,NA
"D","DISPATCH","UNIT_SCADA",1,"2024/02/02 01:50:00","CHALLHWF","9.70",NA,NA,NA
"D","DISPATCH","UNIT_SCADA",1,"2024/02/02 01:50:00","CLOVER","-0.11",NA,NA,NA
"D","DISPATCH","UNIT_SCADA",1,"2024/02/02 01:50:00","CLUNY","4.519570",NA,NA,NA
"D","DISPATCH","UNIT_SCADA",1,"2024/02/02 01:50:00","CONDONG1","-0.72",NA,NA,NA
"D","DISPATCH","UNIT_SCADA",1,"2024/02/02 01:50:00","CULLRGWF","9.40",NA,NA,NA
"D","DISPATCH","UNIT_SCADA",1,"2024/02/02 01:50:00","DIAPURWF1","0",NA,NA,NA
"D","DISPATCH","UNIT_SCADA",1,"2024/02/02 01:50:00","ERGT01","0",NA,NA,NA
"D","DISPATCH","UNIT_SCADA",1,"2024/02/02 01:50:00","GB01","0",NA,NA,NA
"D","DISPATCH","UNIT_SCADA",1,"2024/02/02 01:50:00","GERMCRK","17.688999",NA,NA,NA
"D","DISPATCH","UNIT_SCADA",1,"2024/02/02 01:50:00","GRIFSF1","0",NA,NA,NA
"D","DISPATCH","UNIT_SCADA",1,"2024/02/02 01:50:00","HUGSF1","-0.1480",NA,NA,NA
"D","DISPATCH","UNIT_SCADA",1,"2024/02/02 01:50:00","KEPBG1","0",NA,NA,NA
"D","DISPATCH","UNIT_SCADA",1,"2024/02/02 01:50:00","LRSF1","-0.03",NA,NA,NA
"D","DISPATCH","UNIT_SCADA",1,"2024/02/02 01:50:00","MBAHNTH","49.368759",NA,NA,NA
"D","DISPATCH","UNIT_SCADA",1,"2024/02/02 01:50:00","MLSP1","0.0310",NA,NA,NA
"D","DISPATCH","UNIT_SCADA",1,"2024/02/02 01:50:00","MLWF1","7.8150",NA,NA,NA
"D","DISPATCH","UNIT_SCADA",1,"2024/02/02 01:50:00","PALOONA","0",NA,NA,NA
"D","DISPATCH","UNIT_SCADA",1,"2024/02/02 01:50:00","PIONEER","-0.40",NA,NA,NA
"D","DISPATCH","UNIT_SCADA",1,"2024/02/02 01:50:00","PORTWF","61.700001",NA,NA,NA
"D","DISPATCH","UNIT_SCADA",1,"2024/02/02 01:50:00","REPULSE","6.901350",NA,NA,NA
"D","DISPATCH","UNIT_SCADA",1,"2024/02/02 01:50:00","ROWALLAN","0",NA,NA,NA
"D","DISPATCH","UNIT_SCADA",1,"2024/02/02 01:50:00","ROYALLA1","0",NA,NA,NA
"D","DISPATCH","UNIT_SCADA",1,"2024/02/02 01:50:00","RPCG","10.60",NA,NA,NA
"D","DISPATCH","UNIT_SCADA",1,"2024/02/02 01:50:00","RUBICON","0.81",NA,NA,NA
"D","DISPATCH","UNIT_SCADA",1,"2024/02/02 01:50:00","SHOAL1","19.950001",NA,NA,NA
"D","DISPATCH","UNIT_SCADA",1,"2024/02/02 01:50:00","WAUBRAWF","92.800003",NA,NA,NA
"D","DISPATCH","UNIT_SCADA",1,"2024/02/02 01:50:00","WOOLNTH1","126.159996",NA,NA,NA
"D","DISPATCH","UNIT_SCADA",1,"2024/02/02 01:50:00","YAMBUKWF","23",NA,NA,NA
"D","DISPATCH","UNIT_SCADA",1,"2024/02/02 01:50:00","YSWF1","9.40",NA,NA,NA
"D","DISPATCH","UNIT_SCADA",1,"2024/02/02 02:05:00","BARCSF1","0",NA,NA,NA
"D","DISPATCH","UNIT_SCADA",1,"2024/02/02 02:05:00","BUTLERSG","9.099998",NA,NA,NA
"D","DISPATCH","UNIT_SCADA",1,"2024/02/02 02:05:00","BWTR1","13.947040",NA,NA,NA
"D","DISPATCH","UNIT_SCADA",1,"2024/02/02 02:05:00","CAPTL_WF","0",NA,NA,NA
"D","DISPATCH","UNIT_SCADA",1,"2024/02/02 02:05:00","CHALLHWF","9.20",NA,NA,NA
"D","DISPATCH","UNIT_SCADA",1,"2024/02/02 02:05:00","CLOVER","-0.11",NA,NA,NA
"D","DISPATCH","UNIT_SCADA",1,"2024/02/02 02:05:00","CLUNY","4.439002",NA,NA,NA
"D","DISPATCH","UNIT_SCADA",1,"2024/02/02 02:05:00","CONDONG1","-0.73",NA,NA,NA
"D","DISPATCH","UNIT_SCADA",1,"2024/02/02 02:05:00","CULLRGWF","12.75",NA,NA,NA
"D","DISPATCH","UNIT_SCADA",1,"2024/02/02 02:05:00","DIAPURWF1","0",NA,NA,NA
"D","DISPATCH","UNIT_SCADA",1,"2024/02/02 02:05:00","ERGT01","0",NA,NA,NA
"D","DISPATCH","UNIT_SCADA",1,"2024/02/02 02:05:00","GB01","0",NA,NA,NA
"D","DISPATCH","UNIT_SCADA",1,"2024/02/02 02:05:00","GERMCRK","16.212999",NA,NA,NA
"D","DISPATCH","UNIT_SCADA",1,"2024/02/02 02:05:00","GRIFSF1","0",NA,NA,NA
"D","DISPATCH","UNIT_SCADA",1,"2024/02/02 02:05:00","HUGSF1","-0.1480",NA,NA,NA
"D","DISPATCH","UNIT_SCADA",1,"2024/02/02 02:05:00","KEPBG1","0",NA,NA,NA
"D","DISPATCH","UNIT_SCADA",1,"2024/02/02 02:05:00","LRSF1","-0.03",NA,NA,NA
"D","DISPATCH","UNIT_SCADA",1,"2024/02/02 02:05:00","MBAHNTH","49.368759",NA,NA,NA
"D","DISPATCH","UNIT_SCADA",1,"2024/02/02 02:05:00","MLSP1","0.0310",NA,NA,NA
"D","DISPATCH","UNIT_SCADA",1,"2024/02/02 02:05:00","MLWF1","4.6350",NA,NA,NA
"D","DISPATCH","UNIT_SCADA",1,"2024/02/02 02:05:00","PALOONA","0",NA,NA,NA
"D","DISPATCH","UNIT_SCADA",1,"2024/02/02 02:05:00","PIONEER","-0.40",NA,NA,NA
"D","DISPATCH","UNIT_SCADA",1,"2024/02/02 02:05:00","PORTWF","60",NA,NA,NA
"D","DISPATCH","UNIT_SCADA",1,"2024/02/02 02:05:00","REPULSE","7.016098",NA,NA,NA
"D","DISPATCH","UNIT_SCADA",1,"2024/02/02 02:05:00","ROWALLAN","0",NA,NA,NA
"D","DISPATCH","UNIT_SCADA",1,"2024/02/02 02:05:00","ROYALLA1","0",NA,NA,NA
"D","DISPATCH","UNIT_SCADA",1,"2024/02/02 02:05:00","RPCG","10.60",NA,NA,NA
"D","DISPATCH","UNIT_SCADA",1,"2024/02/02 02:05:00","RUBICON","0.81",NA,NA,NA
"D","DISPATCH","UNIT_SCADA",1,"2024/02/02 02:05:00","SHOAL1","19.950001",NA,NA,NA
"D","DISPATCH","UNIT_SCADA",1,"2024/02/02 02:05:00","WAUBRAWF","136.824997",NA,NA,NA
"D","DISPATCH","UNIT_SCADA",1,"2024/02/02 02:05:00","WOOLNTH1","127.029999",NA,NA,NA
"D","DISPATCH","UNIT_SCADA",1,"2024/02/02 02:05:00","YAMBUKWF","21.700001",NA,NA,NA
"D","DISPATCH","UNIT_SCADA",1,"2024/02/02 02:05:00","YSWF1","23.299999",NA,NA,NA
"D","DISPATCH","UNIT_SCADA",1,"2024/02/02 04:55:00","BARCSF1","0",NA,NA,NA
"D","DISPATCH","UNIT_SCADA",1,"2024/02/02 04:55:00","BUTLERSG","9.099998",NA,NA,NA
"D","DISPATCH","UNIT_SCADA",1,"2024/02/02 04:55:00","BWTR1","14.690120",NA,NA,NA
"D","DISPATCH","UNIT_SCADA",1,"2024/02/02 04:55:00","CAPTL_WF","23.199574",NA,NA,NA
"D","DISPATCH","UNIT_SCADA",1,"2024/02/02 04:55:00","CHALLHWF","17.299999",NA,NA,NA
"D","DISPATCH","UNIT_SCADA",1,"2024/02/02 04:55:00","CLOVER","-0.10",NA,NA,NA
"D","DISPATCH","UNIT_SCADA",1,"2024/02/02 04:55:00","CLUNY","8.248569",NA,NA,NA
"D","DISPATCH","UNIT_SCADA",1,"2024/02/02 04:55:00","CONDONG1","-0.73",NA,NA,NA
"D","DISPATCH","UNIT_SCADA",1,"2024/02/02 04:55:00","CULLRGWF","14.63",NA,NA,NA
"D","DISPATCH","UNIT_SCADA",1,"2024/02/02 04:55:00","DIAPURWF1","0",NA,NA,NA
"D","DISPATCH","UNIT_SCADA",1,"2024/02/02 04:55:00","ERGT01","0",NA,NA,NA
"D","DISPATCH","UNIT_SCADA",1,"2024/02/02 04:55:00","GB01","0",NA,NA,NA
"D","DISPATCH","UNIT_SCADA",1,"2024/02/02 04:55:00","GERMCRK","11.2630",NA,NA,NA
"D","DISPATCH","UNIT_SCADA",1,"2024/02/02 04:55:00","GRIFSF1","0",NA,NA,NA
"D","DISPATCH","UNIT_SCADA",1,"2024/02/02 04:55:00","HUGSF1","-0.1480",NA,NA,NA
"D","DISPATCH","UNIT_SCADA",1,"2024/02/02 04:55:00","KEPBG1","0",NA,NA,NA
"D","DISPATCH","UNIT_SCADA",1,"2024/02/02 04:55:00","LRSF1","-0.03",NA,NA,NA
"D","DISPATCH","UNIT_SCADA",1,"2024/02/02 04:55:00","MBAHNTH","46.668747",NA,NA,NA
"D","DISPATCH","UNIT_SCADA",1,"2024/02/02 04:55:00","MLSP1","0.0310",NA,NA,NA
"D","DISPATCH","UNIT_SCADA",1,"2024/02/02 04:55:00","MLWF1","2.58",NA,NA,NA
"D","DISPATCH","UNIT_SCADA",1,"2024/02/02 04:55:00","PALOONA","0",NA,NA,NA
"D","DISPATCH","UNIT_SCADA",1,"2024/02/02 04:55:00","PIONEER","-0.40",NA,NA,NA
"D","DISPATCH","UNIT_SCADA",1,"2024/02/02 04:55:00","PORTWF","36.099998",NA,NA,NA
"D","DISPATCH","UNIT_SCADA",1,"2024/02/02 04:55:00","REPULSE","13.080644",NA,NA,NA
"D","DISPATCH","UNIT_SCADA",1,"2024/02/01 03:30:00","WOOLNTH1","101.080002",NA,NA,NA
"D","DISPATCH","UNIT_SCADA",1,"2024/02/01 03:30:00","YAMBUKWF","4.20",NA,NA,NA
"D","DISPATCH","UNIT_SCADA",1,"2024/02/01 03:30:00","YSWF1","4.20",NA,NA,NA
"D","DISPATCH","UNIT_SCADA",1,"2024/02/01 03:40:00","BARCSF1","0.10",NA,NA,NA
"D","DISPATCH","UNIT_SCADA",1,"2024/02/01 03:40:00","BUTLERSG","9.099998",NA,NA,NA
"D","DISPATCH","UNIT_SCADA",1,"2024/02/01 03:40:00","BWTR1","14.118520",NA,NA,NA
"D","DISPATCH","UNIT_SCADA",1,"2024/02/01 03:40:00","CAPTL_WF","0",NA,NA,NA
"D","DISPATCH","UNIT_SCADA",1,"2024/02/01 03:40:00","CHALLHWF","0",NA,NA,NA
"D","DISPATCH","UNIT_SCADA",1,"2024/02/01 03:40:00","CLOVER","-0.01",NA,NA,NA
"D","DISPATCH","UNIT_SCADA",1,"2024/02/01 03:40:00","CLUNY","5.209888",NA,NA,NA
"D","DISPATCH","UNIT_SCADA",1,"2024/02/01 03:40:00","CONDONG1","-0.97",NA,NA,NA
"D","DISPATCH","UNIT_SCADA",1,"2024/02/01 03:40:00","CULLRGWF","4.83",NA,NA,NA
"D","DISPATCH","UNIT_SCADA",1,"2024/02/01 03:40:00","DIAPURWF1","0",NA,NA,NA
"D","DISPATCH","UNIT_SCADA",1,"2024/02/01 03:40:00","ERGT01","0",NA,NA,NA
"D","DISPATCH","UNIT_SCADA",1,"2024/02/01 03:40:00","GB01","0",NA,NA,NA
"D","DISPATCH","UNIT_SCADA",1,"2024/02/01 03:40:00","GERMCRK","16.0660",NA,NA,NA
"D","DISPATCH","UNIT_SCADA",1,"2024/02/01 03:40:00","GRIFSF1","0",NA,NA,NA
"D","DISPATCH","UNIT_SCADA",1,"2024/02/01 03:40:00","HUGSF1","-0.0490",NA,NA,NA
"D","DISPATCH","UNIT_SCADA",1,"2024/02/01 03:40:00","KEPBG1","0",NA,NA,NA
"D","DISPATCH","UNIT_SCADA",1,"2024/02/01 03:40:00","LRSF1","0.0480",NA,NA,NA
"D","DISPATCH","UNIT_SCADA",1,"2024/02/01 03:40:00","MBAHNTH","45.056244",NA,NA,NA
"D","DISPATCH","UNIT_SCADA",1,"2024/02/01 03:40:00","MLSP1","0.0140",NA,NA,NA
"D","DISPATCH","UNIT_SCADA",1,"2024/02/01 03:40:00","MLWF1","4.38",NA,NA,NA
"D","DISPATCH","UNIT_SCADA",1,"2024/02/01 03:40:00","PALOONA","0",NA,NA,NA
"D","DISPATCH","UNIT_SCADA",1,"2024/02/01 03:40:00","PIONEER","-0.40",NA,NA,NA
"D","DISPATCH","UNIT_SCADA",1,"2024/02/01 03:40:00","PORTWF","39.099998",NA,NA,NA
"D","DISPATCH","UNIT_SCADA",1,"2024/02/01 03:40:00","REPULSE","9.104753",NA,NA,NA
"D","DISPATCH","UNIT_SCADA",1,"2024/02/01 03:40:00","ROWALLAN","0",NA,NA,NA
"D","DISPATCH","UNIT_SCADA",1,"2024/02/01 03:40:00","ROYALLA1","0",NA,NA,NA
"D","DISPATCH","UNIT_SCADA",1,"2024/02/01 03:40:00","RPCG","-0.20",NA,NA,NA
"D","DISPATCH","UNIT_SCADA",1,"2024/02/01 03:40:00","RUBICON","0.72",NA,NA,NA
"D","DISPATCH","UNIT_SCADA",1,"2024/02/01 03:40:00","SHOAL1","11.95",NA,NA,NA
"D","DISPATCH","UNIT_SCADA",1,"2024/02/01 03:40:00","WAUBRAWF","26.3790",NA,NA,NA
"D","DISPATCH","UNIT_SCADA",1,"2024/02/01 03:40:00","WOOLNTH1","107.220001",NA,NA,NA
"D","DISPATCH","UNIT_SCADA",1,"2024/02/01 03:40:00","YAMBUKWF","3.30",NA,NA,NA
"D","DISPATCH","UNIT_SCADA",1,"2024/02/01 03:40:00","YSWF1","3.50",NA,NA,NA
"D","DISPATCH","UNIT_SCADA",1,"2024/02/01 03:50:00","BARCSF1","0.10",NA,NA,NA
"D","DISPATCH","UNIT_SCADA",1,"2024/02/01 03:50:00","BUTLERSG","9.099998",NA,NA,NA
"D","DISPATCH","UNIT_SCADA",1,"2024/02/01 03:50:00","BWTR1","14.118520",NA,NA,NA
"D","DISPATCH","UNIT_SCADA",1,"2024/02/01 03:50:00","CAPTL_WF","0",NA,NA,NA
"D","DISPATCH","UNIT_SCADA",1,"2024/02/01 03:50:00","CHALLHWF","0",NA,NA,NA
"D","DISPATCH","UNIT_SCADA",1,"2024/02/01 03:50:00","CLOVER","-0.02",NA,NA,NA
"D","DISPATCH","UNIT_SCADA",1,"2024/02/01 03:50:00","CLUNY","5.181506",NA,NA,NA
"D","DISPATCH","UNIT_SCADA",1,"2024/02/01 03:50:00","CONDONG1","-0.89",NA,NA,NA
"D","DISPATCH","UNIT_SCADA",1,"2024/02/01 03:50:00","CULLRGWF","3.88",NA,NA,NA
"D","DISPATCH","UNIT_SCADA",1,"2024/02/01 03:50:00","DIAPURWF1","0",NA,NA,NA
"D","DISPATCH","UNIT_SCADA",1,"2024/02/01 03:50:00","ERGT01","0",NA,NA,NA
"D","DISPATCH","UNIT_SCADA",1,"2024/02/01 03:50:00","GB01","0",NA,NA,NA
"D","DISPATCH","UNIT_SCADA",1,"2024/02/01 03:50:00","GERMCRK","14.3240",NA,NA,NA
"D","DISPATCH","UNIT_SCADA",1,"2024/02/01 03:50:00","GRIFSF1","0",NA,NA,NA
"D","DISPATCH","UNIT_SCADA",1,"2024/02/01 03:50:00","HUGSF1","-0.0490",NA,NA,NA
"D","DISPATCH","UNIT_SCADA",1,"2024/02/01 03:50:00","KEPBG1","0",NA,NA,NA
"D","DISPATCH","UNIT_SCADA",1,"2024/02/01 03:50:00","LRSF1","0.0480",NA,NA,NA
"D","DISPATCH","UNIT_SCADA",1,"2024/02/01 03:50:00","MBAHNTH","41.906250",NA,NA,NA
"D","DISPATCH","UNIT_SCADA",1,"2024/02/01 03:50:00","MLSP1","0.0140",NA,NA,NA
"D","DISPATCH","UNIT_SCADA",1,"2024/02/01 03:50:00","MLWF1","6.1950",NA,NA,NA
"D","DISPATCH","UNIT_SCADA",1,"2024/02/01 03:50:00","PALOONA","0",NA,NA,NA
"D","DISPATCH","UNIT_SCADA",1,"2024/02/01 03:50:00","PIONEER","-0.40",NA,NA,NA
"D","DISPATCH","UNIT_SCADA",1,"2024/02/01 03:50:00","PORTWF","51.599998",NA,NA,NA
"D","DISPATCH","UNIT_SCADA",1,"2024/02/01 03:50:00","REPULSE","9.080338",NA,NA,NA
"D","DISPATCH","UNIT_SCADA",1,"2024/02/01 03:50:00","ROWALLAN","0",NA,NA,NA
"D","DISPATCH","UNIT_SCADA",1,"2024/02/01 03:50:00","ROYALLA1","0",NA,NA,NA
"D","DISPATCH","UNIT_SCADA",1,"2024/02/01 03:50:00","RPCG","-0.20",NA,NA,NA
"D","DISPATCH","UNIT_SCADA",1,"2024/02/01 03:50:00","RUBICON","0.72",NA,NA,NA
"D","DISPATCH","UNIT_SCADA",1,"2024/02/01 03:50:00","SHOAL1","11.95",NA,NA,NA
"D","DISPATCH","UNIT_SCADA",1,"2024/02/01 03:50:00","WAUBRAWF","21.681999",NA,NA,NA
"D","DISPATCH","UNIT_SCADA",1,"2024/02/01 03:50:00","WOOLNTH1","116.929993",NA,NA,NA
"D","DISPATCH","UNIT_SCADA",1,"2024/02/01 03:50:00","YAMBUKWF","3.30",NA,NA,NA
"D","DISPATCH","UNIT_SCADA",1,"2024/02/01 03:50:00","YSWF1","3.80",NA,NA,NA
"D","DISPATCH","UNIT_SCADA",1,"2024/02/01 03:55:00","BARCSF1","0.10",NA,NA,NA
"D","DISPATCH","UNIT_SCADA",1,"2024/02/01 03:55:00","BUTLERSG","9.099998",NA,NA,NA
"D","DISPATCH","UNIT_SCADA",1,"2024/02/01 03:55:00","BWTR1","14.118520",NA,NA,NA
"D","DISPATCH","UNIT_SCADA",1,"2024/02/01 03:55:00","CAPTL_WF","0",NA,NA,NA
"D","DISPATCH","UNIT_SCADA",1,"2024/02/01 03:55:00","CHALLHWF","0",NA,NA,NA
"D","DISPATCH","UNIT_SCADA",1,"2024/02/01 03:55:00","CLOVER","-0.02",NA,NA,NA
"D","DISPATCH","UNIT_SCADA",1,"2024/02/01 03:55:00","CLUNY","5.209888",NA,NA,NA
"D","DISPATCH","UNIT_SCADA",1,"2024/02/01 03:55:00","CONDONG1","-0.98",NA,NA,NA
"D","DISPATCH","UNIT_SCADA",1,"2024/02/01 03:55:00","CULLRGWF","3.86",NA,NA,NA
"D","DISPATCH","UNIT_SCADA",1,"2024/02/01 03:55:00","DIAPURWF1","0",NA,NA,NA
"D","DISPATCH","UNIT_SCADA",1,"2024/02/01 03:55:00","ERGT01","0",NA,NA,NA
"D","DISPATCH","UNIT_SCADA",1,"2024/02/01 03:55:00","GB01","0",NA,NA,NA
"D","DISPATCH","UNIT_SCADA",1,"2024/02/01 03:55:00","GERMCRK","12.8980",NA,NA,NA
"D","DISPATCH","UNIT_SCADA",1,"2024/02/01 03:55:00","GRIFSF1","0",NA,NA,NA
"D","DISPATCH","UNIT_SCADA",1,"2024/02/01 03:55:00","HUGSF1","-0.0490",NA,NA,NA
"D","DISPATCH","UNIT_SCADA",1,"2024/02/01 03:55:00","KEPBG1","0",NA,NA,NA
"D","DISPATCH","UNIT_SCADA",1,"2024/02/01 03:55:00","LRSF1","0.0480",NA,NA,NA
"D","DISPATCH","UNIT_SCADA",1,"2024/02/01 03:55:00","MBAHNTH","42.093750",NA,NA,NA
"D","DISPATCH","UNIT_SCADA",1,"2024/02/01 03:55:00","MLSP1","0.0140",NA,NA,NA
"D","DISPATCH","UNIT_SCADA",1,"2024/02/01 03:55:00","MLWF1","6.8250",NA,NA,NA
"D","DISPATCH","UNIT_SCADA",1,"2024/02/01 03:55:00","PALOONA","0",NA,NA,NA
"D","DISPATCH","UNIT_SCADA",1,"2024/02/01 03:55:00","PIONEER","-0.40",NA,NA,NA
"D","DISPATCH","UNIT_SCADA",1,"2024/02/01 03:55:00","PORTWF","55.700001",NA,NA,NA
"D","DISPATCH","UNIT_SCADA",1,"2024/02/01 03:55:00","REPULSE","9.199969",NA,NA,NA
"D","DISPATCH","UNIT_SCADA",1,"2024/02/01 03:55:00","ROWALLAN","0",NA,NA,NA
"D","DISPATCH","UNIT_SCADA",1,"2024/02/01 03:55:00","ROYALLA1","0",NA,NA,NA
"D","DISPATCH","UNIT_SCADA",1,"2024/02/01 03:55:00","RPCG","-0.20",NA,NA,NA
"D","DISPATCH","UNIT_SCADA",1,"2024/02/01 03:55:00","RUBICON","0.72",NA,NA,NA
"D","DISPATCH","UNIT_SCADA",1,"2024/02/01 03:55:00","SHOAL1","11.95",NA,NA,NA
"D","DISPATCH","UNIT_SCADA",1,"2024/02/01 03:55:00","WAUBRAWF","21.231001",NA,NA,NA
"D","DISPATCH","UNIT_SCADA",1,"2024/02/01 03:55:00","WOOLNTH1","114.279999",NA,NA,NA
"D","DISPATCH","UNIT_SCADA",1,"2024/02/01 03:55:00","YAMBUKWF","2.70",NA,NA,NA
"D","DISPATCH","UNIT_SCADA",1,"2024/02/01 03:55:00","YSWF1","3.40",NA,NA,NA
"D","DISPATCH","UNIT_SCADA",1,"2024/02/01 04:00:00","BARCSF1","0.10",NA,NA,NA
"D","DISPATCH","UNIT_SCADA",1,"2024/02/01 04:00:00","BUTLERSG","9.099998",NA,NA,NA
"D","DISPATCH","UNIT_SCADA",1,"2024/02/01 04:00:00","BWTR1","14.118520",NA,NA,NA
"D","DISPATCH","UNIT_SCADA",1,"2024/02/01 04:00:00","CAPTL_WF","0",NA,NA,NA
"D","DISPATCH","UNIT_SCADA",1,"2024/02/01 04:00:00","CHALLHWF","0",NA,NA,NA
"D","DISPATCH","UNIT_SCADA",1,"2024/02/01 04:00:00","CLOVER","-0.02",NA,NA,NA
"D","DISPATCH","UNIT_SCADA",1,"2024/02/01 04:00:00","CLUNY","5.214466",NA,NA,NA
"D","DISPATCH","UNIT_SCADA",1,"2024/02/01 04:00:00","CONDONG1","-0.97",NA,NA,NA
"D","DISPATCH","UNIT_SCADA",1,"2024/02/01 04:00:00","CULLRGWF","3.70",NA,NA,NA
"D","DISPATCH","UNIT_SCADA",1,"2024/02/01 04:00:00","DIAPURWF1","0",NA,NA,NA
"D","DISPATCH","UNIT_SCADA",1,"2024/02/01 04:00:00","ERGT01","0",NA,NA,NA
"D","DISPATCH","UNIT_SCADA",1,"2024/02/01 04:00:00","GB01","0",NA,NA,NA
"D","DISPATCH","UNIT_SCADA",1,"2024/02/01 04:00:00","GERMCRK","12.4340",NA,NA,NA
"D","DISPATCH","UNIT_SCADA",1,"2024/02/01 04:00:00","GRIFSF1","0",NA,NA,NA
"D","DISPATCH","UNIT_SCADA",1,"2024/02/01 04:00:00","HUGSF1","-0.0490",NA,NA,NA
"D","DISPATCH","UNIT_SCADA",1,"2024/02/01 04:00:00","KEPBG1","0",NA,NA,NA
"D","DISPATCH","UNIT_SCADA",1,"2024/02/01 04:00:00","LRSF1","0.0480",NA,NA,NA
"D","DISPATCH","UNIT_SCADA",1,"2024/02/01 04:00:00","MBAHNTH","42.600006",NA,NA,NA
"D","DISPATCH","UNIT_SCADA",1,"2024/02/01 04:00:00","MLSP1","0.0140",NA,NA,NA
"D","DISPATCH","UNIT_SCADA",1,"2024/02/01 04:00:00","MLWF1","7.6050",NA,NA,NA
"D","DISPATCH","UNIT_SCADA",1,"2024/02/01 04:00:00","PALOONA","0",NA,NA,NA
"D","DISPATCH","UNIT_SCADA",1,"2024/02/01 04:00:00","PIONEER","-0.40",NA,NA,NA
"D","DISPATCH","UNIT_SCADA",1,"2024/02/01 04:00:00","PORTWF","56.200001",NA,NA,NA
"D","DISPATCH","UNIT_SCADA",1,"2024/02/01 04:00:00","REPULSE","9.340352",NA,NA,NA
"D","DISPATCH","UNIT_SCADA",1,"2024/02/01 04:00:00","ROWALLAN","0",NA,NA,NA
"D","DISPATCH","UNIT_SCADA",1,"2024/02/01 04:00:00","ROYALLA1","0",NA,NA,NA
"D","DISPATCH","UNIT_SCADA",1,"2024/02/01 04:00:00","RPCG","-0.20",NA,NA,NA
"D","DISPATCH","UNIT_SCADA",1,"2024/02/01 04:00:00","RUBICON","0.72",NA,NA,NA
"D","DISPATCH","UNIT_SCADA",1,"2024/02/01 04:00:00","SHOAL1","11.95",NA,NA,NA
"D","DISPATCH","UNIT_SCADA",1,"2024/02/01 04:00:00","WAUBRAWF","20.4750",NA,NA,NA
"D","DISPATCH","UNIT_SCADA",1,"2024/02/01 04:00:00","WOOLNTH1","116.139999",NA,NA,NA
"D","DISPATCH","UNIT_SCADA",1,"2024/02/01 04:00:00","YAMBUKWF","2.80",NA,NA,NA
"D","DISPATCH","UNIT_SCADA",1,"2024/02/01 04:00:00","YSWF1","3.60",NA,NA,NA
"D","DISPATCH","UNIT_SCADA",1,"2024/02/01 04:15:00","BARCSF1","0.10",NA,NA,NA
"D","DISPATCH","UNIT_SCADA",1,"2024/02/01 04:15:00","BUTLERSG","9.099998",NA,NA,NA
"D","DISPATCH","UNIT_SCADA",1,"2024/02/01 04:15:00","BWTR1","14.975920",NA,NA,NA
"D","DISPATCH","UNIT_SCADA",1,"2024/02/01 04:15:00","CAPTL_WF","0",NA,NA,NA
"D","DISPATCH","UNIT_SCADA",1,"2024/02/01 04:15:00","CHALLHWF","0",NA,NA,NA
"D","DISPATCH","UNIT_SCADA",1,"2024/02/01 04:15:00","CLOVER","-0.01",NA,NA,NA
"D","DISPATCH","UNIT_SCADA",1,"2024/02/01 04:15:00","CLUNY","5.157702",NA,NA,NA
"D","DISPATCH","UNIT_SCADA",1,"2024/02/01 04:15:00","CONDONG1","-0.98",NA,NA,NA
"D","DISPATCH","UNIT_SCADA",1,"2024/02/01 04:15:00","CULLRGWF","3.42",NA,NA,NA
"D","DISPATCH","UNIT_SCADA",1,"2024/02/01 04:15:00","DIAPURWF1","0",NA,NA,NA
"D","DISPATCH","UNIT_SCADA",1,"2024/02/01 04:15:00","ERGT01","0",NA,NA,NA
"D","DISPATCH","UNIT_SCADA",1,"2024/02/01 04:15:00","GB01","0",NA,NA,NA
"D","DISPATCH","UNIT_SCADA",1,"2024/02/01 04:15:00","GERMCRK","12.79",NA,NA,NA
"D","DISPATCH","UNIT_SCADA",1,"2024/02/01 04:15:00","GRIFSF1","0",NA,NA,NA
"D","DISPATCH","UNIT_SCADA",1,"2024/02/01 04:15:00","HUGSF1","-0.0490",NA,NA,NA
"D","DISPATCH","UNIT_SCADA",1,"2024/02/01 04:15:00","KEPBG1","0",NA,NA,NA
"D","DISPATCH","UNIT_SCADA",1,"2024/02/01 04:15:00","LRSF1","0.0480",NA,NA,NA
"D","DISPATCH","UNIT_SCADA",1,"2024/02/01 04:15:00","MBAHNTH","42.581253",NA,NA,NA
"D","DISPATCH","UNIT_SCADA",1,"2024/02/01 04:15:00","MLSP1","0.0140",NA,NA,NA
"D","DISPATCH","UNIT_SCADA",1,"2024/02/01 04:15:00","MLWF1","7.29",NA,NA,NA
"D","DISPATCH","UNIT_SCADA",1,"2024/02/01 04:15:00","PALOONA","0",NA,NA,NA
"D","DISPATCH","UNIT_SCADA",1,"2024/02/01 04:15:00","PIONEER","-0.40",NA,NA,NA
"D","DISPATCH","UNIT_SCADA",1,"2024/02/01 04:15:00","PORTWF","66.400002",NA,NA,NA
"D","DISPATCH","UNIT_SCADA",1,"2024/02/01 04:15:00","REPULSE","9.447776",NA,NA,NA
"D","DISPATCH","UNIT_SCADA",1,"2024/02/01 04:15:00","ROWALLAN","0",NA,NA,NA
"D","DISPATCH","UNIT_SCADA",1,"2024/02/01 04:15:00","ROYALLA1","0",NA,NA,NA
"D","DISPATCH","UNIT_SCADA",1,"2024/02/01 04:15:00","RPCG","-0.20",NA,NA,NA
"D","DISPATCH","UNIT_SCADA",1,"2024/02/01 04:15:00","RUBICON","0.72",NA,NA,NA
"D","DISPATCH","UNIT_SCADA",1,"2024/02/01 04:15:00","SHOAL1","11.9250",NA,NA,NA
"D","DISPATCH","UNIT_SCADA",1,"2024/02/01 04:15:00","WAUBRAWF","15.9630",NA,NA,NA
"D","DISPATCH","UNIT_SCADA",1,"2024/02/01 04:15:00","WOOLNTH1","127.279999",NA,NA,NA
"D","DISPATCH","UNIT_SCADA",1,"2024/02/01 04:15:00","YAMBUKWF","2.60",NA,NA,NA
"D","DISPATCH","UNIT_SCADA",1,"2024/02/01 04:15:00","YSWF1","2.70",NA,NA,NA
"D","DISPATCH","UNIT_SCADA",1,"2024/02/01 04:20:00","BARCSF1","0.10",NA,NA,NA
"D","DISPATCH","UNIT_SCADA",1,"2024/02/01 04:20:00","BUTLERSG","9.099998",NA,NA,NA
"D","DISPATCH","UNIT_SCADA",1,"2024/02/01 04:20:00","BWTR1","14.975920",NA,NA,NA
"D","DISPATCH","UNIT_SCADA",1,"2024/02/01 04:20:00","CAPTL_WF","0",NA,NA,NA
"D","DISPATCH","UNIT_SCADA",1,"2024/02/01 04:20:00","CHALLHWF","0",NA,NA,NA
"D","DISPATCH","UNIT_SCADA",1,"2024/02/01 04:20:00","CLOVER","-0.01",NA,NA,NA
"D","DISPATCH","UNIT_SCADA",1,"2024/02/01 04:20:00","CLUNY","5.190661",NA,NA,NA
"D","DISPATCH","UNIT_SCADA",1,"2024/02/01 04:20:00","CONDONG1","-0.90",NA,NA,NA
"D","DISPATCH","UNIT_SCADA",1,"2024/02/01 04:20:00","CULLRGWF","3.85",NA,NA,NA
"D","DISPATCH","UNIT_SCADA",1,"2024/02/01 04:20:00","DIAPURWF1","0",NA,NA,NA
"D","DISPATCH","UNIT_SCADA",1,"2024/02/01 04:20:00","ERGT01","0",NA,NA,NA
"D","DISPATCH","UNIT_SCADA",1,"2024/02/01 04:20:00","GB01","0",NA,NA,NA
"D","DISPATCH","UNIT_SCADA",1,"2024/02/01 04:20:00","GERMCRK","13.4810",NA,NA,NA
"D","DISPATCH","UNIT_SCADA",1,"2024/02/01 04:20:00","GRIFSF1","0",NA,NA,NA
"D","DISPATCH","UNIT_SCADA",1,"2024/02/01 04:20:00","HUGSF1","-0.0490",NA,NA,NA
"D","DISPATCH","UNIT_SCADA",1,"2024/02/01 04:20:00","KEPBG1","0",NA,NA,NA
"D","DISPATCH","UNIT_SCADA",1,"2024/02/01 04:20:00","LRSF1","0.0480",NA,NA,NA
"D","DISPATCH","UNIT_SCADA",1,"2024/02/01 04:20:00","MBAHNTH","42.018753",NA,NA,NA
"D","DISPATCH","UNIT_SCADA",1,"2024/02/01 04:20:00","MLSP1","0.0140",NA,NA,NA
"D","DISPATCH","UNIT_SCADA",1,"2024/02/01 04:20:00","MLWF1","7.0350",NA,NA,NA
"D","DISPATCH","UNIT_SCADA",1,"2024/02/01 04:20:00","PALOONA","0",NA,NA,NA
"D","DISPATCH","UNIT_SCADA",1,"2024/02/01 04:20:00","PIONEER","-0.40",NA,NA,NA
"D","DISPATCH","UNIT_SCADA",1,"2024/02/01 04:20:00","PORTWF","63.299999",NA,NA,NA
"D","DISPATCH","UNIT_SCADA",1,"2024/02/01 04:20:00","REPULSE","9.308614",NA,NA,NA
"D","DISPATCH","UNIT_SCADA",1,"2024/02/01 04:20:00","ROWALLAN","0",NA,NA,NA
"D","DISPATCH","UNIT_SCADA",1,"2024/02/01 04:20:00","ROYALLA1","0",NA,NA,NA
"D","DISPATCH","UNIT_SCADA",1,"2024/02/01 04:20:00","RPCG","-0.20",NA,NA,NA
"D","DISPATCH","UNIT_SCADA",1,"2024/02/01 04:20:00","RUBICON","0.72",NA,NA,NA
"D","DISPATCH","UNIT_SCADA",1,"2024/02/01 04:20:00","SHOAL1","11.9250",NA,NA,NA
"D","DISPATCH","UNIT_SCADA",1,"2024/02/01 04:20:00","WAUBRAWF","15.9130",NA,NA,NA
"D","DISPATCH","UNIT_SCADA",1,"2024/02/01 04:20:00","WOOLNTH1","123.029999",NA,NA,NA
"D","DISPATCH","UNIT_SCADA",1,"2024/02/01 04:20:00","YAMBUKWF","2.40",NA,NA,NA
"D","DISPATCH","UNIT_SCADA",1,"2024/02/01 04:20:00","YSWF1","2.20",NA,NA,NA
"D","DISPATCH","UNIT_SCADA",1,"2024/02/01 04:25:00","BARCSF1","0.10",NA,NA,NA
"D","DISPATCH","UNIT_SCADA",1,"2024/02/01 04:25:00","BUTLERSG","9.099998",NA,NA,NA
"D","DISPATCH","UNIT_SCADA",1,"2024/02/01 04:25:00","BWTR1","14.975920",NA,NA,NA
"D","DISPATCH","UNIT_SCADA",1,"2024/02/01 04:25:00","CAPTL_WF","0",NA,NA,NA
"D","DISPATCH","UNIT_SCADA",1,"2024/02/01 04:25:00","CHALLHWF","0",NA,NA,NA
"D","DISPATCH","UNIT_SCADA",1,"2024/02/01 04:25:00","CLOVER","-0.01",NA,NA,NA
"D","DISPATCH","UNIT_SCADA",1,"2024/02/01 04:25:00","CLUNY","5.209888",NA,NA,NA
"D","DISPATCH","UNIT_SCADA",1,"2024/02/01 04:25:00","CONDONG1","-0.91",NA,NA,NA
"D","DISPATCH","UNIT_SCADA",1,"2024/02/01 04:25:00","CULLRGWF","4.34",NA,NA,NA
"D","DISPATCH","UNIT_SCADA",1,"2024/02/01 04:25:00","DIAPURWF1","0",NA,NA,NA
"D","DISPATCH","UNIT_SCADA",1,"2024/02/01 04:25:00","ERGT01","0",NA,NA,NA
"D","DISPATCH","UNIT_SCADA",1,"2024/02/01 04:25:00","GB01","0",NA,NA,NA
"D","DISPATCH","UNIT_SCADA",1,"2024/02/01 04:25:00","GERMCRK","15.5570",NA,NA,NA
"D","DISPATCH","UNIT_SCADA",1,"2024/02/01 04:25:00","GRIFSF1","0",NA,NA,NA
"D","DISPATCH","UNIT_SCADA",1,"2024/02/01 04:25:00","HUGSF1","-0.0490",NA,NA,NA
"D","DISPATCH","UNIT_SCADA",1,"2024/02/01 04:25:00","KEPBG1","0",NA,NA,NA
"D","DISPATCH","UNIT_SCADA",1,"2024/02/01 04:25:00","LRSF1","0.0480",NA,NA,NA
"D","DISPATCH","UNIT_SCADA",1,"2024/02/01 04:25:00","MBAHNTH","42.056259",NA,NA,NA
"D","DISPATCH","UNIT_SCADA",1,"2024/02/01 04:25:00","MLSP1","0.0140",NA,NA,NA
"D","DISPATCH","UNIT_SCADA",1,"2024/02/01 04:25:00","MLWF1","7.0350",NA,NA,NA
"D","DISPATCH","UNIT_SCADA",1,"2024/02/01 04:25:00","PALOONA","0",NA,NA,NA
"D","DISPATCH","UNIT_SCADA",1,"2024/02/01 04:25:00","PIONEER","-0.40",NA,NA,NA
"D","DISPATCH","UNIT_SCADA",1,"2024/02/01 04:25:00","PORTWF","54.900002",NA,NA,NA
"D","DISPATCH","UNIT_SCADA",1,"2024/02/01 04:25:00","REPULSE","9.245136",NA,NA,NA
"D","DISPATCH","UNIT_SCADA",1,"2024/02/01 04:25:00","ROWALLAN","0",NA,NA,NA
"D","DISPATCH","UNIT_SCADA",1,"2024/02/01 04:25:00","ROYALLA1","0",NA,NA,NA
"D","DISPATCH","UNIT_SCADA",1,"2024/02/01 04:25:00","RPCG","-0.20",NA,NA,NA
"D","DISPATCH","UNIT_SCADA",1,"2024/02/01 04:25:00","RUBICON","0.72",NA,NA,NA
"D","DISPATCH","UNIT_SCADA",1,"2024/02/01 04:25:00","SHOAL1","11.9250",NA,NA,NA
"D","DISPATCH","UNIT_SCADA",1,"2024/02/01 04:25:00","WAUBRAWF","17.6640",NA,NA,NA
"D","DISPATCH","UNIT_SCADA",1,"2024/02/01 04:25:00","WOOLNTH1","121.949997",NA,NA,NA
"D","DISPATCH","UNIT_SCADA",1,"2024/02/01 04:25:00","YAMBUKWF","1.60",NA,NA,NA
"D","DISPATCH","UNIT_SCADA",1,"2024/02/01 04:25:00","YSWF1","2.40",NA,NA,NA
"D","DISPATCH","UNIT_SCADA",1,"2024/02/01 04:30:00","BARCSF1","0.10",NA,NA,NA
"D","DISPATCH","UNIT_SCADA",1,"2024/02/01 04:30:00","BUTLERSG","8.999998",NA,NA,NA
"D","DISPATCH","UNIT_SCADA",1,"2024/02/01 04:30:00","BWTR1","14.975920",NA,NA,NA
"D","DISPATCH","UNIT_SCADA",1,"2024/02/01 04:30:00","CAPTL_WF","0",NA,NA,NA
"D","DISPATCH","UNIT_SCADA",1,"2024/02/01 04:30:00","CHALLHWF","0",NA,NA,NA
"D","DISPATCH","UNIT_SCADA",1,"2024/02/01 04:30:00","CLOVER","-0.02",NA,NA,NA
"D","DISPATCH","UNIT_SCADA",1,"2024/02/01 04:30:00","CLUNY","5.209888",NA,NA,NA
"D","DISPATCH","UNIT_SCADA",1,"2024/02/01 04:30:00","CONDONG1","-0.87",NA,NA,NA
"D","DISPATCH","UNIT_SCADA",1,"2024/02/01 04:30:00","CULLRGWF","3.69",NA,NA,NA
"D","DISPATCH","UNIT_SCADA",1,"2024/02/01 04:30:00","DIAPURWF1","0",NA,NA,NA
"D","DISPATCH","UNIT_SCADA",1,"2024/02/01 04:30:00","ERGT01","0",NA,NA,NA
"D","DISPATCH","UNIT_SCADA",1,"2024/02/01 04:30:00","GB01","0",NA,NA,NA
"D","DISPATCH","UNIT_SCADA",1,"2024/02/01 04:30:00","GERMCRK","15.2660",NA,NA,NA
"D","DISPATCH","UNIT_SCADA",1,"2024/02/01 04:30:00","GRIFSF1","0",NA,NA,NA
"D","DISPATCH","UNIT_SCADA",1,"2024/02/01 04:30:00","HUGSF1","-0.0490",NA,NA,NA
"D","DISPATCH","UNIT_SCADA",1,"2024/02/01 04:30:00","KEPBG1","0",NA,NA,NA
"D","DISPATCH","UNIT_SCADA",1,"2024/02/01 04:30:00","LRSF1","0.0480",NA,NA,NA
"D","DISPATCH","UNIT_SCADA",1,"2024/02/01 04:30:00","MBAHNTH","42.318756",NA,NA,NA
"D","DISPATCH","UNIT_SCADA",1,"2024/02/01 04:30:00","MLSP1","0.0140",NA,NA,NA
"D","DISPATCH","UNIT_SCADA",1,"2024/02/01 04:30:00","MLWF1","6.6150",NA,NA,NA
"D","DISPATCH","UNIT_SCADA",1,"2024/02/01 04:30:00","PALOONA","0",NA,NA,NA
"D","DISPATCH","UNIT_SCADA",1,"2024/02/01 04:30:00","PIONEER","-0.40",NA,NA,NA
"D","DISPATCH","UNIT_SCADA",1,"2024/02/01 04:30:00","PORTWF","48.299999",NA,NA,NA
"D","DISPATCH","UNIT_SCADA",1,"2024/02/01 04:30:00","REPULSE","9.009537",NA,NA,NA
"D","DISPATCH","UNIT_SCADA",1,"2024/02/01 04:30:00","ROWALLAN","0",NA,NA,NA
"D","DISPATCH","UNIT_SCADA",1,"2024/02/01 04:30:00","ROYALLA1","0",NA,NA,NA
"D","DISPATCH","UNIT_SCADA",1,"2024/02/01 04:30:00","RPCG","-0.20",NA,NA,NA
"D","DISPATCH","UNIT_SCADA",1,"2024/02/01 04:30:00","RUBICON","0.72",NA,NA,NA
"D","DISPATCH","UNIT_SCADA",1,"2024/02/01 04:30:00","SHOAL1","11.9250",NA,NA,NA
"D","DISPATCH","UNIT_SCADA",1,"2024/02/01 04:30:00","WAUBRAWF","19.349001",NA,NA,NA
"D","DISPATCH","UNIT_SCADA",1,"2024/02/01 04:30:00","WOOLNTH1","120.75",NA,NA,NA
"D","DISPATCH","UNIT_SCADA",1,"2024/02/01 04:30:00","YAMBUKWF","1.70",NA,NA,NA
"D","DISPATCH","UNIT_SCADA",1,"2024/02/01 04:30:00","YSWF1","3.70",NA,NA,NA
"D","DISPATCH","UNIT_SCADA",1,"2024/02/01 04:35:00","BARCSF1","0.10",NA,NA,NA
"D","DISPATCH","UNIT_SCADA",1,"2024/02/01 04:35:00","BUTLERSG","9.099998",NA,NA,NA
"D","DISPATCH","UNIT_SCADA",1,"2024/02/01 04:35:00","BWTR1","14.975920",NA,NA,NA
"D","DISPATCH","UNIT_SCADA",1,"2024/02/01 04:35:00","CAPTL_WF","0",NA,NA,NA
"D","DISPATCH","UNIT_SCADA",1,"2024/02/01 04:35:00","CHALLHWF","1.20",NA,NA,NA
"D","DISPATCH","UNIT_SCADA",1,"2024/02/01 04:35:00","CLOVER","-0.01",NA,NA,NA
"D","DISPATCH","UNIT_SCADA",1,"2024/02/01 04:35:00","CLUNY","5.243763",NA,NA,NA
"D","DISPATCH","UNIT_SCADA",1,"2024/02/01 04:35:00","CONDONG1","-0.89",NA,NA,NA
"D","DISPATCH","UNIT_SCADA",1,"2024/02/01 04:35:00","CULLRGWF","3.48",NA,NA,NA
"D","DISPATCH","UNIT_SCADA",1,"2024/02/01 04:35:00","DIAPURWF1","0",NA,NA,NA
"D","DISPATCH","UNIT_SCADA",1,"2024/02/01 04:35:00","ERGT01","0",NA,NA,NA
"D","DISPATCH","UNIT_SCADA",1,"2024/02/01 04:35:00","GB01","0",NA,NA,NA
"D","DISPATCH","UNIT_SCADA",1,"2024/02/01 04:35:00","GERMCRK","14.8170",NA,NA,NA
"D","DISPATCH","UNIT_SCADA",1,"2024/02/01 04:35:00","GRIFSF1","0",NA,NA,NA
"D","DISPATCH","UNIT_SCADA",1,"2024/02/01 04:35:00","HUGSF1","-0.0490",NA,NA,NA
"D","DISPATCH","UNIT_SCADA",1,"2024/02/01 04:35:00","KEPBG1","0",NA,NA,NA
"D","DISPATCH","UNIT_SCADA",1,"2024/02/01 04:35:00","LRSF1","0.0480",NA,NA,NA
"D","DISPATCH","UNIT_SCADA",1,"2024/02/01 04:35:00","MBAHNTH","42.693756",NA,NA,NA
"D","DISPATCH","UNIT_SCADA",1,"2024/02/01 04:35:00","MLSP1","0.0140",NA,NA,NA
"D","DISPATCH","UNIT_SCADA",1,"2024/02/01 04:35:00","MLWF1","6.0450",NA,NA,NA
"D","DISPATCH","UNIT_SCADA",1,"2024/02/01 04:35:00","PALOONA","0",NA,NA,NA
"D","DISPATCH","UNIT_SCADA",1,"2024/02/01 04:35:00","PIONEER","-0.40",NA,NA,NA
"D","DISPATCH","UNIT_SCADA",1,"2024/02/01 04:35:00","PORTWF","45.50",NA,NA,NA
"D","DISPATCH","UNIT_SCADA",1,"2024/02/01 04:35:00","REPULSE","9.352560",NA,NA,NA
"D","DISPATCH","UNIT_SCADA",1,"2024/02/01 04:35:00","ROWALLAN","0",NA,NA,NA
"D","DISPATCH","UNIT_SCADA",1,"2024/02/01 04:35:00","ROYALLA1","0",NA,NA,NA
"D","DISPATCH","UNIT_SCADA",1,"2024/02/01 04:35:00","RPCG","-0.20",NA,NA,NA
"D","DISPATCH","UNIT_SCADA",1,"2024/02/01 04:35:00","RUBICON","0.72",NA,NA,NA
"D","DISPATCH","UNIT_SCADA",1,"2024/02/01 00:10:00","BARCSF1","0.10",NA,NA,NA
"D","DISPATCH","UNIT_SCADA",1,"2024/02/01 00:10:00","BUTLERSG","9.099998",NA,NA,NA
"D","DISPATCH","UNIT_SCADA",1,"2024/02/01 00:10:00","BWTR1","14.061360",NA,NA,NA
"D","DISPATCH","UNIT_SCADA",1,"2024/02/01 00:10:00","CAPTL_WF","11.599787",NA,NA,NA
"D","DISPATCH","UNIT_SCADA",1,"2024/02/01 00:10:00","CHALLHWF","10.10",NA,NA,NA
"D","DISPATCH","UNIT_SCADA",1,"2024/02/01 00:10:00","CLOVER","-0.01",NA,NA,NA
"D","DISPATCH","UNIT_SCADA",1,"2024/02/01 00:10:00","CLUNY","5.238270",NA,NA,NA
"D","DISPATCH","UNIT_SCADA",1,"2024/02/01 00:10:00","CONDONG1","-0.88",NA,NA,NA
"D","DISPATCH","UNIT_SCADA",1,"2024/02/01 00:10:00","CULLRGWF","10.44",NA,NA,NA
"D","DISPATCH","UNIT_SCADA",1,"2024/02/01 00:10:00","DIAPURWF1","0",NA,NA,NA
"D","DISPATCH","UNIT_SCADA",1,"2024/02/01 00:10:00","ERGT01","0",NA,NA,NA
"D","DISPATCH","UNIT_SCADA",1,"2024/02/01 00:10:00","GB01","0",NA,NA,NA
"D","DISPATCH","UNIT_SCADA",1,"2024/02/01 00:10:00","GERMCRK","15.1830",NA,NA,NA
"D","DISPATCH","UNIT_SCADA",1,"2024/02/01 00:10:00","GRIFSF1","0",NA,NA,NA
"D","DISPATCH","UNIT_SCADA",1,"2024/02/01 00:10:00","HUGSF1","-0.0490",NA,NA,NA
"D","DISPATCH","UNIT_SCADA",1,"2024/02/01 00:10:00","KEPBG1","0",NA,NA,NA
"D","DISPATCH","UNIT_SCADA",1,"2024/02/01 00:10:00","LRSF1","0.0480",NA,NA,NA
"D","DISPATCH","UNIT_SCADA",1,"2024/02/01 00:10:00","MBAHNTH","44.756241",NA,NA,NA
"D","DISPATCH","UNIT_SCADA",1,"2024/02/01 00:10:00","MLSP1","0.0140",NA,NA,NA
"D","DISPATCH","UNIT_SCADA",1,"2024/02/01 00:10:00","MLWF1","2.07",NA,NA,NA
"D","DISPATCH","UNIT_SCADA",1,"2024/02/01 00:10:00","PALOONA","-0.01",NA,NA,NA
"D","DISPATCH","UNIT_SCADA",1,"2024/02/01 00:10:00","PIONEER","-0.40",NA,NA,NA
"D","DISPATCH","UNIT_SCADA",1,"2024/02/01 00:10:00","PORTWF","8",NA,NA,NA
"D","DISPATCH","UNIT_SCADA",1,"2024/02/01 00:10:00","REPULSE","9.352560",NA,NA,NA
"D","DISPATCH","UNIT_SCADA",1,"2024/02/01 00:10:00","ROWALLAN","0",NA,NA,NA
"D","DISPATCH","UNIT_SCADA",1,"2024/02/01 00:10:00","ROYALLA1","0",NA,NA,NA
"D","DISPATCH","UNIT_SCADA",1,"2024/02/01 00:10:00","RPCG","-0.20",NA,NA,NA
"D","DISPATCH","UNIT_SCADA",1,"2024/02/01 00:10:00","RUBICON","0.72",NA,NA,NA
"D","DISPATCH","UNIT_SCADA",1,"2024/02/01 00:10:00","SHOAL1","11.90",NA,NA,NA
"D","DISPATCH","UNIT_SCADA",1,"2024/02/01 00:10:00","WAUBRAWF","95.165001",NA,NA,NA
"D","DISPATCH","UNIT_SCADA",1,"2024/02/01 00:10:00","WOOLNTH1","72.440002",NA,NA,NA
"D","DISPATCH","UNIT_SCADA",1,"2024/02/01 00:10:00","YAMBUKWF","1.50",NA,NA,NA
"D","DISPATCH","UNIT_SCADA",1,"2024/02/01 00:10:00","YSWF1","2.30",NA,NA,NA
"D","DISPATCH","UNIT_SCADA",1,"2024/02/01 00:35:00","BARCSF1","0.10",NA,NA,NA
"D","DISPATCH","UNIT_SCADA",1,"2024/02/01 00:35:00","BUTLERSG","9.099998",NA,NA,NA
"D","DISPATCH","UNIT_SCADA",1,"2024/02/01 00:35:00","BWTR1","14.404320",NA,NA,NA
"D","DISPATCH","UNIT_SCADA",1,"2024/02/01 00:35:00","CAPTL_WF","9.697413",NA,NA,NA
"D","DISPATCH","UNIT_SCADA",1,"2024/02/01 00:35:00","CHALLHWF","10.299999",NA,NA,NA
"D","DISPATCH","UNIT_SCADA",1,"2024/02/01 00:35:00","CLOVER","-0.02",NA,NA,NA
"D","DISPATCH","UNIT_SCADA",1,"2024/02/01 00:35:00","CLUNY","5.224536",NA,NA,NA
"D","DISPATCH","UNIT_SCADA",1,"2024/02/01 00:35:00","CONDONG1","-0.87",NA,NA,NA
"D","DISPATCH","UNIT_SCADA",1,"2024/02/01 00:35:00","CULLRGWF","10.62",NA,NA,NA
"D","DISPATCH","UNIT_SCADA",1,"2024/02/01 00:35:00","DIAPURWF1","0",NA,NA,NA
"D","DISPATCH","UNIT_SCADA",1,"2024/02/01 00:35:00","ERGT01","0",NA,NA,NA
"D","DISPATCH","UNIT_SCADA",1,"2024/02/01 00:35:00","GB01","0",NA,NA,NA
"D","DISPATCH","UNIT_SCADA",1,"2024/02/01 00:35:00","GERMCRK","15.2350",NA,NA,NA
"D","DISPATCH","UNIT_SCADA",1,"2024/02/01 00:35:00","GRIFSF1","0",NA,NA,NA
"D","DISPATCH","UNIT_SCADA",1,"2024/02/01 00:35:00","HUGSF1","-0.0490",NA,NA,NA
"D","DISPATCH","UNIT_SCADA",1,"2024/02/01 00:35:00","KEPBG1","0",NA,NA,NA
"D","DISPATCH","UNIT_SCADA",1,"2024/02/01 00:35:00","LRSF1","0.0480",NA,NA,NA
"D","DISPATCH","UNIT_SCADA",1,"2024/02/01 00:35:00","MBAHNTH","45.074997",NA,NA,NA
"D","DISPATCH","UNIT_SCADA",1,"2024/02/01 00:35:00","MLSP1","0.0140",NA,NA,NA
"D","DISPATCH","UNIT_SCADA",1,"2024/02/01 00:35:00","MLWF1","1.7850",NA,NA,NA
"D","DISPATCH","UNIT_SCADA",1,"2024/02/01 00:35:00","PALOONA","0",NA,NA,NA
"D","DISPATCH","UNIT_SCADA",1,"2024/02/01 00:35:00","PIONEER","-0.40",NA,NA,NA
"D","DISPATCH","UNIT_SCADA",1,"2024/02/01 00:35:00","PORTWF","10.40",NA,NA,NA
"D","DISPATCH","UNIT_SCADA",1,"2024/02/01 00:35:00","REPULSE","9.080338",NA,NA,NA
"D","DISPATCH","UNIT_SCADA",1,"2024/02/01 00:35:00","ROWALLAN","0",NA,NA,NA
"D","DISPATCH","UNIT_SCADA",1,"2024/02/01 00:35:00","ROYALLA1","0",NA,NA,NA
"D","DISPATCH","UNIT_SCADA",1,"2024/02/01 00:35:00","RPCG","-0.20",NA,NA,NA
"D","DISPATCH","UNIT_SCADA",1,"2024/02/01 00:35:00","RUBICON","0.72",NA,NA,NA
"D","DISPATCH","UNIT_SCADA",1,"2024/02/01 00:35:00","SHOAL1","11.95",NA,NA,NA
"D","DISPATCH","UNIT_SCADA",1,"2024/02/01 00:35:00","WAUBRAWF","93.649002",NA,NA,NA
"D","DISPATCH","UNIT_SCADA",1,"2024/02/01 00:35:00","WOOLNTH1","78.819992",NA,NA,NA
"D","DISPATCH","UNIT_SCADA",1,"2024/02/01 00:35:00","YAMBUKWF","1.50",NA,NA,NA
"D","DISPATCH","UNIT_SCADA",1,"2024/02/01 00:35:00","YSWF1","5.80",NA,NA,NA
"D","DISPATCH","UNIT_SCADA",1,"2024/02/01 07:45:00","WAUBRAWF","79.578003",NA,NA,NA
"D","DISPATCH","UNIT_SCADA",1,"2024/02/01 07:45:00","WOOLNTH1","124.039993",NA,NA,NA
"D","DISPATCH","UNIT_SCADA",1,"2024/02/01 07:45:00","YAMBUKWF","5.20",NA,NA,NA
"D","DISPATCH","UNIT_SCADA",1,"2024/02/01 07:45:00","YSWF1","20",NA,NA,NA
"D","DISPATCH","UNIT_SCADA",1,"2024/02/01 07:55:00","BARCSF1","9.60",NA,NA,NA
"D","DISPATCH","UNIT_SCADA",1,"2024/02/01 07:55:00","BUTLERSG","9.099998",NA,NA,NA
"D","DISPATCH","UNIT_SCADA",1,"2024/02/01 07:55:00","BWTR1","15.376040",NA,NA,NA
"D","DISPATCH","UNIT_SCADA",1,"2024/02/01 07:55:00","CAPTL_WF","0",NA,NA,NA
"D","DISPATCH","UNIT_SCADA",1,"2024/02/01 07:55:00","CHALLHWF","3.40",NA,NA,NA
"D","DISPATCH","UNIT_SCADA",1,"2024/02/01 07:55:00","CLOVER","-0.02",NA,NA,NA
"D","DISPATCH","UNIT_SCADA",1,"2024/02/01 07:55:00","CLUNY","2.304875",NA,NA,NA
"D","DISPATCH","UNIT_SCADA",1,"2024/02/01 07:55:00","CONDONG1","-1.01",NA,NA,NA
"D","DISPATCH","UNIT_SCADA",1,"2024/02/01 07:55:00","CULLRGWF","-0.05",NA,NA,NA
"D","DISPATCH","UNIT_SCADA",1,"2024/02/01 07:55:00","DIAPURWF1","0",NA,NA,NA
"D","DISPATCH","UNIT_SCADA",1,"2024/02/01 07:55:00","ERGT01","0",NA,NA,NA
"D","DISPATCH","UNIT_SCADA",1,"2024/02/01 07:55:00","GB01","0",NA,NA,NA
"D","DISPATCH","UNIT_SCADA",1,"2024/02/01 07:55:00","GERMCRK","10.1670",NA,NA,NA
"D","DISPATCH","UNIT_SCADA",1,"2024/02/01 07:55:00","GRIFSF1","26.241528",NA,NA,NA
"D","DISPATCH","UNIT_SCADA",1,"2024/02/01 07:55:00","HUGSF1","1.7770",NA,NA,NA
"D","DISPATCH","UNIT_SCADA",1,"2024/02/01 07:55:00","KEPBG1","0",NA,NA,NA
"D","DISPATCH","UNIT_SCADA",1,"2024/02/01 07:55:00","LRSF1","10.6850",NA,NA,NA
"D","DISPATCH","UNIT_SCADA",1,"2024/02/01 07:55:00","MBAHNTH","46.331253",NA,NA,NA
"D","DISPATCH","UNIT_SCADA",1,"2024/02/01 07:55:00","MLSP1","1.7290",NA,NA,NA
"D","DISPATCH","UNIT_SCADA",1,"2024/02/01 07:55:00","MLWF1","3.69",NA,NA,NA
"D","DISPATCH","UNIT_SCADA",1,"2024/02/01 07:55:00","PALOONA","0",NA,NA,NA
"D","DISPATCH","UNIT_SCADA",1,"2024/02/01 07:55:00","PIONEER","-0.60",NA,NA,NA
"D","DISPATCH","UNIT_SCADA",1,"2024/02/01 07:55:00","PORTWF","75.300003",NA,NA,NA
"D","DISPATCH","UNIT_SCADA",1,"2024/02/01 07:55:00","REPULSE","3.111009",NA,NA,NA
"D","DISPATCH","UNIT_SCADA",1,"2024/02/01 07:55:00","ROWALLAN","0",NA,NA,NA
"D","DISPATCH","UNIT_SCADA",1,"2024/02/01 07:55:00","ROYALLA1","2.4780",NA,NA,NA
"D","DISPATCH","UNIT_SCADA",1,"2024/02/01 07:55:00","RPCG","-1.60",NA,NA,NA
"D","DISPATCH","UNIT_SCADA",1,"2024/02/01 07:55:00","RUBICON","0.81",NA,NA,NA
"D","DISPATCH","UNIT_SCADA",1,"2024/02/01 07:55:00","SHOAL1","0",NA,NA,NA
"D","DISPATCH","UNIT_SCADA",1,"2024/02/01 07:55:00","WAUBRAWF","78.2230",NA,NA,NA
"D","DISPATCH","UNIT_SCADA",1,"2024/02/01 07:55:00","WOOLNTH1","119.769997",NA,NA,NA
"D","DISPATCH","UNIT_SCADA",1,"2024/02/01 07:55:00","YAMBUKWF","6.70",NA,NA,NA
"D","DISPATCH","UNIT_SCADA",1,"2024/02/01 07:55:00","YSWF1","15.40",NA,NA,NA
"D","DISPATCH","UNIT_SCADA",1,"2024/02/01 08:00:00","BARCSF1","11.900001",NA,NA,NA
"D","DISPATCH","UNIT_SCADA",1,"2024/02/01 08:00:00","BUTLERSG","9.099998",NA,NA,NA
"D","DISPATCH","UNIT_SCADA",1,"2024/02/01 08:00:00","BWTR1","15.376040",NA,NA,NA
"D","DISPATCH","UNIT_SCADA",1,"2024/02/01 08:00:00","CAPTL_WF","0",NA,NA,NA
"D","DISPATCH","UNIT_SCADA",1,"2024/02/01 08:00:00","CHALLHWF","3.30",NA,NA,NA
"D","DISPATCH","UNIT_SCADA",1,"2024/02/01 08:00:00","CLOVER","0",NA,NA,NA
"D","DISPATCH","UNIT_SCADA",1,"2024/02/01 08:00:00","CLUNY","2.224308",NA,NA,NA
"D","DISPATCH","UNIT_SCADA",1,"2024/02/01 08:00:00","CONDONG1","-1.03",NA,NA,NA
"D","DISPATCH","UNIT_SCADA",1,"2024/02/01 08:00:00","CULLRGWF","0",NA,NA,NA
"D","DISPATCH","UNIT_SCADA",1,"2024/02/01 08:00:00","DIAPURWF1","0",NA,NA,NA
"D","DISPATCH","UNIT_SCADA",1,"2024/02/01 08:00:00","ERGT01","0",NA,NA,NA
"D","DISPATCH","UNIT_SCADA",1,"2024/02/01 08:00:00","GB01","0",NA,NA,NA
"D","DISPATCH","UNIT_SCADA",1,"2024/02/01 08:00:00","GERMCRK","10.19",NA,NA,NA
"D","DISPATCH","UNIT_SCADA",1,"2024/02/01 08:00:00","GRIFSF1","26.443233",NA,NA,NA
"D","DISPATCH","UNIT_SCADA",1,"2024/02/01 08:00:00","HUGSF1","1.88",NA,NA,NA
"D","DISPATCH","UNIT_SCADA",1,"2024/02/01 08:00:00","KEPBG1","0",NA,NA,NA
"D","DISPATCH","UNIT_SCADA",1,"2024/02/01 08:00:00","LRSF1","13.064001",NA,NA,NA
"D","DISPATCH","UNIT_SCADA",1,"2024/02/01 08:00:00","MBAHNTH","46.106247",NA,NA,NA
"D","DISPATCH","UNIT_SCADA",1,"2024/02/01 08:00:00","MLSP1","1.6780",NA,NA,NA
"D","DISPATCH","UNIT_SCADA",1,"2024/02/01 08:00:00","MLWF1","3.51",NA,NA,NA
"D","DISPATCH","UNIT_SCADA",1,"2024/02/01 08:00:00","PALOONA","0",NA,NA,NA
"D","DISPATCH","UNIT_SCADA",1,"2024/02/01 08:00:00","PIONEER","-0.80",NA,NA,NA
"D","DISPATCH","UNIT_SCADA",1,"2024/02/01 08:00:00","PORTWF","77.50",NA,NA,NA
"D","DISPATCH","UNIT_SCADA",1,"2024/02/01 08:00:00","REPULSE","2.996262",NA,NA,NA
"D","DISPATCH","UNIT_SCADA",1,"2024/02/01 08:00:00","ROWALLAN","0",NA,NA,NA
"D","DISPATCH","UNIT_SCADA",1,"2024/02/01 08:00:00","ROYALLA1","2.3740",NA,NA,NA
"D","DISPATCH","UNIT_SCADA",1,"2024/02/01 08:00:00","RPCG","-1.60",NA,NA,NA
"D","DISPATCH","UNIT_SCADA",1,"2024/02/01 08:00:00","RUBICON","0.81",NA,NA,NA
"D","DISPATCH","UNIT_SCADA",1,"2024/02/01 08:00:00","SHOAL1","0",NA,NA,NA
"D","DISPATCH","UNIT_SCADA",1,"2024/02/01 08:00:00","WAUBRAWF","70.239998",NA,NA,NA
"D","DISPATCH","UNIT_SCADA",1,"2024/02/01 08:00:00","WOOLNTH1","112.439995",NA,NA,NA
"D","DISPATCH","UNIT_SCADA",1,"2024/02/01 08:00:00","YAMBUKWF","8.60",NA,NA,NA
"D","DISPATCH","UNIT_SCADA",1,"2024/02/01 08:00:00","YSWF1","14.10",NA,NA,NA
"D","DISPATCH","UNIT_SCADA",1,"2024/02/01 08:10:00","BARCSF1","12.200001",NA,NA,NA
"D","DISPATCH","UNIT_SCADA",1,"2024/02/01 08:10:00","BUTLERSG","9.099998",NA,NA,NA
"D","DISPATCH","UNIT_SCADA",1,"2024/02/01 08:10:00","BWTR1","15.376040",NA,NA,NA
"D","DISPATCH","UNIT_SCADA",1,"2024/02/01 08:10:00","CAPTL_WF","0",NA,NA,NA
"D","DISPATCH","UNIT_SCADA",1,"2024/02/01 08:10:00","CHALLHWF","2.20",NA,NA,NA
"D","DISPATCH","UNIT_SCADA",1,"2024/02/01 08:10:00","CLOVER","-0.02",NA,NA,NA
"D","DISPATCH","UNIT_SCADA",1,"2024/02/01 08:10:00","CLUNY","2.166629",NA,NA,NA
"D","DISPATCH","UNIT_SCADA",1,"2024/02/01 08:10:00","CONDONG1","-0.93",NA,NA,NA
"D","DISPATCH","UNIT_SCADA",1,"2024/02/01 08:10:00","CULLRGWF","-0.08",NA,NA,NA
"D","DISPATCH","UNIT_SCADA",1,"2024/02/01 08:10:00","DIAPURWF1","0",NA,NA,NA
"D","DISPATCH","UNIT_SCADA",1,"2024/02/01 08:10:00","ERGT01","0",NA,NA,NA
"D","DISPATCH","UNIT_SCADA",1,"2024/02/01 08:10:00","GB01","0",NA,NA,NA
"D","DISPATCH","UNIT_SCADA",1,"2024/02/01 08:10:00","GERMCRK","10.2070",NA,NA,NA
"D","DISPATCH","UNIT_SCADA",1,"2024/02/01 08:10:00","GRIFSF1","26.795748",NA,NA,NA
"D","DISPATCH","UNIT_SCADA",1,"2024/02/01 08:10:00","HUGSF1","2.2940",NA,NA,NA
"D","DISPATCH","UNIT_SCADA",1,"2024/02/01 08:10:00","KEPBG1","0",NA,NA,NA
"D","DISPATCH","UNIT_SCADA",1,"2024/02/01 08:10:00","LRSF1","8.5050",NA,NA,NA
"D","DISPATCH","UNIT_SCADA",1,"2024/02/01 08:10:00","MBAHNTH","46.143753",NA,NA,NA
"D","DISPATCH","UNIT_SCADA",1,"2024/02/01 08:10:00","MLSP1","1.8290",NA,NA,NA
"D","DISPATCH","UNIT_SCADA",1,"2024/02/01 08:10:00","MLWF1","5.97",NA,NA,NA
"D","DISPATCH","UNIT_SCADA",1,"2024/02/01 08:10:00","PALOONA","0",NA,NA,NA
"D","DISPATCH","UNIT_SCADA",1,"2024/02/01 08:10:00","PIONEER","-0.60",NA,NA,NA
"D","DISPATCH","UNIT_SCADA",1,"2024/02/01 08:10:00","PORTWF","76.300003",NA,NA,NA
"D","DISPATCH","UNIT_SCADA",1,"2024/02/01 08:10:00","REPULSE","3.313649",NA,NA,NA
"D","DISPATCH","UNIT_SCADA",1,"2024/02/01 08:10:00","ROWALLAN","0",NA,NA,NA
"D","DISPATCH","UNIT_SCADA",1,"2024/02/01 08:10:00","ROYALLA1","3.2760",NA,NA,NA
"D","DISPATCH","UNIT_SCADA",1,"2024/02/01 08:10:00","RPCG","-1.60",NA,NA,NA
"D","DISPATCH","UNIT_SCADA",1,"2024/02/01 08:10:00","RUBICON","0.81",NA,NA,NA
"D","DISPATCH","UNIT_SCADA",1,"2024/02/01 08:10:00","SHOAL1","0",NA,NA,NA
"D","DISPATCH","UNIT_SCADA",1,"2024/02/01 08:10:00","WAUBRAWF","63.23",NA,NA,NA
"D","DISPATCH","UNIT_SCADA",1,"2024/02/01 08:10:00","WOOLNTH1","120.669998",NA,NA,NA
"D","DISPATCH","UNIT_SCADA",1,"2024/02/01 08:10:00","YAMBUKWF","12.60",NA,NA,NA
"D","DISPATCH","UNIT_SCADA",1,"2024/02/01 08:10:00","YSWF1","11.10",NA,NA,NA
"D","DISPATCH","UNIT_SCADA",1,"2024/02/01 08:15:00","BARCSF1","12",NA,NA,NA
"D","DISPATCH","UNIT_SCADA",1,"2024/02/01 08:15:00","BUTLERSG","8.999998",NA,NA,NA
"D","DISPATCH","UNIT_SCADA",1,"2024/02/01 08:15:00","BWTR1","14.5758",NA,NA,NA
"D","DISPATCH","UNIT_SCADA",1,"2024/02/01 08:15:00","CAPTL_WF","0",NA,NA,NA
"D","DISPATCH","UNIT_SCADA",1,"2024/02/01 08:15:00","CHALLHWF","1.90",NA,NA,NA
"D","DISPATCH","UNIT_SCADA",1,"2024/02/01 08:15:00","CLOVER","-0.02",NA,NA,NA
"D","DISPATCH","UNIT_SCADA",1,"2024/02/01 08:15:00","CLUNY","2.214237",NA,NA,NA
"D","DISPATCH","UNIT_SCADA",1,"2024/02/01 08:15:00","CONDONG1","-0.95",NA,NA,NA
"D","DISPATCH","UNIT_SCADA",1,"2024/02/01 08:15:00","CULLRGWF","-0.05",NA,NA,NA
"D","DISPATCH","UNIT_SCADA",1,"2024/02/01 08:15:00","DIAPURWF1","0",NA,NA,NA
"D","DISPATCH","UNIT_SCADA",1,"2024/02/01 08:15:00","ERGT01","0",NA,NA,NA
"D","DISPATCH","UNIT_SCADA",1,"2024/02/01 08:15:00","GB01","0",NA,NA,NA
"D","DISPATCH","UNIT_SCADA",1,"2024/02/01 08:15:00","GERMCRK","10.6840",NA,NA,NA
"D","DISPATCH","UNIT_SCADA",1,"2024/02/01 08:15:00","GRIFSF1","26.997454",NA,NA,NA
"D","DISPATCH","UNIT_SCADA",1,"2024/02/01 08:15:00","HUGSF1","3.1440",NA,NA,NA
"D","DISPATCH","UNIT_SCADA",1,"2024/02/01 08:15:00","KEPBG1","0",NA,NA,NA
"D","DISPATCH","UNIT_SCADA",1,"2024/02/01 08:15:00","LRSF1","7.02",NA,NA,NA
"D","DISPATCH","UNIT_SCADA",1,"2024/02/01 08:15:00","MBAHNTH","45.862503",NA,NA,NA
"D","DISPATCH","UNIT_SCADA",1,"2024/02/01 08:15:00","MLSP1","1.8790",NA,NA,NA
"D","DISPATCH","UNIT_SCADA",1,"2024/02/01 08:15:00","MLWF1","7.32",NA,NA,NA
"D","DISPATCH","UNIT_SCADA",1,"2024/02/01 08:15:00","PALOONA","0",NA,NA,NA
"D","DISPATCH","UNIT_SCADA",1,"2024/02/01 08:15:00","PIONEER","-0.60",NA,NA,NA
"D","DISPATCH","UNIT_SCADA",1,"2024/02/01 08:15:00","PORTWF","79.599998",NA,NA,NA
"D","DISPATCH","UNIT_SCADA",1,"2024/02/01 08:15:00","REPULSE","3.358816",NA,NA,NA
"D","DISPATCH","UNIT_SCADA",1,"2024/02/01 08:15:00","ROWALLAN","0",NA,NA,NA
"D","DISPATCH","UNIT_SCADA",1,"2024/02/01 08:15:00","ROYALLA1","3.4140",NA,NA,NA
"D","DISPATCH","UNIT_SCADA",1,"2024/02/01 08:15:00","RPCG","-1.60",NA,NA,NA
"D","DISPATCH","UNIT_SCADA",1,"2024/02/01 08:15:00","RUBICON","0.81",NA,NA,NA
"D","DISPATCH","UNIT_SCADA",1,"2024/02/01 08:15:00","SHOAL1","0",NA,NA,NA
"D","DISPATCH","UNIT_SCADA",1,"2024/02/01 08:15:00","WAUBRAWF","61.005001",NA,NA,NA
"D","DISPATCH","UNIT_SCADA",1,"2024/02/01 08:15:00","WOOLNTH1","119.549995",NA,NA,NA
"D","DISPATCH","UNIT_SCADA",1,"2024/02/01 08:15:00","YAMBUKWF","12.70",NA,NA,NA
"D","DISPATCH","UNIT_SCADA",1,"2024/02/01 08:15:00","YSWF1","13.50",NA,NA,NA
"D","DISPATCH","UNIT_SCADA",1,"2024/02/01 12:55:00","BUTLERSG","9.099998",NA,NA,NA
"D","DISPATCH","UNIT_SCADA",1,"2024/02/01 12:55:00","BWTR1","14.518640",NA,NA,NA
"D","DISPATCH","UNIT_SCADA",1,"2024/02/01 12:55:00","CAPTL_WF","62.915024",NA,NA,NA
"D","DISPATCH","UNIT_SCADA",1,"2024/02/01 12:55:00","CHALLHWF","9.90",NA,NA,NA
"D","DISPATCH","UNIT_SCADA",1,"2024/02/01 12:55:00","CLOVER","-0.01",NA,NA,NA
"D","DISPATCH","UNIT_SCADA",1,"2024/02/01 12:55:00","CLUNY","2.190433",NA,NA,NA
"D","DISPATCH","UNIT_SCADA",1,"2024/02/01 12:55:00","CONDONG1","-0.85",NA,NA,NA
"D","DISPATCH","UNIT_SCADA",1,"2024/02/01 12:55:00","CULLRGWF","14.70",NA,NA,NA
"D","DISPATCH","UNIT_SCADA",1,"2024/02/01 12:55:00","DIAPURWF1","0",NA,NA,NA
"D","DISPATCH","UNIT_SCADA",1,"2024/02/01 12:55:00","ERGT01","0",NA,NA,NA
"D","DISPATCH","UNIT_SCADA",1,"2024/02/01 12:55:00","GB01","0",NA,NA,NA
"D","DISPATCH","UNIT_SCADA",1,"2024/02/01 12:55:00","GERMCRK","16.0690",NA,NA,NA
"D","DISPATCH","UNIT_SCADA",1,"2024/02/01 12:55:00","GRIFSF1","27.025730",NA,NA,NA
"D","DISPATCH","UNIT_SCADA",1,"2024/02/01 12:55:00","MLSP1","11.363001",NA,NA,NA
"D","DISPATCH","UNIT_SCADA",1,"2024/02/01 12:55:00","MLWF1","9.674999",NA,NA,NA
"D","DISPATCH","UNIT_SCADA",1,"2024/02/01 12:55:00","PALOONA","5.91",NA,NA,NA
"D","DISPATCH","UNIT_SCADA",1,"2024/02/01 12:55:00","PORTWF","90.400002",NA,NA,NA
"D","DISPATCH","UNIT_SCADA",1,"2024/02/01 12:55:00","REPULSE","3.047532",NA,NA,NA
"D","DISPATCH","UNIT_SCADA",1,"2024/02/01 12:55:00","ROWALLAN","0",NA,NA,NA
"D","DISPATCH","UNIT_SCADA",1,"2024/02/01 12:55:00","ROYALLA1","16.143002",NA,NA,NA
"D","DISPATCH","UNIT_SCADA",1,"2024/02/01 12:55:00","RPCG","-1.60",NA,NA,NA
"D","DISPATCH","UNIT_SCADA",1,"2024/02/01 12:55:00","RUBICON","0.81",NA,NA,NA
"D","DISPATCH","UNIT_SCADA",1,"2024/02/01 12:55:00","SHOAL1","0",NA,NA,NA
"D","DISPATCH","UNIT_SCADA",1,"2024/02/01 12:55:00","WAUBRAWF","0",NA,NA,NA
"D","DISPATCH","UNIT_SCADA",1,"2024/02/01 12:55:00","WOOLNTH1","119.610001",NA,NA,NA
"D","DISPATCH","UNIT_SCADA",1,"2024/02/01 12:55:00","YAMBUKWF","21.700001",NA,NA,NA
"D","DISPATCH","UNIT_SCADA",1,"2024/02/01 12:55:00","YSWF1","17.40",NA,NA,NA
"D","DISPATCH","UNIT_SCADA",1,"2024/02/01 16:15:00","BARCSF1","13.200001",NA,NA,NA
"D","DISPATCH","UNIT_SCADA",1,"2024/02/01 16:15:00","BUTLERSG","9.099998",NA,NA,NA
"D","DISPATCH","UNIT_SCADA",1,"2024/02/01 16:15:00","BWTR1","15.090240",NA,NA,NA
"D","DISPATCH","UNIT_SCADA",1,"2024/02/01 16:15:00","CAPTL_WF","55.637566",NA,NA,NA
"D","DISPATCH","UNIT_SCADA",1,"2024/02/01 16:15:00","CHALLHWF","16.60",NA,NA,NA
"D","DISPATCH","UNIT_SCADA",1,"2024/02/01 16:15:00","CLOVER","-0.01",NA,NA,NA
"D","DISPATCH","UNIT_SCADA",1,"2024/02/01 16:15:00","CLUNY","2.324102",NA,NA,NA
"D","DISPATCH","UNIT_SCADA",1,"2024/02/01 16:15:00","CONDONG1","-0.81",NA,NA,NA
"D","DISPATCH","UNIT_SCADA",1,"2024/02/01 16:15:00","CULLRGWF","0",NA,NA,NA
"D","DISPATCH","UNIT_SCADA",1,"2024/02/01 16:15:00","DIAPURWF1","0",NA,NA,NA
"D","DISPATCH","UNIT_SCADA",1,"2024/02/01 16:15:00","ERGT01","0",NA,NA,NA
"D","DISPATCH","UNIT_SCADA",1,"2024/02/01 16:15:00","GB01","0",NA,NA,NA
"D","DISPATCH","UNIT_SCADA",1,"2024/02/01 16:15:00","GERMCRK","15.5030",NA,NA,NA
"D","DISPATCH","UNIT_SCADA",1,"2024/02/01 16:15:00","GRIFSF1","27.012535",NA,NA,NA
"D","DISPATCH","UNIT_SCADA",1,"2024/02/01 16:15:00","HUGSF1","3.2760",NA,NA,NA
"D","DISPATCH","UNIT_SCADA",1,"2024/02/01 16:15:00","KEPBG1","0",NA,NA,NA
"D","DISPATCH","UNIT_SCADA",1,"2024/02/01 16:15:00","LRSF1","9.9670",NA,NA,NA
"D","DISPATCH","UNIT_SCADA",1,"2024/02/01 16:15:00","MBAHNTH","51.281250",NA,NA,NA
"D","DISPATCH","UNIT_SCADA",1,"2024/02/01 16:15:00","MLSP1","6.4050",NA,NA,NA
"D","DISPATCH","UNIT_SCADA",1,"2024/02/01 16:15:00","MLWF1","14.04",NA,NA,NA
"D","DISPATCH","UNIT_SCADA",1,"2024/02/01 16:15:00","PALOONA","9.84",NA,NA,NA
"D","DISPATCH","UNIT_SCADA",1,"2024/02/01 16:15:00","PIONEER","-0.60",NA,NA,NA
"D","DISPATCH","UNIT_SCADA",1,"2024/02/01 16:15:00","PORTWF","114.099998",NA,NA,NA
"D","DISPATCH","UNIT_SCADA",1,"2024/02/01 16:15:00","REPULSE","3.479667",NA,NA,NA
"D","DISPATCH","UNIT_SCADA",1,"2024/02/01 16:15:00","ROWALLAN","0",NA,NA,NA
"D","DISPATCH","UNIT_SCADA",1,"2024/02/01 16:15:00","ROYALLA1","9.021001",NA,NA,NA
"D","DISPATCH","UNIT_SCADA",1,"2024/02/01 16:15:00","RPCG","-1.60",NA,NA,NA
"D","DISPATCH","UNIT_SCADA",1,"2024/02/01 16:15:00","RUBICON","0.81",NA,NA,NA
"D","DISPATCH","UNIT_SCADA",1,"2024/02/01 16:15:00","SHOAL1","19.9750",NA,NA,NA
"D","DISPATCH","UNIT_SCADA",1,"2024/02/01 16:15:00","WAUBRAWF","0",NA,NA,NA
"D","DISPATCH","UNIT_SCADA",1,"2024/02/01 16:15:00","WOOLNTH1","127.799995",NA,NA,NA
"D","DISPATCH","UNIT_SCADA",1,"2024/02/01 16:15:00","YAMBUKWF","24.60",NA,NA,NA
"D","DISPATCH","UNIT_SCADA",1,"2024/02/01 16:15:00","YSWF1","21",NA,NA,NA
"D","DISPATCH","UNIT_SCADA",1,"2024/02/01 16:20:00","BARCSF1","13.200001",NA,NA,NA
"D","DISPATCH","UNIT_SCADA",1,"2024/02/01 16:20:00","BUTLERSG","9.099998",NA,NA,NA
"D","DISPATCH","UNIT_SCADA",1,"2024/02/01 16:20:00","BWTR1","15.090240",NA,NA,NA
"D","DISPATCH","UNIT_SCADA",1,"2024/02/01 16:20:00","CAPTL_WF","58.914963",NA,NA,NA
"D","DISPATCH","UNIT_SCADA",1,"2024/02/01 16:20:00","CHALLHWF","18.10",NA,NA,NA
"D","DISPATCH","UNIT_SCADA",1,"2024/02/01 16:20:00","CLOVER","0",NA,NA,NA
"D","DISPATCH","UNIT_SCADA",1,"2024/02/01 16:20:00","CLUNY","2.319524",NA,NA,NA
"D","DISPATCH","UNIT_SCADA",1,"2024/02/01 16:20:00","CONDONG1","-0.79",NA,NA,NA
"D","DISPATCH","UNIT_SCADA",1,"2024/02/01 16:20:00","CULLRGWF","0",NA,NA,NA
"D","DISPATCH","UNIT_SCADA",1,"2024/02/01 16:20:00","DIAPURWF1","0",NA,NA,NA
"D","DISPATCH","UNIT_SCADA",1,"2024/02/01 16:20:00","ERGT01","0",NA,NA,NA
"D","DISPATCH","UNIT_SCADA",1,"2024/02/01 16:20:00","GB01","0",NA,NA,NA
"D","DISPATCH","UNIT_SCADA",1,"2024/02/01 16:20:00","GERMCRK","16.068001",NA,NA,NA
"D","DISPATCH","UNIT_SCADA",1,"2024/02/01 16:20:00","GRIFSF1","27.020075",NA,NA,NA
"D","DISPATCH","UNIT_SCADA",1,"2024/02/01 16:20:00","HUGSF1","3.0670",NA,NA,NA
"D","DISPATCH","UNIT_SCADA",1,"2024/02/01 16:20:00","KEPBG1","0",NA,NA,NA
"D","DISPATCH","UNIT_SCADA",1,"2024/02/01 16:20:00","LRSF1","9.9670",NA,NA,NA
"D","DISPATCH","UNIT_SCADA",1,"2024/02/01 16:20:00","MBAHNTH","51.356247",NA,NA,NA
"D","DISPATCH","UNIT_SCADA",1,"2024/02/01 16:20:00","MLSP1","6.1540",NA,NA,NA
"D","DISPATCH","UNIT_SCADA",1,"2024/02/01 16:20:00","MLWF1","13.469999",NA,NA,NA
"D","DISPATCH","UNIT_SCADA",1,"2024/02/01 16:20:00","PALOONA","9.75",NA,NA,NA
"D","DISPATCH","UNIT_SCADA",1,"2024/02/01 16:20:00","PIONEER","-0.60",NA,NA,NA
"D","DISPATCH","UNIT_SCADA",1,"2024/02/01 16:20:00","PORTWF","105.599998",NA,NA,NA
"D","DISPATCH","UNIT_SCADA",1,"2024/02/01 16:20:00","REPULSE","3.402762",NA,NA,NA
"D","DISPATCH","UNIT_SCADA",1,"2024/02/01 16:20:00","ROWALLAN","0",NA,NA,NA
"D","DISPATCH","UNIT_SCADA",1,"2024/02/01 16:20:00","ROYALLA1","8.6450",NA,NA,NA
"D","DISPATCH","UNIT_SCADA",1,"2024/02/01 16:20:00","RPCG","-1.60",NA,NA,NA
"D","DISPATCH","UNIT_SCADA",1,"2024/02/01 16:20:00","RUBICON","0.81",NA,NA,NA
"D","DISPATCH","UNIT_SCADA",1,"2024/02/01 16:20:00","SHOAL1","19.9750",NA,NA,NA
"D","DISPATCH","UNIT_SCADA",1,"2024/02/01 14:05:00","BARCSF1","13.400001",NA,NA,NA
"D","DISPATCH","UNIT_SCADA",1,"2024/02/01 14:05:00","BUTLERSG","8.999998",NA,NA,NA
"D","DISPATCH","UNIT_SCADA",1,"2024/02/01 14:05:00","BWTR1","14.975920",NA,NA,NA
"D","DISPATCH","UNIT_SCADA",1,"2024/02/01 14:05:00","CAPTL_WF","43.055344",NA,NA,NA
"D","DISPATCH","UNIT_SCADA",1,"2024/02/01 14:05:00","CHALLHWF","19.400002",NA,NA,NA
"D","DISPATCH","UNIT_SCADA",1,"2024/02/01 14:05:00","CLOVER","-0.02",NA,NA,NA
"D","DISPATCH","UNIT_SCADA",1,"2024/02/01 14:05:00","CLUNY","2.162051",NA,NA,NA
"D","DISPATCH","UNIT_SCADA",1,"2024/02/01 14:05:00","CONDONG1","-0.94",NA,NA,NA
"D","DISPATCH","UNIT_SCADA",1,"2024/02/01 14:05:00","CULLRGWF","12.83",NA,NA,NA
"D","DISPATCH","UNIT_SCADA",1,"2024/02/01 14:05:00","DIAPURWF1","0",NA,NA,NA
"D","DISPATCH","UNIT_SCADA",1,"2024/02/01 14:05:00","ERGT01","0",NA,NA,NA
"D","DISPATCH","UNIT_SCADA",1,"2024/02/01 14:05:00","GB01","0",NA,NA,NA
"D","DISPATCH","UNIT_SCADA",1,"2024/02/01 14:05:00","GERMCRK","15.8330",NA,NA,NA
"D","DISPATCH","UNIT_SCADA",1,"2024/02/01 14:05:00","GRIFSF1","27.025730",NA,NA,NA
"D","DISPATCH","UNIT_SCADA",1,"2024/02/01 14:05:00","HUGSF1","6.40",NA,NA,NA
"D","DISPATCH","UNIT_SCADA",1,"2024/02/01 14:05:00","KEPBG1","0",NA,NA,NA
"D","DISPATCH","UNIT_SCADA",1,"2024/02/01 14:05:00","LRSF1","9.863001",NA,NA,NA
"D","DISPATCH","UNIT_SCADA",1,"2024/02/01 14:05:00","MBAHNTH","51.9375",NA,NA,NA
"D","DISPATCH","UNIT_SCADA",1,"2024/02/01 14:05:00","MLSP1","10.528001",NA,NA,NA
"D","DISPATCH","UNIT_SCADA",1,"2024/02/01 14:05:00","MLWF1","10.62",NA,NA,NA
"D","DISPATCH","UNIT_SCADA",1,"2024/02/01 14:05:00","PALOONA","6.94",NA,NA,NA
"D","DISPATCH","UNIT_SCADA",1,"2024/02/01 14:05:00","PIONEER","-0.80",NA,NA,NA
"D","DISPATCH","UNIT_SCADA",1,"2024/02/01 14:05:00","PORTWF","111.800003",NA,NA,NA
"D","DISPATCH","UNIT_SCADA",1,"2024/02/01 14:05:00","REPULSE","3.2636",NA,NA,NA
"D","DISPATCH","UNIT_SCADA",1,"2024/02/01 14:05:00","ROWALLAN","0",NA,NA,NA
"D","DISPATCH","UNIT_SCADA",1,"2024/02/01 14:05:00","ROYALLA1","14.903001",NA,NA,NA
"D","DISPATCH","UNIT_SCADA",1,"2024/02/01 14:05:00","RPCG","-1.60",NA,NA,NA
"D","DISPATCH","UNIT_SCADA",1,"2024/02/01 14:05:00","RUBICON","0.81",NA,NA,NA
"D","DISPATCH","UNIT_SCADA",1,"2024/02/01 14:05:00","SHOAL1","0",NA,NA,NA
"D","DISPATCH","UNIT_SCADA",1,"2024/02/01 14:05:00","WAUBRAWF","0",NA,NA,NA
"D","DISPATCH","UNIT_SCADA",1,"2024/02/01 14:05:00","WOOLNTH1","131.610001",NA,NA,NA
"D","DISPATCH","UNIT_SCADA",1,"2024/02/01 14:05:00","YAMBUKWF","20.50",NA,NA,NA
"D","DISPATCH","UNIT_SCADA",1,"2024/02/01 14:05:00","YSWF1","17.60",NA,NA,NA
"D","DISPATCH","UNIT_SCADA",1,"2024/02/01 18:40:00","BARCSF1","2.20",NA,NA,NA
"D","DISPATCH","UNIT_SCADA",1,"2024/02/01 18:40:00","BUTLERSG","9.099998",NA,NA,NA
"D","DISPATCH","UNIT_SCADA",1,"2024/02/01 18:40:00","BWTR1","14.5758",NA,NA,NA
"D","DISPATCH","UNIT_SCADA",1,"2024/02/01 18:40:00","CAPTL_WF","82.770798",NA,NA,NA
"D","DISPATCH","UNIT_SCADA",1,"2024/02/01 18:40:00","CHALLHWF","25.50",NA,NA,NA
"D","DISPATCH","UNIT_SCADA",1,"2024/02/01 18:40:00","CLOVER","-0.01",NA,NA,NA
"D","DISPATCH","UNIT_SCADA",1,"2024/02/01 18:40:00","CLUNY","2.224308",NA,NA,NA
"D","DISPATCH","UNIT_SCADA",1,"2024/02/01 18:40:00","CONDONG1","-0.74",NA,NA,NA
"D","DISPATCH","UNIT_SCADA",1,"2024/02/01 18:40:00","CULLRGWF","19.60",NA,NA,NA
"D","DISPATCH","UNIT_SCADA",1,"2024/02/01 18:40:00","DIAPURWF1","0",NA,NA,NA
"D","DISPATCH","UNIT_SCADA",1,"2024/02/01 18:40:00","ERGT01","0",NA,NA,NA
"D","DISPATCH","UNIT_SCADA",1,"2024/02/01 18:40:00","GB01","0",NA,NA,NA
"D","DISPATCH","UNIT_SCADA",1,"2024/02/01 18:40:00","GERMCRK","15.3090",NA,NA,NA
"D","DISPATCH","UNIT_SCADA",1,"2024/02/01 18:40:00","GRIFSF1","7.313244",NA,NA,NA
"D","DISPATCH","UNIT_SCADA",1,"2024/02/01 18:40:00","HUGSF1","0.42",NA,NA,NA
"D","DISPATCH","UNIT_SCADA",1,"2024/02/01 18:40:00","KEPBG1","2.01",NA,NA,NA
"D","DISPATCH","UNIT_SCADA",1,"2024/02/01 18:40:00","LRSF1","2.5280",NA,NA,NA
"D","DISPATCH","UNIT_SCADA",1,"2024/02/01 18:40:00","MBAHNTH","52.050003",NA,NA,NA
"D","DISPATCH","UNIT_SCADA",1,"2024/02/01 18:40:00","MLSP1","0.2810",NA,NA,NA
"D","DISPATCH","UNIT_SCADA",1,"2024/02/01 18:40:00","MLWF1","9.1950",NA,NA,NA
"D","DISPATCH","UNIT_SCADA",1,"2024/02/01 18:40:00","PALOONA","1.27",NA,NA,NA
"D","DISPATCH","UNIT_SCADA",1,"2024/02/01 18:40:00","PIONEER","-0.60",NA,NA,NA
"D","DISPATCH","UNIT_SCADA",1,"2024/02/01 18:40:00","PORTWF","74.800003",NA,NA,NA
"D","DISPATCH","UNIT_SCADA",1,"2024/02/01 18:40:00","REPULSE","3.2636",NA,NA,NA
"D","DISPATCH","UNIT_SCADA",1,"2024/02/01 18:40:00","ROWALLAN","0",NA,NA,NA
"D","DISPATCH","UNIT_SCADA",1,"2024/02/01 18:40:00","ROYALLA1","0.2260",NA,NA,NA
"D","DISPATCH","UNIT_SCADA",1,"2024/02/01 18:40:00","RPCG","-1.70",NA,NA,NA
"D","DISPATCH","UNIT_SCADA",1,"2024/02/01 18:40:00","RUBICON","0.81",NA,NA,NA
"D","DISPATCH","UNIT_SCADA",1,"2024/02/01 18:40:00","SHOAL1","19.9750",NA,NA,NA
"D","DISPATCH","UNIT_SCADA",1,"2024/02/01 18:40:00","WAUBRAWF","127.360001",NA,NA,NA
"D","DISPATCH","UNIT_SCADA",1,"2024/02/01 18:40:00","WOOLNTH1","122.349991",NA,NA,NA
"D","DISPATCH","UNIT_SCADA",1,"2024/02/01 18:40:00","YAMBUKWF","22.700001",NA,NA,NA
"D","DISPATCH","UNIT_SCADA",1,"2024/02/01 18:40:00","YSWF1","23.799999",NA,NA,NA
"D","DISPATCH","UNIT_SCADA",1,"2024/02/01 18:45:00","BARCSF1","1.60",NA,NA,NA
"D","DISPATCH","UNIT_SCADA",1,"2024/02/01 18:45:00","BUTLERSG","9.099998",NA,NA,NA
"D","DISPATCH","UNIT_SCADA",1,"2024/02/01 18:45:00","BWTR1","14.5758",NA,NA,NA
"D","DISPATCH","UNIT_SCADA",1,"2024/02/01 18:45:00","CAPTL_WF","83.427048",NA,NA,NA
"D","DISPATCH","UNIT_SCADA",1,"2024/02/01 18:45:00","CHALLHWF","22.599998",NA,NA,NA
"D","DISPATCH","UNIT_SCADA",1,"2024/02/01 18:45:00","CLOVER","-0.02",NA,NA,NA
"D","DISPATCH","UNIT_SCADA",1,"2024/02/01 18:45:00","CLUNY","2.172122",NA,NA,NA
"D","DISPATCH","UNIT_SCADA",1,"2024/02/01 18:45:00","CONDONG1","-0.74",NA,NA,NA
"D","DISPATCH","UNIT_SCADA",1,"2024/02/01 18:45:00","CULLRGWF","18.780001",NA,NA,NA
"D","DISPATCH","UNIT_SCADA",1,"2024/02/01 18:45:00","DIAPURWF1","0",NA,NA,NA
"D","DISPATCH","UNIT_SCADA",1,"2024/02/01 18:45:00","ERGT01","0",NA,NA,NA
"D","DISPATCH","UNIT_SCADA",1,"2024/02/01 18:45:00","GB01","0",NA,NA,NA
"D","DISPATCH","UNIT_SCADA",1,"2024/02/01 18:45:00","GERMCRK","15.44",NA,NA,NA
"D","DISPATCH","UNIT_SCADA",1,"2024/02/01 18:45:00","GRIFSF1","5.895649",NA,NA,NA
"D","DISPATCH","UNIT_SCADA",1,"2024/02/01 18:45:00","HUGSF1","0.3190",NA,NA,NA
"D","DISPATCH","UNIT_SCADA",1,"2024/02/01 18:45:00","KEPBG1","2.01",NA,NA,NA
"D","DISPATCH","UNIT_SCADA",1,"2024/02/01 18:45:00","LRSF1","1.76",NA,NA,NA
"D","DISPATCH","UNIT_SCADA",1,"2024/02/01 18:45:00","MBAHNTH","51.824997",NA,NA,NA
"D","DISPATCH","UNIT_SCADA",1,"2024/02/01 18:45:00","MLSP1","0.2310",NA,NA,NA
"D","DISPATCH","UNIT_SCADA",1,"2024/02/01 18:45:00","MLWF1","11.49",NA,NA,NA
"D","DISPATCH","UNIT_SCADA",1,"2024/02/01 18:45:00","PALOONA","1.36",NA,NA,NA
"D","DISPATCH","UNIT_SCADA",1,"2024/02/01 18:45:00","PIONEER","-0.60",NA,NA,NA
"D","DISPATCH","UNIT_SCADA",1,"2024/02/01 18:45:00","PORTWF","81.599998",NA,NA,NA
"D","DISPATCH","UNIT_SCADA",1,"2024/02/01 18:45:00","REPULSE","3.218433",NA,NA,NA
"D","DISPATCH","UNIT_SCADA",1,"2024/02/01 18:45:00","ROWALLAN","0",NA,NA,NA
"D","DISPATCH","UNIT_SCADA",1,"2024/02/01 18:45:00","ROYALLA1","0.2010",NA,NA,NA
"D","DISPATCH","UNIT_SCADA",1,"2024/02/01 18:45:00","RPCG","-1.70",NA,NA,NA
"D","DISPATCH","UNIT_SCADA",1,"2024/02/01 18:45:00","RUBICON","0.81",NA,NA,NA
"D","DISPATCH","UNIT_SCADA",1,"2024/02/01 18:45:00","SHOAL1","19.9750",NA,NA,NA
"D","DISPATCH","UNIT_SCADA",1,"2024/02/01 18:45:00","WAUBRAWF","125.796997",NA,NA,NA
"D","DISPATCH","UNIT_SCADA",1,"2024/02/01 18:45:00","WOOLNTH1","122.389999",NA,NA,NA
"D","DISPATCH","UNIT_SCADA",1,"2024/02/01 18:45:00","YAMBUKWF","23.799999",NA,NA,NA
"D","DISPATCH","UNIT_SCADA",1,"2024/02/01 18:45:00","YSWF1","24.40",NA,NA,NA
"D","DISPATCH","UNIT_SCADA",1,"2024/02/01 18:50:00","BARCSF1","0.90",NA,NA,NA
"D","DISPATCH","UNIT_SCADA",1,"2024/02/01 18:50:00","BUTLERSG","9.099998",NA,NA,NA
"D","DISPATCH","UNIT_SCADA",1,"2024/02/01 18:50:00","BWTR1","14.5758",NA,NA,NA
"D","DISPATCH","UNIT_SCADA",1,"2024/02/01 18:50:00","CAPTL_WF","75.430840",NA,NA,NA
"D","DISPATCH","UNIT_SCADA",1,"2024/02/01 18:50:00","CHALLHWF","23.799999",NA,NA,NA
"D","DISPATCH","UNIT_SCADA",1,"2024/02/01 18:50:00","CLOVER","-0.02",NA,NA,NA
"D","DISPATCH","UNIT_SCADA",1,"2024/02/01 18:50:00","CLUNY","2.166629",NA,NA,NA
"D","DISPATCH","UNIT_SCADA",1,"2024/02/01 18:50:00","CONDONG1","-0.73",NA,NA,NA
"D","DISPATCH","UNIT_SCADA",1,"2024/02/01 18:50:00","CULLRGWF","17.82",NA,NA,NA
"D","DISPATCH","UNIT_SCADA",1,"2024/02/01 18:50:00","DIAPURWF1","0",NA,NA,NA
"D","DISPATCH","UNIT_SCADA",1,"2024/02/01 18:50:00","ERGT01","0",NA,NA,NA
"D","DISPATCH","UNIT_SCADA",1,"2024/02/01 18:50:00","GB01","0",NA,NA,NA
"D","DISPATCH","UNIT_SCADA",1,"2024/02/01 18:50:00","GERMCRK","15.6750",NA,NA,NA
"D","DISPATCH","UNIT_SCADA",1,"2024/02/01 18:50:00","GRIFSF1","4.302740",NA,NA,NA
"D","DISPATCH","UNIT_SCADA",1,"2024/02/01 18:50:00","HUGSF1","0.2180",NA,NA,NA
"D","DISPATCH","UNIT_SCADA",1,"2024/02/01 18:50:00","KEPBG1","2.01",NA,NA,NA
"D","DISPATCH","UNIT_SCADA",1,"2024/02/01 18:50:00","LRSF1","0.5920",NA,NA,NA
"D","DISPATCH","UNIT_SCADA",1,"2024/02/01 18:50:00","MBAHNTH","52.199997",NA,NA,NA
"D","DISPATCH","UNIT_SCADA",1,"2024/02/01 18:50:00","MLSP1","0.1810",NA,NA,NA
"D","DISPATCH","UNIT_SCADA",1,"2024/02/01 18:50:00","MLWF1","9.1350",NA,NA,NA
"D","DISPATCH","UNIT_SCADA",1,"2024/02/01 18:50:00","PALOONA","1.33",NA,NA,NA
"D","DISPATCH","UNIT_SCADA",1,"2024/02/01 18:50:00","PIONEER","-0.60",NA,NA,NA
"D","DISPATCH","UNIT_SCADA",1,"2024/02/01 18:50:00","PORTWF","82.699997",NA,NA,NA
"D","DISPATCH","UNIT_SCADA",1,"2024/02/01 18:50:00","REPULSE","3.218433",NA,NA,NA
"D","DISPATCH","UNIT_SCADA",1,"2024/02/01 18:50:00","ROWALLAN","0",NA,NA,NA
"D","DISPATCH","UNIT_SCADA",1,"2024/02/01 18:50:00","ROYALLA1","0.1670",NA,NA,NA
"D","DISPATCH","UNIT_SCADA",1,"2024/02/01 18:50:00","RPCG","-1.70",NA,NA,NA
"D","DISPATCH","UNIT_SCADA",1,"2024/02/01 18:50:00","RUBICON","0.81",NA,NA,NA
"D","DISPATCH","UNIT_SCADA",1,"2024/02/01 18:50:00","SHOAL1","19.9750",NA,NA,NA
"D","DISPATCH","UNIT_SCADA",1,"2024/02/01 18:50:00","WAUBRAWF","134.938995",NA,NA,NA
"D","DISPATCH","UNIT_SCADA",1,"2024/02/01 18:50:00","WOOLNTH1","123.289993",NA,NA,NA
"D","DISPATCH","UNIT_SCADA",1,"2024/02/01 18:50:00","YAMBUKWF","24.299999",NA,NA,NA
"D","DISPATCH","UNIT_SCADA",1,"2024/02/01 18:50:00","YSWF1","25.10",NA,NA,NA
"D","DISPATCH","UNIT_SCADA",1,"2024/02/01 18:55:00","BARCSF1","0.40",NA,NA,NA
"D","DISPATCH","UNIT_SCADA",1,"2024/02/01 18:55:00","BUTLERSG","8.999998",NA,NA,NA
"D","DISPATCH","UNIT_SCADA",1,"2024/02/01 18:55:00","BWTR1","14.5758",NA,NA,NA
"D","DISPATCH","UNIT_SCADA",1,"2024/02/01 18:55:00","CAPTL_WF","73.661278",NA,NA,NA
"D","DISPATCH","UNIT_SCADA",1,"2024/02/01 18:55:00","CHALLHWF","22",NA,NA,NA
"D","DISPATCH","UNIT_SCADA",1,"2024/02/01 18:55:00","CLOVER","-0.02",NA,NA,NA
"D","DISPATCH","UNIT_SCADA",1,"2024/02/01 18:55:00","CLUNY","2.181277",NA,NA,NA
"D","DISPATCH","UNIT_SCADA",1,"2024/02/01 18:55:00","CONDONG1","-0.74",NA,NA,NA
"D","DISPATCH","UNIT_SCADA",1,"2024/02/01 18:55:00","CULLRGWF","16.99",NA,NA,NA
"D","DISPATCH","UNIT_SCADA",1,"2024/02/01 18:55:00","DIAPURWF1","0",NA,NA,NA
"D","DISPATCH","UNIT_SCADA",1,"2024/02/01 18:55:00","ERGT01","0",NA,NA,NA
"D","DISPATCH","UNIT_SCADA",1,"2024/02/01 18:55:00","GB01","0",NA,NA,NA
"D","DISPATCH","UNIT_SCADA",1,"2024/02/01 18:55:00","GERMCRK","15.2060",NA,NA,NA
"D","DISPATCH","UNIT_SCADA",1,"2024/02/01 18:55:00","GRIFSF1","2.596725",NA,NA,NA
"D","DISPATCH","UNIT_SCADA",1,"2024/02/01 18:55:00","HUGSF1","0.2180",NA,NA,NA
"D","DISPATCH","UNIT_SCADA",1,"2024/02/01 18:55:00","KEPBG1","2.01",NA,NA,NA
"D","DISPATCH","UNIT_SCADA",1,"2024/02/01 18:55:00","LRSF1","0.6190",NA,NA,NA
"D","DISPATCH","UNIT_SCADA",1,"2024/02/01 18:55:00","MBAHNTH","52.1250",NA,NA,NA
"D","DISPATCH","UNIT_SCADA",1,"2024/02/01 18:55:00","MLSP1","0.1810",NA,NA,NA
"D","DISPATCH","UNIT_SCADA",1,"2024/02/01 18:55:00","MLWF1","5.2350",NA,NA,NA
"D","DISPATCH","UNIT_SCADA",1,"2024/02/01 18:55:00","PALOONA","0.62",NA,NA,NA
"D","DISPATCH","UNIT_SCADA",1,"2024/02/01 18:55:00","PIONEER","-0.60",NA,NA,NA
"D","DISPATCH","UNIT_SCADA",1,"2024/02/01 18:55:00","PORTWF","80.900002",NA,NA,NA
"D","DISPATCH","UNIT_SCADA",1,"2024/02/01 18:55:00","REPULSE","2.938888",NA,NA,NA
"D","DISPATCH","UNIT_SCADA",1,"2024/02/01 18:55:00","ROWALLAN","0",NA,NA,NA
"D","DISPATCH","UNIT_SCADA",1,"2024/02/01 18:55:00","ROYALLA1","0.13",NA,NA,NA
"D","DISPATCH","UNIT_SCADA",1,"2024/02/01 18:55:00","RPCG","-1.70",NA,NA,NA
"D","DISPATCH","UNIT_SCADA",1,"2024/02/01 18:55:00","RUBICON","0.81",NA,NA,NA
"D","DISPATCH","UNIT_SCADA",1,"2024/02/01 18:55:00","SHOAL1","19.9750",NA,NA,NA
"D","DISPATCH","UNIT_SCADA",1,"2024/02/01 18:55:00","WAUBRAWF","128.772003",NA,NA,NA
"D","DISPATCH","UNIT_SCADA",1,"2024/02/01 18:55:00","WOOLNTH1","123.549995",NA,NA,NA
"D","DISPATCH","UNIT_SCADA",1,"2024/02/01 18:55:00","YAMBUKWF","22.50",NA,NA,NA
"D","DISPATCH","UNIT_SCADA",1,"2024/02/01 18:55:00","YSWF1","23.799999",NA,NA,NA
"D","DISPATCH","UNIT_SCADA",1,"2024/02/01 19:10:00","BARCSF1","0.20",NA,NA,NA
"D","DISPATCH","UNIT_SCADA",1,"2024/02/01 19:10:00","BUTLERSG","8.999998",NA,NA,NA
"D","DISPATCH","UNIT_SCADA",1,"2024/02/01 19:10:00","BWTR1","14.5758",NA,NA,NA
"D","DISPATCH","UNIT_SCADA",1,"2024/02/01 19:10:00","CAPTL_WF","76.083191",NA,NA,NA
"D","DISPATCH","UNIT_SCADA",1,"2024/02/01 19:10:00","CHALLHWF","21.700001",NA,NA,NA
"D","DISPATCH","UNIT_SCADA",1,"2024/02/01 19:10:00","CLOVER","10.34",NA,NA,NA
"D","DISPATCH","UNIT_SCADA",1,"2024/02/01 19:10:00","CLUNY","2.243534",NA,NA,NA
"D","DISPATCH","UNIT_SCADA",1,"2024/02/01 19:10:00","CONDONG1","-0.73",NA,NA,NA
"D","DISPATCH","UNIT_SCADA",1,"2024/02/01 19:10:00","CULLRGWF","14.15",NA,NA,NA
"D","DISPATCH","UNIT_SCADA",1,"2024/02/01 19:10:00","DIAPURWF1","0",NA,NA,NA
"D","DISPATCH","UNIT_SCADA",1,"2024/02/01 19:10:00","ERGT01","0",NA,NA,NA
"D","DISPATCH","UNIT_SCADA",1,"2024/02/01 19:10:00","GB01","0",NA,NA,NA
"D","DISPATCH","UNIT_SCADA",1,"2024/02/01 19:10:00","GERMCRK","15.6840",NA,NA,NA
"D","DISPATCH","UNIT_SCADA",1,"2024/02/01 19:10:00","GRIFSF1","0.653187",NA,NA,NA
"D","DISPATCH","UNIT_SCADA",1,"2024/02/01 19:10:00","HUGSF1","0.0170",NA,NA,NA
"D","DISPATCH","UNIT_SCADA",1,"2024/02/01 19:10:00","KEPBG1","2.01",NA,NA,NA
"D","DISPATCH","UNIT_SCADA",1,"2024/02/01 19:10:00","LRSF1","0.1090",NA,NA,NA
"D","DISPATCH","UNIT_SCADA",1,"2024/02/01 19:10:00","MBAHNTH","50.868744",NA,NA,NA
"D","DISPATCH","UNIT_SCADA",1,"2024/02/01 19:10:00","MLSP1","0.0810",NA,NA,NA
"D","DISPATCH","UNIT_SCADA",1,"2024/02/01 19:10:00","MLWF1","8.13",NA,NA,NA
"D","DISPATCH","UNIT_SCADA",1,"2024/02/01 19:10:00","PALOONA","0",NA,NA,NA
"D","DISPATCH","UNIT_SCADA",1,"2024/02/01 19:10:00","PIONEER","-0.50",NA,NA,NA
"D","DISPATCH","UNIT_SCADA",1,"2024/02/01 19:10:00","PORTWF","64.50",NA,NA,NA
"D","DISPATCH","UNIT_SCADA",1,"2024/02/01 19:10:00","REPULSE","2.984054",NA,NA,NA
"D","DISPATCH","UNIT_SCADA",1,"2024/02/01 19:10:00","ROWALLAN","0",NA,NA,NA
"D","DISPATCH","UNIT_SCADA",1,"2024/02/01 19:10:00","ROYALLA1","0",NA,NA,NA
"D","DISPATCH","UNIT_SCADA",1,"2024/02/01 19:10:00","RPCG","-1.70",NA,NA,NA
"D","DISPATCH","UNIT_SCADA",1,"2024/02/01 19:10:00","RUBICON","0.81",NA,NA,NA
"D","DISPATCH","UNIT_SCADA",1,"2024/02/01 19:10:00","SHOAL1","19.9750",NA,NA,NA
"D","DISPATCH","UNIT_SCADA",1,"2024/02/01 19:10:00","WAUBRAWF","137.0410",NA,NA,NA
"D","DISPATCH","UNIT_SCADA",1,"2024/02/01 19:10:00","WOOLNTH1","126.989998",NA,NA,NA
"D","DISPATCH","UNIT_SCADA",1,"2024/02/01 19:10:00","YAMBUKWF","18.90",NA,NA,NA
"D","DISPATCH","UNIT_SCADA",1,"2024/02/01 19:10:00","YSWF1","21.90",NA,NA,NA
"D","DISPATCH","UNIT_SCADA",1,"2024/02/01 19:15:00","BARCSF1","0.20",NA,NA,NA
"D","DISPATCH","UNIT_SCADA",1,"2024/02/01 19:15:00","BUTLERSG","8.999998",NA,NA,NA
"D","DISPATCH","UNIT_SCADA",1,"2024/02/01 19:15:00","BWTR1","14.5758",NA,NA,NA
"D","DISPATCH","UNIT_SCADA",1,"2024/02/01 19:15:00","CAPTL_WF","75.364426",NA,NA,NA
"D","DISPATCH","UNIT_SCADA",1,"2024/02/01 19:15:00","CHALLHWF","22",NA,NA,NA
"D","DISPATCH","UNIT_SCADA",1,"2024/02/01 19:15:00","CLOVER","12.99",NA,NA,NA
"D","DISPATCH","UNIT_SCADA",1,"2024/02/01 19:15:00","CLUNY","2.195926",NA,NA,NA
"D","DISPATCH","UNIT_SCADA",1,"2024/02/01 19:15:00","CONDONG1","-0.72",NA,NA,NA
"D","DISPATCH","UNIT_SCADA",1,"2024/02/01 19:15:00","CULLRGWF","13.48",NA,NA,NA
"D","DISPATCH","UNIT_SCADA",1,"2024/02/01 19:15:00","DIAPURWF1","0",NA,NA,NA
"D","DISPATCH","UNIT_SCADA",1,"2024/02/01 19:15:00","ERGT01","0",NA,NA,NA
"D","DISPATCH","UNIT_SCADA",1,"2024/02/01 19:15:00","GB01","0",NA,NA,NA
"D","DISPATCH","UNIT_SCADA",1,"2024/02/01 19:15:00","GERMCRK","15.8410",NA,NA,NA
"D","DISPATCH","UNIT_SCADA",1,"2024/02/01 19:15:00","GRIFSF1","0.351571",NA,NA,NA
"D","DISPATCH","UNIT_SCADA",1,"2024/02/01 19:15:00","HUGSF1","-0.0840",NA,NA,NA
"D","DISPATCH","UNIT_SCADA",1,"2024/02/01 19:15:00","KEPBG1","2.01",NA,NA,NA
"D","DISPATCH","UNIT_SCADA",1,"2024/02/01 19:15:00","LRSF1","0.0090",NA,NA,NA
"D","DISPATCH","UNIT_SCADA",1,"2024/02/01 19:15:00","MBAHNTH","50.925003",NA,NA,NA
"D","DISPATCH","UNIT_SCADA",1,"2024/02/01 19:15:00","MLSP1","0.0310",NA,NA,NA
"D","DISPATCH","UNIT_SCADA",1,"2024/02/01 19:15:00","MLWF1","6.2250",NA,NA,NA
"D","DISPATCH","UNIT_SCADA",1,"2024/02/01 19:15:00","PALOONA","0",NA,NA,NA
"D","DISPATCH","UNIT_SCADA",1,"2024/02/01 19:15:00","PIONEER","-0.50",NA,NA,NA
"D","DISPATCH","UNIT_SCADA",1,"2024/02/01 19:15:00","PORTWF","67.199997",NA,NA,NA
"D","DISPATCH","UNIT_SCADA",1,"2024/02/01 19:15:00","REPULSE","3.130541",NA,NA,NA
"D","DISPATCH","UNIT_SCADA",1,"2024/02/01 19:15:00","ROWALLAN","0",NA,NA,NA
"D","DISPATCH","UNIT_SCADA",1,"2024/02/01 19:15:00","ROYALLA1","0",NA,NA,NA
"D","DISPATCH","UNIT_SCADA",1,"2024/02/01 19:15:00","RPCG","-1.70",NA,NA,NA
"D","DISPATCH","UNIT_SCADA",1,"2024/02/01 19:15:00","RUBICON","0.81",NA,NA,NA
"D","DISPATCH","UNIT_SCADA",1,"2024/02/01 19:15:00","SHOAL1","19.9750",NA,NA,NA
"D","DISPATCH","UNIT_SCADA",1,"2024/02/01 19:15:00","WAUBRAWF","134.893997",NA,NA,NA
"D","DISPATCH","UNIT_SCADA",1,"2024/02/01 19:15:00","WOOLNTH1","123.650002",NA,NA,NA
"D","DISPATCH","UNIT_SCADA",1,"2024/02/01 19:15:00","YAMBUKWF","18.799999",NA,NA,NA
"D","DISPATCH","UNIT_SCADA",1,"2024/02/01 19:15:00","YSWF1","19.40",NA,NA,NA
"D","DISPATCH","UNIT_SCADA",1,"2024/02/01 19:20:00","BARCSF1","0.20",NA,NA,NA
"D","DISPATCH","UNIT_SCADA",1,"2024/02/01 19:20:00","BUTLERSG","9.099998",NA,NA,NA
"D","DISPATCH","UNIT_SCADA",1,"2024/02/01 19:20:00","BWTR1","14.5758",NA,NA,NA
"D","DISPATCH","UNIT_SCADA",1,"2024/02/01 19:20:00","CAPTL_WF","75.563652",NA,NA,NA
"D","DISPATCH","UNIT_SCADA",1,"2024/02/01 19:20:00","CHALLHWF","18.40",NA,NA,NA
"D","DISPATCH","UNIT_SCADA",1,"2024/02/01 19:20:00","CLOVER","12.91",NA,NA,NA
"D","DISPATCH","UNIT_SCADA",1,"2024/02/01 19:20:00","CLUNY","2.195926",NA,NA,NA
"D","DISPATCH","UNIT_SCADA",1,"2024/02/01 19:20:00","CONDONG1","-0.74",NA,NA,NA
"D","DISPATCH","UNIT_SCADA",1,"2024/02/01 19:20:00","CULLRGWF","12.65",NA,NA,NA
"D","DISPATCH","UNIT_SCADA",1,"2024/02/01 19:20:00","DIAPURWF1","0",NA,NA,NA
"D","DISPATCH","UNIT_SCADA",1,"2024/02/01 19:20:00","ERGT01","0",NA,NA,NA
"D","DISPATCH","UNIT_SCADA",1,"2024/02/01 19:20:00","GB01","0",NA,NA,NA
"D","DISPATCH","UNIT_SCADA",1,"2024/02/01 19:20:00","GERMCRK","15.7710",NA,NA,NA
"D","DISPATCH","UNIT_SCADA",1,"2024/02/01 19:20:00","GRIFSF1","0.198878",NA,NA,NA
"D","DISPATCH","UNIT_SCADA",1,"2024/02/01 19:20:00","HUGSF1","-0.0840",NA,NA,NA
"D","DISPATCH","UNIT_SCADA",1,"2024/02/01 19:20:00","KEPBG1","2.01",NA,NA,NA
"D","DISPATCH","UNIT_SCADA",1,"2024/02/01 19:20:00","LRSF1","0.0090",NA,NA,NA
"D","DISPATCH","UNIT_SCADA",1,"2024/02/01 19:20:00","MBAHNTH","50.793747",NA,NA,NA
"D","DISPATCH","UNIT_SCADA",1,"2024/02/01 19:20:00","MLSP1","0.0310",NA,NA,NA
"D","DISPATCH","UNIT_SCADA",1,"2024/02/01 19:20:00","MLWF1","6.6450",NA,NA,NA
"D","DISPATCH","UNIT_SCADA",1,"2024/02/01 19:20:00","PALOONA","0",NA,NA,NA
"D","DISPATCH","UNIT_SCADA",1,"2024/02/01 19:20:00","PIONEER","-0.50",NA,NA,NA
"D","DISPATCH","UNIT_SCADA",1,"2024/02/01 19:20:00","PORTWF","64.300003",NA,NA,NA
"D","DISPATCH","UNIT_SCADA",1,"2024/02/01 19:20:00","REPULSE","2.901045",NA,NA,NA
"D","DISPATCH","UNIT_SCADA",1,"2024/02/01 19:20:00","ROWALLAN","0",NA,NA,NA
"D","DISPATCH","UNIT_SCADA",1,"2024/02/01 19:20:00","ROYALLA1","0",NA,NA,NA
"D","DISPATCH","UNIT_SCADA",1,"2024/02/01 19:20:00","RPCG","-1.70",NA,NA,NA
"D","DISPATCH","UNIT_SCADA",1,"2024/02/01 19:20:00","RUBICON","0.81",NA,NA,NA
"D","DISPATCH","UNIT_SCADA",1,"2024/02/01 19:20:00","SHOAL1","19.9750",NA,NA,NA
"D","DISPATCH","UNIT_SCADA",1,"2024/02/01 19:20:00","WAUBRAWF","134.981003",NA,NA,NA
"D","DISPATCH","UNIT_SCADA",1,"2024/02/01 19:20:00","WOOLNTH1","126.07",NA,NA,NA
"D","DISPATCH","UNIT_SCADA",1,"2024/02/01 19:20:00","YAMBUKWF","18.90",NA,NA,NA
"D","DISPATCH","UNIT_SCADA",1,"2024/02/01 19:20:00","YSWF1","22.700001",NA,NA,NA
"D","DISPATCH","UNIT_SCADA",1,"2024/02/01 19:25:00","BARCSF1","0.20",NA,NA,NA
"D","DISPATCH","UNIT_SCADA",1,"2024/02/01 19:25:00","BUTLERSG","9.099998",NA,NA,NA
"D","DISPATCH","UNIT_SCADA",1,"2024/02/01 19:25:00","BWTR1","14.5758",NA,NA,NA
"D","DISPATCH","UNIT_SCADA",1,"2024/02/01 19:25:00","CAPTL_WF","76.743355",NA,NA,NA
"D","DISPATCH","UNIT_SCADA",1,"2024/02/01 19:25:00","CHALLHWF","19.299999",NA,NA,NA
"D","DISPATCH","UNIT_SCADA",1,"2024/02/01 19:25:00","CLOVER","12.91",NA,NA,NA
"D","DISPATCH","UNIT_SCADA",1,"2024/02/01 19:25:00","CLUNY","2.252689",NA,NA,NA
"D","DISPATCH","UNIT_SCADA",1,"2024/02/01 19:25:00","CONDONG1","-0.75",NA,NA,NA
"D","DISPATCH","UNIT_SCADA",1,"2024/02/01 19:25:00","CULLRGWF","12.71",NA,NA,NA
"D","DISPATCH","UNIT_SCADA",1,"2024/02/01 19:25:00","DIAPURWF1","0",NA,NA,NA
"D","DISPATCH","UNIT_SCADA",1,"2024/02/01 19:25:00","ERGT01","0",NA,NA,NA
"D","DISPATCH","UNIT_SCADA",1,"2024/02/01 19:25:00","GB01","0",NA,NA,NA
"D","DISPATCH","UNIT_SCADA",1,"2024/02/01 19:25:00","GERMCRK","15.5220",NA,NA,NA
"D","DISPATCH","UNIT_SCADA",1,"2024/02/01 19:25:00","GRIFSF1","0",NA,NA,NA
"D","DISPATCH","UNIT_SCADA",1,"2024/02/01 19:25:00","HUGSF1","-0.0840",NA,NA,NA
"D","DISPATCH","UNIT_SCADA",1,"2024/02/01 19:25:00","KEPBG1","2.01",NA,NA,NA
"D","DISPATCH","UNIT_SCADA",1,"2024/02/01 19:25:00","LRSF1","0.0090",NA,NA,NA
"D","DISPATCH","UNIT_SCADA",1,"2024/02/01 19:25:00","MBAHNTH","50.925003",NA,NA,NA
"D","DISPATCH","UNIT_SCADA",1,"2024/02/01 19:25:00","MLSP1","0.0310",NA,NA,NA
"D","DISPATCH","UNIT_SCADA",1,"2024/02/01 19:25:00","MLWF1","8.6850",NA,NA,NA
"D","DISPATCH","UNIT_SCADA",1,"2024/02/01 19:25:00","PALOONA","0",NA,NA,NA
"D","DISPATCH","UNIT_SCADA",1,"2024/02/01 19:25:00","PIONEER","-0.50",NA,NA,NA
"D","DISPATCH","UNIT_SCADA",1,"2024/02/01 19:25:00","PORTWF","65.400002",NA,NA,NA
"D","DISPATCH","UNIT_SCADA",1,"2024/02/01 19:25:00","REPULSE","3.104906",NA,NA,NA
"D","DISPATCH","UNIT_SCADA",1,"2024/02/01 19:25:00","ROWALLAN","0",NA,NA,NA
"D","DISPATCH","UNIT_SCADA",1,"2024/02/01 19:25:00","ROYALLA1","0",NA,NA,NA
"D","DISPATCH","UNIT_SCADA",1,"2024/02/01 04:35:00","SHOAL1","11.9250",NA,NA,NA
"D","DISPATCH","UNIT_SCADA",1,"2024/02/01 04:35:00","WAUBRAWF","18.483999",NA,NA,NA
"D","DISPATCH","UNIT_SCADA",1,"2024/02/01 04:35:00","WOOLNTH1","123.599991",NA,NA,NA
"D","DISPATCH","UNIT_SCADA",1,"2024/02/01 04:35:00","YAMBUKWF","2.20",NA,NA,NA
"D","DISPATCH","UNIT_SCADA",1,"2024/02/01 04:35:00","YSWF1","4.40",NA,NA,NA
"D","DISPATCH","UNIT_SCADA",1,"2024/02/01 04:50:00","BARCSF1","0.10",NA,NA,NA
"D","DISPATCH","UNIT_SCADA",1,"2024/02/01 04:50:00","BUTLERSG","9.099998",NA,NA,NA
"D","DISPATCH","UNIT_SCADA",1,"2024/02/01 04:50:00","BWTR1","14.690120",NA,NA,NA
"D","DISPATCH","UNIT_SCADA",1,"2024/02/01 04:50:00","CAPTL_WF","0",NA,NA,NA
"D","DISPATCH","UNIT_SCADA",1,"2024/02/01 04:50:00","CHALLHWF","3.10",NA,NA,NA
"D","DISPATCH","UNIT_SCADA",1,"2024/02/01 04:50:00","CLOVER","10.07",NA,NA,NA
"D","DISPATCH","UNIT_SCADA",1,"2024/02/01 04:50:00","CLUNY","4.733806",NA,NA,NA
"D","DISPATCH","UNIT_SCADA",1,"2024/02/01 04:50:00","CONDONG1","-0.89",NA,NA,NA
"D","DISPATCH","UNIT_SCADA",1,"2024/02/01 04:50:00","CULLRGWF","3.80",NA,NA,NA
"D","DISPATCH","UNIT_SCADA",1,"2024/02/01 04:50:00","DIAPURWF1","0",NA,NA,NA
"D","DISPATCH","UNIT_SCADA",1,"2024/02/01 04:50:00","ERGT01","0",NA,NA,NA
"D","DISPATCH","UNIT_SCADA",1,"2024/02/01 04:50:00","GB01","0",NA,NA,NA
"D","DISPATCH","UNIT_SCADA",1,"2024/02/01 04:50:00","GERMCRK","15.6270",NA,NA,NA
"D","DISPATCH","UNIT_SCADA",1,"2024/02/01 04:50:00","GRIFSF1","0",NA,NA,NA
"D","DISPATCH","UNIT_SCADA",1,"2024/02/01 04:50:00","HUGSF1","-0.0490",NA,NA,NA
"D","DISPATCH","UNIT_SCADA",1,"2024/02/01 04:50:00","KEPBG1","0",NA,NA,NA
"D","DISPATCH","UNIT_SCADA",1,"2024/02/01 04:50:00","LRSF1","0.0480",NA,NA,NA
"D","DISPATCH","UNIT_SCADA",1,"2024/02/01 04:50:00","MBAHNTH","42.487503",NA,NA,NA
"D","DISPATCH","UNIT_SCADA",1,"2024/02/01 04:50:00","MLSP1","0.0140",NA,NA,NA
"D","DISPATCH","UNIT_SCADA",1,"2024/02/01 04:50:00","MLWF1","4.86",NA,NA,NA
"D","DISPATCH","UNIT_SCADA",1,"2024/02/01 04:50:00","PALOONA","0",NA,NA,NA
"D","DISPATCH","UNIT_SCADA",1,"2024/02/01 04:50:00","PIONEER","-0.40",NA,NA,NA
"D","DISPATCH","UNIT_SCADA",1,"2024/02/01 04:50:00","PORTWF","43.900002",NA,NA,NA
"D","DISPATCH","UNIT_SCADA",1,"2024/02/01 04:50:00","REPULSE","6.526589",NA,NA,NA
"D","DISPATCH","UNIT_SCADA",1,"2024/02/01 04:50:00","ROWALLAN","0",NA,NA,NA
"D","DISPATCH","UNIT_SCADA",1,"2024/02/01 04:50:00","ROYALLA1","0",NA,NA,NA
"D","DISPATCH","UNIT_SCADA",1,"2024/02/01 04:50:00","RPCG","-0.20",NA,NA,NA
"D","DISPATCH","UNIT_SCADA",1,"2024/02/01 04:50:00","RUBICON","0.72",NA,NA,NA
"D","DISPATCH","UNIT_SCADA",1,"2024/02/01 04:50:00","SHOAL1","11.9250",NA,NA,NA
"D","DISPATCH","UNIT_SCADA",1,"2024/02/01 04:50:00","WAUBRAWF","38.471001",NA,NA,NA
"D","DISPATCH","UNIT_SCADA",1,"2024/02/01 04:50:00","WOOLNTH1","118.50",NA,NA,NA
"D","DISPATCH","UNIT_SCADA",1,"2024/02/01 04:50:00","YAMBUKWF","2.20",NA,NA,NA
"D","DISPATCH","UNIT_SCADA",1,"2024/02/01 04:50:00","YSWF1","12.50",NA,NA,NA
"D","DISPATCH","UNIT_SCADA",1,"2024/02/01 04:55:00","BARCSF1","0.10",NA,NA,NA
"D","DISPATCH","UNIT_SCADA",1,"2024/02/01 04:55:00","BUTLERSG","9.099998",NA,NA,NA
"D","DISPATCH","UNIT_SCADA",1,"2024/02/01 04:55:00","BWTR1","14.690120",NA,NA,NA
"D","DISPATCH","UNIT_SCADA",1,"2024/02/01 04:55:00","CAPTL_WF","0",NA,NA,NA
"D","DISPATCH","UNIT_SCADA",1,"2024/02/01 04:55:00","CHALLHWF","4.20",NA,NA,NA
"D","DISPATCH","UNIT_SCADA",1,"2024/02/01 04:55:00","CLOVER","11.12",NA,NA,NA
"D","DISPATCH","UNIT_SCADA",1,"2024/02/01 04:55:00","CLUNY","4.677043",NA,NA,NA
"D","DISPATCH","UNIT_SCADA",1,"2024/02/01 04:55:00","CONDONG1","-0.88",NA,NA,NA
"D","DISPATCH","UNIT_SCADA",1,"2024/02/01 04:55:00","CULLRGWF","3.63",NA,NA,NA
"D","DISPATCH","UNIT_SCADA",1,"2024/02/01 04:55:00","DIAPURWF1","0",NA,NA,NA
"D","DISPATCH","UNIT_SCADA",1,"2024/02/01 04:55:00","ERGT01","0",NA,NA,NA
"D","DISPATCH","UNIT_SCADA",1,"2024/02/01 04:55:00","GB01","0",NA,NA,NA
"D","DISPATCH","UNIT_SCADA",1,"2024/02/01 04:55:00","GERMCRK","15.8690",NA,NA,NA
"D","DISPATCH","UNIT_SCADA",1,"2024/02/01 04:55:00","GRIFSF1","0",NA,NA,NA
"D","DISPATCH","UNIT_SCADA",1,"2024/02/01 04:55:00","HUGSF1","-0.0490",NA,NA,NA
"D","DISPATCH","UNIT_SCADA",1,"2024/02/01 04:55:00","KEPBG1","0",NA,NA,NA
"D","DISPATCH","UNIT_SCADA",1,"2024/02/01 04:55:00","LRSF1","0.0480",NA,NA,NA
"D","DISPATCH","UNIT_SCADA",1,"2024/02/01 04:55:00","MBAHNTH","42.225006",NA,NA,NA
"D","DISPATCH","UNIT_SCADA",1,"2024/02/01 04:55:00","MLSP1","0.0140",NA,NA,NA
"D","DISPATCH","UNIT_SCADA",1,"2024/02/01 04:55:00","MLWF1","4.38",NA,NA,NA
"D","DISPATCH","UNIT_SCADA",1,"2024/02/01 04:55:00","PALOONA","0",NA,NA,NA
"D","DISPATCH","UNIT_SCADA",1,"2024/02/01 04:55:00","PIONEER","-0.40",NA,NA,NA
"D","DISPATCH","UNIT_SCADA",1,"2024/02/01 04:55:00","PORTWF","45.700001",NA,NA,NA
"D","DISPATCH","UNIT_SCADA",1,"2024/02/01 04:55:00","REPULSE","6.730449",NA,NA,NA
"D","DISPATCH","UNIT_SCADA",1,"2024/02/01 04:55:00","ROWALLAN","0",NA,NA,NA
"D","DISPATCH","UNIT_SCADA",1,"2024/02/01 04:55:00","ROYALLA1","0",NA,NA,NA
"D","DISPATCH","UNIT_SCADA",1,"2024/02/01 04:55:00","RPCG","-0.20",NA,NA,NA
"D","DISPATCH","UNIT_SCADA",1,"2024/02/01 04:55:00","RUBICON","0.72",NA,NA,NA
"D","DISPATCH","UNIT_SCADA",1,"2024/02/01 04:55:00","SHOAL1","11.9250",NA,NA,NA
"D","DISPATCH","UNIT_SCADA",1,"2024/02/01 04:55:00","WAUBRAWF","45.134998",NA,NA,NA
"D","DISPATCH","UNIT_SCADA",1,"2024/02/01 04:55:00","WOOLNTH1","114.829994",NA,NA,NA
"D","DISPATCH","UNIT_SCADA",1,"2024/02/01 04:55:00","YAMBUKWF","2.40",NA,NA,NA
"D","DISPATCH","UNIT_SCADA",1,"2024/02/01 04:55:00","YSWF1","13.60",NA,NA,NA
"D","DISPATCH","UNIT_SCADA",1,"2024/02/01 05:00:00","BARCSF1","0.10",NA,NA,NA
"D","DISPATCH","UNIT_SCADA",1,"2024/02/01 05:00:00","BUTLERSG","9.099998",NA,NA,NA
"D","DISPATCH","UNIT_SCADA",1,"2024/02/01 05:00:00","BWTR1","14.690120",NA,NA,NA
"D","DISPATCH","UNIT_SCADA",1,"2024/02/01 05:00:00","CAPTL_WF","0",NA,NA,NA
"D","DISPATCH","UNIT_SCADA",1,"2024/02/01 05:00:00","CHALLHWF","4.90",NA,NA,NA
"D","DISPATCH","UNIT_SCADA",1,"2024/02/01 05:00:00","CLOVER","23.02",NA,NA,NA
"D","DISPATCH","UNIT_SCADA",1,"2024/02/01 05:00:00","CLUNY","4.776837",NA,NA,NA
"D","DISPATCH","UNIT_SCADA",1,"2024/02/01 05:00:00","CONDONG1","-0.87",NA,NA,NA
"D","DISPATCH","UNIT_SCADA",1,"2024/02/01 05:00:00","CULLRGWF","3.59",NA,NA,NA
"D","DISPATCH","UNIT_SCADA",1,"2024/02/01 05:00:00","DIAPURWF1","0",NA,NA,NA
"D","DISPATCH","UNIT_SCADA",1,"2024/02/01 05:00:00","ERGT01","0",NA,NA,NA
"D","DISPATCH","UNIT_SCADA",1,"2024/02/01 05:00:00","GB01","0",NA,NA,NA
"D","DISPATCH","UNIT_SCADA",1,"2024/02/01 05:00:00","GERMCRK","16.084999",NA,NA,NA
"D","DISPATCH","UNIT_SCADA",1,"2024/02/01 05:00:00","GRIFSF1","0",NA,NA,NA
"D","DISPATCH","UNIT_SCADA",1,"2024/02/01 05:00:00","HUGSF1","-0.0490",NA,NA,NA
"D","DISPATCH","UNIT_SCADA",1,"2024/02/01 05:00:00","KEPBG1","0",NA,NA,NA
"D","DISPATCH","UNIT_SCADA",1,"2024/02/01 05:00:00","LRSF1","0.0480",NA,NA,NA
"D","DISPATCH","UNIT_SCADA",1,"2024/02/01 05:00:00","MBAHNTH","42.412491",NA,NA,NA
"D","DISPATCH","UNIT_SCADA",1,"2024/02/01 05:00:00","MLSP1","0.0140",NA,NA,NA
"D","DISPATCH","UNIT_SCADA",1,"2024/02/01 05:00:00","MLWF1","4.0350",NA,NA,NA
"D","DISPATCH","UNIT_SCADA",1,"2024/02/01 05:00:00","PALOONA","0",NA,NA,NA
"D","DISPATCH","UNIT_SCADA",1,"2024/02/01 05:00:00","PIONEER","-0.40",NA,NA,NA
"D","DISPATCH","UNIT_SCADA",1,"2024/02/01 05:00:00","PORTWF","50.799999",NA,NA,NA
"D","DISPATCH","UNIT_SCADA",1,"2024/02/01 05:00:00","REPULSE","6.857404",NA,NA,NA
"D","DISPATCH","UNIT_SCADA",1,"2024/02/01 05:00:00","ROWALLAN","0",NA,NA,NA
"D","DISPATCH","UNIT_SCADA",1,"2024/02/01 05:00:00","ROYALLA1","0",NA,NA,NA
"D","DISPATCH","UNIT_SCADA",1,"2024/02/01 05:00:00","RPCG","-0.20",NA,NA,NA
"D","DISPATCH","UNIT_SCADA",1,"2024/02/01 05:00:00","RUBICON","0.72",NA,NA,NA
"D","DISPATCH","UNIT_SCADA",1,"2024/02/01 05:00:00","SHOAL1","11.9250",NA,NA,NA
"D","DISPATCH","UNIT_SCADA",1,"2024/02/01 05:00:00","WAUBRAWF","51.717999",NA,NA,NA
"D","DISPATCH","UNIT_SCADA",1,"2024/02/01 05:00:00","WOOLNTH1","114.720001",NA,NA,NA
"D","DISPATCH","UNIT_SCADA",1,"2024/02/01 05:00:00","YAMBUKWF","2.80",NA,NA,NA
"D","DISPATCH","UNIT_SCADA",1,"2024/02/01 05:00:00","YSWF1","14.70",NA,NA,NA
"D","DISPATCH","UNIT_SCADA",1,"2024/02/01 05:15:00","BARCSF1","0.10",NA,NA,NA
"D","DISPATCH","UNIT_SCADA",1,"2024/02/01 05:15:00","BUTLERSG","9.099998",NA,NA,NA
"D","DISPATCH","UNIT_SCADA",1,"2024/02/01 05:15:00","BWTR1","14.690120",NA,NA,NA
"D","DISPATCH","UNIT_SCADA",1,"2024/02/01 05:15:00","CAPTL_WF","0",NA,NA,NA
"D","DISPATCH","UNIT_SCADA",1,"2024/02/01 05:15:00","CLOVER","23.990002",NA,NA,NA
"D","DISPATCH","UNIT_SCADA",1,"2024/02/01 05:15:00","CLUNY","4.814374",NA,NA,NA
"D","DISPATCH","UNIT_SCADA",1,"2024/02/01 05:15:00","CONDONG1","-0.97",NA,NA,NA
"D","DISPATCH","UNIT_SCADA",1,"2024/02/01 05:15:00","CULLRGWF","3.60",NA,NA,NA
"D","DISPATCH","UNIT_SCADA",1,"2024/02/01 05:15:00","DIAPURWF1","0",NA,NA,NA
"D","DISPATCH","UNIT_SCADA",1,"2024/02/01 05:15:00","ERGT01","0",NA,NA,NA
"D","DISPATCH","UNIT_SCADA",1,"2024/02/01 05:15:00","GB01","0",NA,NA,NA
"D","DISPATCH","UNIT_SCADA",1,"2024/02/01 05:15:00","GERMCRK","11.2430",NA,NA,NA
"D","DISPATCH","UNIT_SCADA",1,"2024/02/01 05:15:00","GRIFSF1","0",NA,NA,NA
"D","DISPATCH","UNIT_SCADA",1,"2024/02/01 05:15:00","HUGSF1","-0.0490",NA,NA,NA
"D","DISPATCH","UNIT_SCADA",1,"2024/02/01 05:15:00","KEPBG1","0",NA,NA,NA
"D","DISPATCH","UNIT_SCADA",1,"2024/02/01 05:15:00","LRSF1","0.0480",NA,NA,NA
"D","DISPATCH","UNIT_SCADA",1,"2024/02/01 05:15:00","MBAHNTH","42.356247",NA,NA,NA
"D","DISPATCH","UNIT_SCADA",1,"2024/02/01 05:15:00","MLSP1","0.0140",NA,NA,NA
"D","DISPATCH","UNIT_SCADA",1,"2024/02/01 05:15:00","MLWF1","2.5350",NA,NA,NA
"D","DISPATCH","UNIT_SCADA",1,"2024/02/01 05:15:00","PALOONA","0",NA,NA,NA
"D","DISPATCH","UNIT_SCADA",1,"2024/02/01 05:15:00","PIONEER","-0.60",NA,NA,NA
"D","DISPATCH","UNIT_SCADA",1,"2024/02/01 05:15:00","PORTWF","54.299999",NA,NA,NA
"D","DISPATCH","UNIT_SCADA",1,"2024/02/01 05:15:00","REPULSE","7.091783",NA,NA,NA
"D","DISPATCH","UNIT_SCADA",1,"2024/02/01 05:15:00","ROWALLAN","0",NA,NA,NA
"D","DISPATCH","UNIT_SCADA",1,"2024/02/01 05:15:00","ROYALLA1","0",NA,NA,NA
"D","DISPATCH","UNIT_SCADA",1,"2024/02/01 05:15:00","RPCG","-0.20",NA,NA,NA
"D","DISPATCH","UNIT_SCADA",1,"2024/02/01 05:15:00","RUBICON","0.72",NA,NA,NA
"D","DISPATCH","UNIT_SCADA",1,"2024/02/01 05:15:00","SHOAL1","11.9250",NA,NA,NA
"D","DISPATCH","UNIT_SCADA",1,"2024/02/01 05:15:00","WAUBRAWF","78.353996",NA,NA,NA
"D","DISPATCH","UNIT_SCADA",1,"2024/02/01 05:15:00","WOOLNTH1","113.300003",NA,NA,NA
"D","DISPATCH","UNIT_SCADA",1,"2024/02/01 05:15:00","YAMBUKWF","3.10",NA,NA,NA
"D","DISPATCH","UNIT_SCADA",1,"2024/02/01 05:15:00","YSWF1","14",NA,NA,NA
"D","DISPATCH","UNIT_SCADA",1,"2024/02/01 05:20:00","BARCSF1","0.10",NA,NA,NA
"D","DISPATCH","UNIT_SCADA",1,"2024/02/01 05:20:00","BUTLERSG","9.099998",NA,NA,NA
"D","DISPATCH","UNIT_SCADA",1,"2024/02/01 05:20:00","BWTR1","14.690120",NA,NA,NA
"D","DISPATCH","UNIT_SCADA",1,"2024/02/01 05:20:00","CAPTL_WF","0",NA,NA,NA
"D","DISPATCH","UNIT_SCADA",1,"2024/02/01 05:20:00","CHALLHWF","5.50",NA,NA,NA
"D","DISPATCH","UNIT_SCADA",1,"2024/02/01 05:20:00","CLOVER","24.110001",NA,NA,NA
"D","DISPATCH","UNIT_SCADA",1,"2024/02/01 05:20:00","CLUNY","4.738384",NA,NA,NA
"D","DISPATCH","UNIT_SCADA",1,"2024/02/01 05:20:00","CONDONG1","-0.97",NA,NA,NA
"D","DISPATCH","UNIT_SCADA",1,"2024/02/01 05:20:00","CULLRGWF","3.63",NA,NA,NA
"D","DISPATCH","UNIT_SCADA",1,"2024/02/01 05:20:00","DIAPURWF1","0",NA,NA,NA
"D","DISPATCH","UNIT_SCADA",1,"2024/02/01 05:20:00","ERGT01","0",NA,NA,NA
"D","DISPATCH","UNIT_SCADA",1,"2024/02/01 05:20:00","GB01","0",NA,NA,NA
"D","DISPATCH","UNIT_SCADA",1,"2024/02/01 05:20:00","GERMCRK","8.4450",NA,NA,NA
"D","DISPATCH","UNIT_SCADA",1,"2024/02/01 05:20:00","GRIFSF1","0",NA,NA,NA
"D","DISPATCH","UNIT_SCADA",1,"2024/02/01 05:20:00","HUGSF1","-0.0490",NA,NA,NA
"D","DISPATCH","UNIT_SCADA",1,"2024/02/01 05:20:00","KEPBG1","0",NA,NA,NA
"D","DISPATCH","UNIT_SCADA",1,"2024/02/01 05:20:00","LRSF1","0.0480",NA,NA,NA
"D","DISPATCH","UNIT_SCADA",1,"2024/02/01 05:20:00","MBAHNTH","42.300003",NA,NA,NA
"D","DISPATCH","UNIT_SCADA",1,"2024/02/01 05:20:00","MLSP1","0.0140",NA,NA,NA
"D","DISPATCH","UNIT_SCADA",1,"2024/02/01 05:20:00","MLWF1","2.5050",NA,NA,NA
"D","DISPATCH","UNIT_SCADA",1,"2024/02/01 05:20:00","PALOONA","0",NA,NA,NA
"D","DISPATCH","UNIT_SCADA",1,"2024/02/01 05:20:00","PIONEER","-0.60",NA,NA,NA
"D","DISPATCH","UNIT_SCADA",1,"2024/02/01 05:20:00","PORTWF","57",NA,NA,NA
"D","DISPATCH","UNIT_SCADA",1,"2024/02/01 05:20:00","REPULSE","7.047837",NA,NA,NA
"D","DISPATCH","UNIT_SCADA",1,"2024/02/01 05:20:00","ROWALLAN","0",NA,NA,NA
"D","DISPATCH","UNIT_SCADA",1,"2024/02/01 05:20:00","ROYALLA1","0",NA,NA,NA
"D","DISPATCH","UNIT_SCADA",1,"2024/02/01 05:20:00","RPCG","-0.20",NA,NA,NA
"D","DISPATCH","UNIT_SCADA",1,"2024/02/01 05:20:00","RUBICON","0.72",NA,NA,NA
"D","DISPATCH","UNIT_SCADA",1,"2024/02/01 05:20:00","SHOAL1","11.9250",NA,NA,NA
"D","DISPATCH","UNIT_SCADA",1,"2024/02/01 05:20:00","WAUBRAWF","79.981003",NA,NA,NA
"D","DISPATCH","UNIT_SCADA",1,"2024/02/01 05:20:00","WOOLNTH1","117.50",NA,NA,NA
"D","DISPATCH","UNIT_SCADA",1,"2024/02/01 05:20:00","YAMBUKWF","2.90",NA,NA,NA
"D","DISPATCH","UNIT_SCADA",1,"2024/02/01 05:20:00","YSWF1","12.50",NA,NA,NA
"D","DISPATCH","UNIT_SCADA",1,"2024/02/01 05:40:00","BARCSF1","0.10",NA,NA,NA
"D","DISPATCH","UNIT_SCADA",1,"2024/02/01 05:40:00","BUTLERSG","9.099998",NA,NA,NA
"D","DISPATCH","UNIT_SCADA",1,"2024/02/01 05:40:00","BWTR1","15.376040",NA,NA,NA
"D","DISPATCH","UNIT_SCADA",1,"2024/02/01 05:40:00","CAPTL_WF","0",NA,NA,NA
"D","DISPATCH","UNIT_SCADA",1,"2024/02/01 05:40:00","CHALLHWF","4",NA,NA,NA
"D","DISPATCH","UNIT_SCADA",1,"2024/02/01 05:40:00","CLOVER","24.01",NA,NA,NA
"D","DISPATCH","UNIT_SCADA",1,"2024/02/01 05:40:00","CLUNY","4.729228",NA,NA,NA
"D","DISPATCH","UNIT_SCADA",1,"2024/02/01 05:40:00","CONDONG1","-1",NA,NA,NA
"D","DISPATCH","UNIT_SCADA",1,"2024/02/01 05:40:00","CULLRGWF","3.91",NA,NA,NA
"D","DISPATCH","UNIT_SCADA",1,"2024/02/01 05:40:00","DIAPURWF1","0",NA,NA,NA
"D","DISPATCH","UNIT_SCADA",1,"2024/02/01 05:40:00","ERGT01","0",NA,NA,NA
"D","DISPATCH","UNIT_SCADA",1,"2024/02/01 05:40:00","GB01","0",NA,NA,NA
"D","DISPATCH","UNIT_SCADA",1,"2024/02/01 05:40:00","GERMCRK","15.2390",NA,NA,NA
"D","DISPATCH","UNIT_SCADA",1,"2024/02/01 05:40:00","GRIFSF1","0",NA,NA,NA
"D","DISPATCH","UNIT_SCADA",1,"2024/02/01 05:40:00","HUGSF1","-0.0490",NA,NA,NA
"D","DISPATCH","UNIT_SCADA",1,"2024/02/01 05:40:00","KEPBG1","0",NA,NA,NA
"D","DISPATCH","UNIT_SCADA",1,"2024/02/01 05:40:00","LRSF1","0.0480",NA,NA,NA
"D","DISPATCH","UNIT_SCADA",1,"2024/02/01 05:40:00","MBAHNTH","42.3750",NA,NA,NA
"D","DISPATCH","UNIT_SCADA",1,"2024/02/01 05:40:00","MLSP1","0.0140",NA,NA,NA
"D","DISPATCH","UNIT_SCADA",1,"2024/02/01 05:40:00","PALOONA","0",NA,NA,NA
"D","DISPATCH","UNIT_SCADA",1,"2024/02/01 05:40:00","PIONEER","-0.60",NA,NA,NA
"D","DISPATCH","UNIT_SCADA",1,"2024/02/01 05:40:00","PORTWF","60.200001",NA,NA,NA
"D","DISPATCH","UNIT_SCADA",1,"2024/02/01 05:40:00","REPULSE","6.958724",NA,NA,NA
"D","DISPATCH","UNIT_SCADA",1,"2024/02/01 05:40:00","ROWALLAN","0",NA,NA,NA
"D","DISPATCH","UNIT_SCADA",1,"2024/02/01 05:40:00","ROYALLA1","0",NA,NA,NA
"D","DISPATCH","UNIT_SCADA",1,"2024/02/01 05:40:00","RPCG","-0.20",NA,NA,NA
"D","DISPATCH","UNIT_SCADA",1,"2024/02/01 05:40:00","RUBICON","0.72",NA,NA,NA
"D","DISPATCH","UNIT_SCADA",1,"2024/02/01 05:40:00","SHOAL1","11.9250",NA,NA,NA
"D","DISPATCH","UNIT_SCADA",1,"2024/02/01 05:40:00","WAUBRAWF","47.436001",NA,NA,NA
"D","DISPATCH","UNIT_SCADA",1,"2024/02/01 05:40:00","WOOLNTH1","119.369995",NA,NA,NA
"D","DISPATCH","UNIT_SCADA",1,"2024/02/01 05:40:00","YAMBUKWF","3.70",NA,NA,NA
"D","DISPATCH","UNIT_SCADA",1,"2024/02/01 05:40:00","YSWF1","12.60",NA,NA,NA
"D","DISPATCH","UNIT_SCADA",1,"2024/02/01 05:45:00","BARCSF1","0.10",NA,NA,NA
"D","DISPATCH","UNIT_SCADA",1,"2024/02/01 05:45:00","BUTLERSG","9.099998",NA,NA,NA
"D","DISPATCH","UNIT_SCADA",1,"2024/02/01 05:45:00","BWTR1","15.376040",NA,NA,NA
"D","DISPATCH","UNIT_SCADA",1,"2024/02/01 05:45:00","CAPTL_WF","0",NA,NA,NA
"D","DISPATCH","UNIT_SCADA",1,"2024/02/01 05:45:00","CHALLHWF","6.20",NA,NA,NA
"D","DISPATCH","UNIT_SCADA",1,"2024/02/01 05:45:00","CLOVER","23.879999",NA,NA,NA
"D","DISPATCH","UNIT_SCADA",1,"2024/02/01 05:45:00","CLUNY","4.719158",NA,NA,NA
"D","DISPATCH","UNIT_SCADA",1,"2024/02/01 05:45:00","CONDONG1","-0.90",NA,NA,NA
"D","DISPATCH","UNIT_SCADA",1,"2024/02/01 05:45:00","CULLRGWF","3.54",NA,NA,NA
"D","DISPATCH","UNIT_SCADA",1,"2024/02/01 05:45:00","DIAPURWF1","0",NA,NA,NA
"D","DISPATCH","UNIT_SCADA",1,"2024/02/01 05:45:00","ERGT01","0",NA,NA,NA
"D","DISPATCH","UNIT_SCADA",1,"2024/02/01 05:45:00","GB01","0",NA,NA,NA
"D","DISPATCH","UNIT_SCADA",1,"2024/02/01 05:45:00","GERMCRK","16.0270",NA,NA,NA
"D","DISPATCH","UNIT_SCADA",1,"2024/02/01 05:45:00","GRIFSF1","0",NA,NA,NA
"D","DISPATCH","UNIT_SCADA",1,"2024/02/01 05:45:00","HUGSF1","-0.0490",NA,NA,NA
"D","DISPATCH","UNIT_SCADA",1,"2024/02/01 05:45:00","KEPBG1","0",NA,NA,NA
"D","DISPATCH","UNIT_SCADA",1,"2024/02/01 05:45:00","LRSF1","0.0480",NA,NA,NA
"D","DISPATCH","UNIT_SCADA",1,"2024/02/01 05:45:00","MBAHNTH","42.543747",NA,NA,NA
"D","DISPATCH","UNIT_SCADA",1,"2024/02/01 05:45:00","MLSP1","0.0140",NA,NA,NA
"D","DISPATCH","UNIT_SCADA",1,"2024/02/01 05:45:00","PALOONA","0",NA,NA,NA
"D","DISPATCH","UNIT_SCADA",1,"2024/02/01 05:45:00","PIONEER","-0.60",NA,NA,NA
"D","DISPATCH","UNIT_SCADA",1,"2024/02/01 05:45:00","PORTWF","55.799999",NA,NA,NA
"D","DISPATCH","UNIT_SCADA",1,"2024/02/01 05:45:00","REPULSE","6.819562",NA,NA,NA
"D","DISPATCH","UNIT_SCADA",1,"2024/02/01 05:45:00","ROWALLAN","0",NA,NA,NA
"D","DISPATCH","UNIT_SCADA",1,"2024/02/01 05:45:00","ROYALLA1","0",NA,NA,NA
"D","DISPATCH","UNIT_SCADA",1,"2024/02/01 05:45:00","RPCG","-0.20",NA,NA,NA
"D","DISPATCH","UNIT_SCADA",1,"2024/02/01 05:45:00","RUBICON","0.72",NA,NA,NA
"D","DISPATCH","UNIT_SCADA",1,"2024/02/01 05:45:00","SHOAL1","11.9250",NA,NA,NA
"D","DISPATCH","UNIT_SCADA",1,"2024/02/01 05:45:00","WAUBRAWF","55.148998",NA,NA,NA
"D","DISPATCH","UNIT_SCADA",1,"2024/02/01 05:45:00","WOOLNTH1","121",NA,NA,NA
"D","DISPATCH","UNIT_SCADA",1,"2024/02/01 05:45:00","YAMBUKWF","3.80",NA,NA,NA
"D","DISPATCH","UNIT_SCADA",1,"2024/02/01 05:45:00","YSWF1","10.80",NA,NA,NA
"D","DISPATCH","UNIT_SCADA",1,"2024/02/01 05:50:00","BARCSF1","0.10",NA,NA,NA
"D","DISPATCH","UNIT_SCADA",1,"2024/02/01 05:50:00","BUTLERSG","9.099998",NA,NA,NA
"D","DISPATCH","UNIT_SCADA",1,"2024/02/01 05:50:00","BWTR1","15.376040",NA,NA,NA
"D","DISPATCH","UNIT_SCADA",1,"2024/02/01 05:50:00","CAPTL_WF","0",NA,NA,NA
"D","DISPATCH","UNIT_SCADA",1,"2024/02/01 05:50:00","CHALLHWF","7.10",NA,NA,NA
"D","DISPATCH","UNIT_SCADA",1,"2024/02/01 05:50:00","CLOVER","23.77",NA,NA,NA
"D","DISPATCH","UNIT_SCADA",1,"2024/02/01 05:50:00","CLUNY","4.766766",NA,NA,NA
"D","DISPATCH","UNIT_SCADA",1,"2024/02/01 05:50:00","CONDONG1","-0.91",NA,NA,NA
"D","DISPATCH","UNIT_SCADA",1,"2024/02/01 05:50:00","CULLRGWF","4.42",NA,NA,NA
"D","DISPATCH","UNIT_SCADA",1,"2024/02/01 05:50:00","DIAPURWF1","0",NA,NA,NA
"D","DISPATCH","UNIT_SCADA",1,"2024/02/01 05:50:00","ERGT01","0",NA,NA,NA
"D","DISPATCH","UNIT_SCADA",1,"2024/02/01 05:50:00","GB01","0",NA,NA,NA
"D","DISPATCH","UNIT_SCADA",1,"2024/02/01 05:50:00","GERMCRK","8.1930",NA,NA,NA
"D","DISPATCH","UNIT_SCADA",1,"2024/02/01 05:50:00","GRIFSF1","0.157406",NA,NA,NA
"D","DISPATCH","UNIT_SCADA",1,"2024/02/01 05:50:00","HUGSF1","-0.0490",NA,NA,NA
"D","DISPATCH","UNIT_SCADA",1,"2024/02/01 05:50:00","KEPBG1","0",NA,NA,NA
"D","DISPATCH","UNIT_SCADA",1,"2024/02/01 05:50:00","LRSF1","0.0480",NA,NA,NA
"D","DISPATCH","UNIT_SCADA",1,"2024/02/01 05:50:00","MBAHNTH","42.600006",NA,NA,NA
"D","DISPATCH","UNIT_SCADA",1,"2024/02/01 05:50:00","MLSP1","0.0140",NA,NA,NA
"D","DISPATCH","UNIT_SCADA",1,"2024/02/01 05:50:00","PALOONA","0",NA,NA,NA
"D","DISPATCH","UNIT_SCADA",1,"2024/02/01 05:50:00","PIONEER","-0.60",NA,NA,NA
"D","DISPATCH","UNIT_SCADA",1,"2024/02/01 05:50:00","PORTWF","54",NA,NA,NA
"D","DISPATCH","UNIT_SCADA",1,"2024/02/01 05:50:00","REPULSE","7.028306",NA,NA,NA
"D","DISPATCH","UNIT_SCADA",1,"2024/02/01 05:50:00","ROWALLAN","0",NA,NA,NA
"D","DISPATCH","UNIT_SCADA",1,"2024/02/01 05:50:00","ROYALLA1","0.1040",NA,NA,NA
"D","DISPATCH","UNIT_SCADA",1,"2024/02/01 05:50:00","RPCG","-0.20",NA,NA,NA
"D","DISPATCH","UNIT_SCADA",1,"2024/02/01 05:50:00","RUBICON","0.72",NA,NA,NA
"D","DISPATCH","UNIT_SCADA",1,"2024/02/01 05:50:00","SHOAL1","11.95",NA,NA,NA
"D","DISPATCH","UNIT_SCADA",1,"2024/02/01 05:50:00","WAUBRAWF","63.644001",NA,NA,NA
"D","DISPATCH","UNIT_SCADA",1,"2024/02/01 05:50:00","WOOLNTH1","122.089996",NA,NA,NA
"D","DISPATCH","UNIT_SCADA",1,"2024/02/01 05:50:00","YAMBUKWF","2.80",NA,NA,NA
"D","DISPATCH","UNIT_SCADA",1,"2024/02/01 05:50:00","YSWF1","10.60",NA,NA,NA
"D","DISPATCH","UNIT_SCADA",1,"2024/02/01 05:55:00","BARCSF1","0.10",NA,NA,NA
"D","DISPATCH","UNIT_SCADA",1,"2024/02/01 05:55:00","BUTLERSG","9.099998",NA,NA,NA
"D","DISPATCH","UNIT_SCADA",1,"2024/02/01 05:55:00","BWTR1","15.376040",NA,NA,NA
"D","DISPATCH","UNIT_SCADA",1,"2024/02/01 05:55:00","CAPTL_WF","0",NA,NA,NA
"D","DISPATCH","UNIT_SCADA",1,"2024/02/01 05:55:00","CHALLHWF","6.10",NA,NA,NA
"D","DISPATCH","UNIT_SCADA",1,"2024/02/01 05:55:00","CLOVER","23.84",NA,NA,NA
"D","DISPATCH","UNIT_SCADA",1,"2024/02/01 05:55:00","CLUNY","4.686198",NA,NA,NA
"D","DISPATCH","UNIT_SCADA",1,"2024/02/01 05:55:00","CONDONG1","-0.90",NA,NA,NA
"D","DISPATCH","UNIT_SCADA",1,"2024/02/01 05:55:00","CULLRGWF","4.35",NA,NA,NA
"D","DISPATCH","UNIT_SCADA",1,"2024/02/01 05:55:00","DIAPURWF1","0",NA,NA,NA
"D","DISPATCH","UNIT_SCADA",1,"2024/02/01 05:55:00","ERGT01","0",NA,NA,NA
"D","DISPATCH","UNIT_SCADA",1,"2024/02/01 05:55:00","GB01","0",NA,NA,NA
"D","DISPATCH","UNIT_SCADA",1,"2024/02/01 05:55:00","GERMCRK","6.1590",NA,NA,NA
"D","DISPATCH","UNIT_SCADA",1,"2024/02/01 05:55:00","GRIFSF1","0.308214",NA,NA,NA
"D","DISPATCH","UNIT_SCADA",1,"2024/02/01 05:55:00","HUGSF1","-0.0490",NA,NA,NA
"D","DISPATCH","UNIT_SCADA",1,"2024/02/01 05:55:00","KEPBG1","0",NA,NA,NA
"D","DISPATCH","UNIT_SCADA",1,"2024/02/01 05:55:00","LRSF1","0.0480",NA,NA,NA
"D","DISPATCH","UNIT_SCADA",1,"2024/02/01 05:55:00","MBAHNTH","42.487503",NA,NA,NA
"D","DISPATCH","UNIT_SCADA",1,"2024/02/01 05:55:00","MLSP1","0.1720",NA,NA,NA
"D","DISPATCH","UNIT_SCADA",1,"2024/02/01 05:55:00","PALOONA","0",NA,NA,NA
"D","DISPATCH","UNIT_SCADA",1,"2024/02/01 05:55:00","PIONEER","-0.60",NA,NA,NA
"D","DISPATCH","UNIT_SCADA",1,"2024/02/01 05:55:00","PORTWF","58",NA,NA,NA
"D","DISPATCH","UNIT_SCADA",1,"2024/02/01 05:55:00","REPULSE","6.825665",NA,NA,NA
"D","DISPATCH","UNIT_SCADA",1,"2024/02/01 05:55:00","ROWALLAN","0",NA,NA,NA
"D","DISPATCH","UNIT_SCADA",1,"2024/02/01 05:55:00","ROYALLA1","0.2080",NA,NA,NA
"D","DISPATCH","UNIT_SCADA",1,"2024/02/01 05:55:00","RPCG","-0.20",NA,NA,NA
"D","DISPATCH","UNIT_SCADA",1,"2024/02/01 05:55:00","RUBICON","0.72",NA,NA,NA
"D","DISPATCH","UNIT_SCADA",1,"2024/02/01 05:55:00","SHOAL1","11.95",NA,NA,NA
"D","DISPATCH","UNIT_SCADA",1,"2024/02/01 05:55:00","WAUBRAWF","70.896004",NA,NA,NA
"D","DISPATCH","UNIT_SCADA",1,"2024/02/01 16:20:00","WAUBRAWF","0",NA,NA,NA
"D","DISPATCH","UNIT_SCADA",1,"2024/02/01 16:20:00","WOOLNTH1","128.699997",NA,NA,NA
"D","DISPATCH","UNIT_SCADA",1,"2024/02/01 16:20:00","YAMBUKWF","21.60",NA,NA,NA
"D","DISPATCH","UNIT_SCADA",1,"2024/02/01 16:20:00","YSWF1","16.40",NA,NA,NA
"D","DISPATCH","UNIT_SCADA",1,"2024/02/01 16:25:00","BARCSF1","13.200001",NA,NA,NA
"D","DISPATCH","UNIT_SCADA",1,"2024/02/01 16:25:00","BUTLERSG","9.099998",NA,NA,NA
"D","DISPATCH","UNIT_SCADA",1,"2024/02/01 16:25:00","BWTR1","15.090240",NA,NA,NA
"D","DISPATCH","UNIT_SCADA",1,"2024/02/01 16:25:00","CAPTL_WF","50.723431",NA,NA,NA
"D","DISPATCH","UNIT_SCADA",1,"2024/02/01 16:25:00","CHALLHWF","18.400002",NA,NA,NA
"D","DISPATCH","UNIT_SCADA",1,"2024/02/01 16:25:00","CLOVER","-0.01",NA,NA,NA
"D","DISPATCH","UNIT_SCADA",1,"2024/02/01 16:25:00","CLUNY","2.219730",NA,NA,NA
"D","DISPATCH","UNIT_SCADA",1,"2024/02/01 16:25:00","CONDONG1","-0.81",NA,NA,NA
"D","DISPATCH","UNIT_SCADA",1,"2024/02/01 16:25:00","CULLRGWF","0",NA,NA,NA
"D","DISPATCH","UNIT_SCADA",1,"2024/02/01 16:25:00","DIAPURWF1","0",NA,NA,NA
"D","DISPATCH","UNIT_SCADA",1,"2024/02/01 16:25:00","ERGT01","0",NA,NA,NA
"D","DISPATCH","UNIT_SCADA",1,"2024/02/01 16:25:00","GB01","0",NA,NA,NA
"D","DISPATCH","UNIT_SCADA",1,"2024/02/01 16:25:00","GERMCRK","16.198999",NA,NA,NA
"D","DISPATCH","UNIT_SCADA",1,"2024/02/01 16:25:00","GRIFSF1","27.012535",NA,NA,NA
"D","DISPATCH","UNIT_SCADA",1,"2024/02/01 16:25:00","HUGSF1","3.8940",NA,NA,NA
"D","DISPATCH","UNIT_SCADA",1,"2024/02/01 16:25:00","KEPBG1","0",NA,NA,NA
"D","DISPATCH","UNIT_SCADA",1,"2024/02/01 16:25:00","LRSF1","9.9670",NA,NA,NA
"D","DISPATCH","UNIT_SCADA",1,"2024/02/01 16:25:00","MBAHNTH","51.768753",NA,NA,NA
"D","DISPATCH","UNIT_SCADA",1,"2024/02/01 16:25:00","MLSP1","5.9530",NA,NA,NA
"D","DISPATCH","UNIT_SCADA",1,"2024/02/01 16:25:00","MLWF1","16.244999",NA,NA,NA
"D","DISPATCH","UNIT_SCADA",1,"2024/02/01 16:25:00","PALOONA","9.969999",NA,NA,NA
"D","DISPATCH","UNIT_SCADA",1,"2024/02/01 16:25:00","PIONEER","-0.60",NA,NA,NA
"D","DISPATCH","UNIT_SCADA",1,"2024/02/01 16:25:00","PORTWF","114.699997",NA,NA,NA
"D","DISPATCH","UNIT_SCADA",1,"2024/02/01 16:25:00","REPULSE","3.218433",NA,NA,NA
"D","DISPATCH","UNIT_SCADA",1,"2024/02/01 16:25:00","ROWALLAN","0",NA,NA,NA
"D","DISPATCH","UNIT_SCADA",1,"2024/02/01 16:25:00","ROYALLA1","8.315001",NA,NA,NA
"D","DISPATCH","UNIT_SCADA",1,"2024/02/01 16:25:00","RPCG","-1.60",NA,NA,NA
"D","DISPATCH","UNIT_SCADA",1,"2024/02/01 16:25:00","RUBICON","0.81",NA,NA,NA
"D","DISPATCH","UNIT_SCADA",1,"2024/02/01 16:25:00","SHOAL1","19.950001",NA,NA,NA
"D","DISPATCH","UNIT_SCADA",1,"2024/02/01 16:25:00","WAUBRAWF","0",NA,NA,NA
"D","DISPATCH","UNIT_SCADA",1,"2024/02/01 16:25:00","WOOLNTH1","129.009995",NA,NA,NA
"D","DISPATCH","UNIT_SCADA",1,"2024/02/01 16:25:00","YAMBUKWF","22.50",NA,NA,NA
"D","DISPATCH","UNIT_SCADA",1,"2024/02/01 16:25:00","YSWF1","21.40",NA,NA,NA
"D","DISPATCH","UNIT_SCADA",1,"2024/02/01 16:30:00","BARCSF1","13.200001",NA,NA,NA
"D","DISPATCH","UNIT_SCADA",1,"2024/02/01 16:30:00","BUTLERSG","9.099998",NA,NA,NA
"D","DISPATCH","UNIT_SCADA",1,"2024/02/01 16:30:00","BWTR1","15.090240",NA,NA,NA
"D","DISPATCH","UNIT_SCADA",1,"2024/02/01 16:30:00","CAPTL_WF","50.594521",NA,NA,NA
"D","DISPATCH","UNIT_SCADA",1,"2024/02/01 16:30:00","CHALLHWF","17.700001",NA,NA,NA
"D","DISPATCH","UNIT_SCADA",1,"2024/02/01 16:30:00","CLOVER","-0.01",NA,NA,NA
"D","DISPATCH","UNIT_SCADA",1,"2024/02/01 16:30:00","CLUNY","2.276494",NA,NA,NA
"D","DISPATCH","UNIT_SCADA",1,"2024/02/01 16:30:00","CONDONG1","-0.81",NA,NA,NA
"D","DISPATCH","UNIT_SCADA",1,"2024/02/01 16:30:00","CULLRGWF","0",NA,NA,NA
"D","DISPATCH","UNIT_SCADA",1,"2024/02/01 16:30:00","DIAPURWF1","0",NA,NA,NA
"D","DISPATCH","UNIT_SCADA",1,"2024/02/01 16:30:00","ERGT01","0",NA,NA,NA
"D","DISPATCH","UNIT_SCADA",1,"2024/02/01 16:30:00","GB01","0",NA,NA,NA
"D","DISPATCH","UNIT_SCADA",1,"2024/02/01 16:30:00","GERMCRK","15.8210",NA,NA,NA
"D","DISPATCH","UNIT_SCADA",1,"2024/02/01 16:30:00","GRIFSF1","27.033270",NA,NA,NA
"D","DISPATCH","UNIT_SCADA",1,"2024/02/01 16:30:00","HUGSF1","5.5880",NA,NA,NA
"D","DISPATCH","UNIT_SCADA",1,"2024/02/01 16:30:00","KEPBG1","0",NA,NA,NA
"D","DISPATCH","UNIT_SCADA",1,"2024/02/01 16:30:00","LRSF1","9.9670",NA,NA,NA
"D","DISPATCH","UNIT_SCADA",1,"2024/02/01 16:30:00","MBAHNTH","51.506256",NA,NA,NA
"D","DISPATCH","UNIT_SCADA",1,"2024/02/01 16:30:00","MLSP1","5.7020",NA,NA,NA
"D","DISPATCH","UNIT_SCADA",1,"2024/02/01 16:30:00","MLWF1","14.6550",NA,NA,NA
"D","DISPATCH","UNIT_SCADA",1,"2024/02/01 16:30:00","PALOONA","9.809999",NA,NA,NA
"D","DISPATCH","UNIT_SCADA",1,"2024/02/01 16:30:00","PIONEER","-0.60",NA,NA,NA
"D","DISPATCH","UNIT_SCADA",1,"2024/02/01 16:30:00","PORTWF","107",NA,NA,NA
"D","DISPATCH","UNIT_SCADA",1,"2024/02/01 16:30:00","REPULSE","3.200122",NA,NA,NA
"D","DISPATCH","UNIT_SCADA",1,"2024/02/01 16:30:00","ROWALLAN","0",NA,NA,NA
"D","DISPATCH","UNIT_SCADA",1,"2024/02/01 16:30:00","ROYALLA1","7.914001",NA,NA,NA
"D","DISPATCH","UNIT_SCADA",1,"2024/02/01 16:30:00","RPCG","-1.60",NA,NA,NA
"D","DISPATCH","UNIT_SCADA",1,"2024/02/01 16:30:00","RUBICON","0.81",NA,NA,NA
"D","DISPATCH","UNIT_SCADA",1,"2024/02/01 16:30:00","SHOAL1","19.9750",NA,NA,NA
"D","DISPATCH","UNIT_SCADA",1,"2024/02/01 16:30:00","WAUBRAWF","0",NA,NA,NA
"D","DISPATCH","UNIT_SCADA",1,"2024/02/01 16:30:00","WOOLNTH1","131.220001",NA,NA,NA
"D","DISPATCH","UNIT_SCADA",1,"2024/02/01 16:30:00","YAMBUKWF","24.10",NA,NA,NA
"D","DISPATCH","UNIT_SCADA",1,"2024/02/01 16:30:00","YSWF1","22.799999",NA,NA,NA
"D","DISPATCH","UNIT_SCADA",1,"2024/02/01 20:10:00","BARCSF1","0",NA,NA,NA
"D","DISPATCH","UNIT_SCADA",1,"2024/02/01 20:10:00","BUTLERSG","8.999998",NA,NA,NA
"D","DISPATCH","UNIT_SCADA",1,"2024/02/01 20:10:00","BWTR1","14.632960",NA,NA,NA
"D","DISPATCH","UNIT_SCADA",1,"2024/02/01 20:10:00","CAPTL_WF","71.239365",NA,NA,NA
"D","DISPATCH","UNIT_SCADA",1,"2024/02/01 20:10:00","CHALLHWF","15.90",NA,NA,NA
"D","DISPATCH","UNIT_SCADA",1,"2024/02/01 20:10:00","CLOVER","12.98",NA,NA,NA
"D","DISPATCH","UNIT_SCADA",1,"2024/02/01 20:10:00","CLUNY","2.291142",NA,NA,NA
"D","DISPATCH","UNIT_SCADA",1,"2024/02/01 20:10:00","CONDONG1","-0.72",NA,NA,NA
"D","DISPATCH","UNIT_SCADA",1,"2024/02/01 20:10:00","CULLRGWF","10.70",NA,NA,NA
"D","DISPATCH","UNIT_SCADA",1,"2024/02/01 20:10:00","DIAPURWF1","0",NA,NA,NA
"D","DISPATCH","UNIT_SCADA",1,"2024/02/01 20:10:00","ERGT01","0",NA,NA,NA
"D","DISPATCH","UNIT_SCADA",1,"2024/02/01 20:10:00","GB01","0",NA,NA,NA
"D","DISPATCH","UNIT_SCADA",1,"2024/02/01 20:10:00","GERMCRK","17.014999",NA,NA,NA
"D","DISPATCH","UNIT_SCADA",1,"2024/02/01 20:10:00","GRIFSF1","0",NA,NA,NA
"D","DISPATCH","UNIT_SCADA",1,"2024/02/01 20:10:00","HUGSF1","-0.1240",NA,NA,NA
"D","DISPATCH","UNIT_SCADA",1,"2024/02/01 20:10:00","KEPBG1","0",NA,NA,NA
"D","DISPATCH","UNIT_SCADA",1,"2024/02/01 20:10:00","LRSF1","-0.03",NA,NA,NA
"D","DISPATCH","UNIT_SCADA",1,"2024/02/01 20:10:00","MBAHNTH","48.843750",NA,NA,NA
"D","DISPATCH","UNIT_SCADA",1,"2024/02/01 20:10:00","MLSP1","0.0310",NA,NA,NA
"D","DISPATCH","UNIT_SCADA",1,"2024/02/01 20:10:00","MLWF1","7.29",NA,NA,NA
"D","DISPATCH","UNIT_SCADA",1,"2024/02/01 20:10:00","PALOONA","0",NA,NA,NA
"D","DISPATCH","UNIT_SCADA",1,"2024/02/01 20:10:00","PIONEER","-0.60",NA,NA,NA
"D","DISPATCH","UNIT_SCADA",1,"2024/02/01 20:10:00","PORTWF","60.099998",NA,NA,NA
"D","DISPATCH","UNIT_SCADA",1,"2024/02/01 20:10:00","REPULSE","3.142748",NA,NA,NA
"D","DISPATCH","UNIT_SCADA",1,"2024/02/01 20:10:00","ROWALLAN","0",NA,NA,NA
"D","DISPATCH","UNIT_SCADA",1,"2024/02/01 20:10:00","ROYALLA1","0",NA,NA,NA
"D","DISPATCH","UNIT_SCADA",1,"2024/02/01 20:10:00","RPCG","-1.70",NA,NA,NA
"D","DISPATCH","UNIT_SCADA",1,"2024/02/01 20:10:00","RUBICON","0.81",NA,NA,NA
"D","DISPATCH","UNIT_SCADA",1,"2024/02/01 20:10:00","SHOAL1","19.924999",NA,NA,NA
"D","DISPATCH","UNIT_SCADA",1,"2024/02/01 20:10:00","WAUBRAWF","117.242996",NA,NA,NA
"D","DISPATCH","UNIT_SCADA",1,"2024/02/01 20:10:00","WOOLNTH1","125.039993",NA,NA,NA
"D","DISPATCH","UNIT_SCADA",1,"2024/02/01 20:10:00","YAMBUKWF","11",NA,NA,NA
"D","DISPATCH","UNIT_SCADA",1,"2024/02/01 20:10:00","YSWF1","17.299999",NA,NA,NA
"D","DISPATCH","UNIT_SCADA",1,"2024/02/01 21:05:00","BARCSF1","0",NA,NA,NA
"D","DISPATCH","UNIT_SCADA",1,"2024/02/01 21:05:00","BUTLERSG","9.099998",NA,NA,NA
"D","DISPATCH","UNIT_SCADA",1,"2024/02/01 21:05:00","BWTR1","14.118520",NA,NA,NA
"D","DISPATCH","UNIT_SCADA",1,"2024/02/01 21:05:00","CAPTL_WF","0",NA,NA,NA
"D","DISPATCH","UNIT_SCADA",1,"2024/02/01 21:05:00","CHALLHWF","20.50",NA,NA,NA
"D","DISPATCH","UNIT_SCADA",1,"2024/02/01 21:05:00","CLOVER","10.89",NA,NA,NA
"D","DISPATCH","UNIT_SCADA",1,"2024/02/01 21:05:00","CLUNY","2.181277",NA,NA,NA
"D","DISPATCH","UNIT_SCADA",1,"2024/02/01 21:05:00","CONDONG1","-0.72",NA,NA,NA
"D","DISPATCH","UNIT_SCADA",1,"2024/02/01 21:05:00","CULLRGWF","13.65",NA,NA,NA
"D","DISPATCH","UNIT_SCADA",1,"2024/02/01 21:05:00","DIAPURWF1","0",NA,NA,NA
"D","DISPATCH","UNIT_SCADA",1,"2024/02/01 21:05:00","ERGT01","0",NA,NA,NA
"D","DISPATCH","UNIT_SCADA",1,"2024/02/01 21:05:00","GB01","0",NA,NA,NA
"D","DISPATCH","UNIT_SCADA",1,"2024/02/01 21:05:00","GERMCRK","17.1040",NA,NA,NA
"D","DISPATCH","UNIT_SCADA",1,"2024/02/01 21:05:00","GRIFSF1","0",NA,NA,NA
"D","DISPATCH","UNIT_SCADA",1,"2024/02/01 21:05:00","HUGSF1","-0.1480",NA,NA,NA
"D","DISPATCH","UNIT_SCADA",1,"2024/02/01 21:05:00","KEPBG1","0",NA,NA,NA
"D","DISPATCH","UNIT_SCADA",1,"2024/02/01 21:05:00","LRSF1","-0.03",NA,NA,NA
"D","DISPATCH","UNIT_SCADA",1,"2024/02/01 21:05:00","MBAHNTH","49.274994",NA,NA,NA
"D","DISPATCH","UNIT_SCADA",1,"2024/02/01 21:05:00","MLSP1","0.0310",NA,NA,NA
"D","DISPATCH","UNIT_SCADA",1,"2024/02/01 21:05:00","MLWF1","3.60",NA,NA,NA
"D","DISPATCH","UNIT_SCADA",1,"2024/02/01 21:05:00","PALOONA","0",NA,NA,NA
"D","DISPATCH","UNIT_SCADA",1,"2024/02/01 21:05:00","PIONEER","-0.60",NA,NA,NA
"D","DISPATCH","UNIT_SCADA",1,"2024/02/01 21:05:00","PORTWF","55.099998",NA,NA,NA
"D","DISPATCH","UNIT_SCADA",1,"2024/02/01 21:05:00","REPULSE","3.364919",NA,NA,NA
"D","DISPATCH","UNIT_SCADA",1,"2024/02/01 21:05:00","ROWALLAN","0",NA,NA,NA
"D","DISPATCH","UNIT_SCADA",1,"2024/02/01 21:05:00","ROYALLA1","0",NA,NA,NA
"D","DISPATCH","UNIT_SCADA",1,"2024/02/01 21:05:00","RPCG","-1.70",NA,NA,NA
"D","DISPATCH","UNIT_SCADA",1,"2024/02/01 21:05:00","RUBICON","0.81",NA,NA,NA
"D","DISPATCH","UNIT_SCADA",1,"2024/02/01 21:05:00","SHOAL1","19.950001",NA,NA,NA
"D","DISPATCH","UNIT_SCADA",1,"2024/02/01 21:05:00","WAUBRAWF","125.625999",NA,NA,NA
"D","DISPATCH","UNIT_SCADA",1,"2024/02/01 21:05:00","WOOLNTH1","128.220001",NA,NA,NA
"D","DISPATCH","UNIT_SCADA",1,"2024/02/01 21:05:00","YAMBUKWF","10.50",NA,NA,NA
"D","DISPATCH","UNIT_SCADA",1,"2024/02/01 21:05:00","YSWF1","14.10",NA,NA,NA
"D","DISPATCH","UNIT_SCADA",1,"2024/02/01 21:15:00","BARCSF1","0",NA,NA,NA
"D","DISPATCH","UNIT_SCADA",1,"2024/02/01 21:15:00","BUTLERSG","8.999998",NA,NA,NA
"D","DISPATCH","UNIT_SCADA",1,"2024/02/01 21:15:00","BWTR1","14.518640",NA,NA,NA
"D","DISPATCH","UNIT_SCADA",1,"2024/02/01 21:15:00","CAPTL_WF","0",NA,NA,NA
"D","DISPATCH","UNIT_SCADA",1,"2024/02/01 21:15:00","CHALLHWF","19.700001",NA,NA,NA
"D","DISPATCH","UNIT_SCADA",1,"2024/02/01 21:15:00","CLOVER","10.90",NA,NA,NA
"D","DISPATCH","UNIT_SCADA",1,"2024/02/01 21:15:00","CLUNY","2.304875",NA,NA,NA
"D","DISPATCH","UNIT_SCADA",1,"2024/02/01 21:15:00","CONDONG1","-0.73",NA,NA,NA
"D","DISPATCH","UNIT_SCADA",1,"2024/02/01 21:15:00","CULLRGWF","13.84",NA,NA,NA
"D","DISPATCH","UNIT_SCADA",1,"2024/02/01 21:15:00","DIAPURWF1","0",NA,NA,NA
"D","DISPATCH","UNIT_SCADA",1,"2024/02/01 21:15:00","ERGT01","0",NA,NA,NA
"D","DISPATCH","UNIT_SCADA",1,"2024/02/01 21:15:00","GB01","0",NA,NA,NA
"D","DISPATCH","UNIT_SCADA",1,"2024/02/01 21:15:00","GERMCRK","17.179001",NA,NA,NA
"D","DISPATCH","UNIT_SCADA",1,"2024/02/01 21:15:00","GRIFSF1","0",NA,NA,NA
"D","DISPATCH","UNIT_SCADA",1,"2024/02/01 21:15:00","HUGSF1","-0.1480",NA,NA,NA
"D","DISPATCH","UNIT_SCADA",1,"2024/02/01 21:15:00","KEPBG1","0",NA,NA,NA
"D","DISPATCH","UNIT_SCADA",1,"2024/02/01 21:15:00","LRSF1","-0.03",NA,NA,NA
"D","DISPATCH","UNIT_SCADA",1,"2024/02/01 21:15:00","MBAHNTH","49.537491",NA,NA,NA
"D","DISPATCH","UNIT_SCADA",1,"2024/02/01 21:15:00","MLSP1","0.0310",NA,NA,NA
"D","DISPATCH","UNIT_SCADA",1,"2024/02/01 21:15:00","MLWF1","4.32",NA,NA,NA
"D","DISPATCH","UNIT_SCADA",1,"2024/02/01 21:15:00","PALOONA","0",NA,NA,NA
"D","DISPATCH","UNIT_SCADA",1,"2024/02/01 21:15:00","PIONEER","-0.60",NA,NA,NA
"D","DISPATCH","UNIT_SCADA",1,"2024/02/01 21:15:00","PORTWF","51.599998",NA,NA,NA
"D","DISPATCH","UNIT_SCADA",1,"2024/02/01 21:15:00","REPULSE","3.142748",NA,NA,NA
"D","DISPATCH","UNIT_SCADA",1,"2024/02/01 21:15:00","ROWALLAN","0",NA,NA,NA
"D","DISPATCH","UNIT_SCADA",1,"2024/02/01 21:15:00","ROYALLA1","0",NA,NA,NA
"D","DISPATCH","UNIT_SCADA",1,"2024/02/01 21:15:00","RPCG","-1.70",NA,NA,NA
"D","DISPATCH","UNIT_SCADA",1,"2024/02/01 21:15:00","RUBICON","0.81",NA,NA,NA
"D","DISPATCH","UNIT_SCADA",1,"2024/02/01 21:15:00","SHOAL1","19.950001",NA,NA,NA
"D","DISPATCH","UNIT_SCADA",1,"2024/02/01 21:15:00","WAUBRAWF","128.667007",NA,NA,NA
"D","DISPATCH","UNIT_SCADA",1,"2024/02/01 21:15:00","WOOLNTH1","126.239990",NA,NA,NA
"D","DISPATCH","UNIT_SCADA",1,"2024/02/01 21:15:00","YAMBUKWF","12.80",NA,NA,NA
"D","DISPATCH","UNIT_SCADA",1,"2024/02/01 21:15:00","YSWF1","11",NA,NA,NA
"D","DISPATCH","UNIT_SCADA",1,"2024/02/01 21:25:00","BARCSF1","0",NA,NA,NA
"D","DISPATCH","UNIT_SCADA",1,"2024/02/01 21:25:00","BUTLERSG","8.999998",NA,NA,NA
"D","DISPATCH","UNIT_SCADA",1,"2024/02/01 21:25:00","BWTR1","14.8616",NA,NA,NA
"D","DISPATCH","UNIT_SCADA",1,"2024/02/01 21:25:00","CAPTL_WF","0",NA,NA,NA
"D","DISPATCH","UNIT_SCADA",1,"2024/02/01 21:25:00","CHALLHWF","16.50",NA,NA,NA
"D","DISPATCH","UNIT_SCADA",1,"2024/02/01 21:25:00","CLOVER","10.86",NA,NA,NA
"D","DISPATCH","UNIT_SCADA",1,"2024/02/01 21:25:00","CLUNY","2.228885",NA,NA,NA
"D","DISPATCH","UNIT_SCADA",1,"2024/02/01 21:25:00","CONDONG1","-0.72",NA,NA,NA
"D","DISPATCH","UNIT_SCADA",1,"2024/02/01 21:25:00","CULLRGWF","14.03",NA,NA,NA
"D","DISPATCH","UNIT_SCADA",1,"2024/02/01 21:25:00","DIAPURWF1","0",NA,NA,NA
"D","DISPATCH","UNIT_SCADA",1,"2024/02/01 21:25:00","ERGT01","0",NA,NA,NA
"D","DISPATCH","UNIT_SCADA",1,"2024/02/01 21:25:00","GB01","0",NA,NA,NA
"D","DISPATCH","UNIT_SCADA",1,"2024/02/01 21:25:00","GERMCRK","17.4610",NA,NA,NA
"D","DISPATCH","UNIT_SCADA",1,"2024/02/01 21:25:00","GRIFSF1","0",NA,NA,NA
"D","DISPATCH","UNIT_SCADA",1,"2024/02/01 21:25:00","HUGSF1","-0.1480",NA,NA,NA
"D","DISPATCH","UNIT_SCADA",1,"2024/02/01 21:25:00","KEPBG1","0",NA,NA,NA
"D","DISPATCH","UNIT_SCADA",1,"2024/02/01 21:25:00","LRSF1","-0.03",NA,NA,NA
"D","DISPATCH","UNIT_SCADA",1,"2024/02/01 21:25:00","MBAHNTH","49.612503",NA,NA,NA
"D","DISPATCH","UNIT_SCADA",1,"2024/02/01 21:25:00","MLSP1","0.0310",NA,NA,NA
"D","DISPATCH","UNIT_SCADA",1,"2024/02/01 21:25:00","MLWF1","5.76",NA,NA,NA
"D","DISPATCH","UNIT_SCADA",1,"2024/02/01 21:25:00","PALOONA","0",NA,NA,NA
"D","DISPATCH","UNIT_SCADA",1,"2024/02/01 21:25:00","PIONEER","-0.60",NA,NA,NA
"D","DISPATCH","UNIT_SCADA",1,"2024/02/01 21:25:00","PORTWF","49.599998",NA,NA,NA
"D","DISPATCH","UNIT_SCADA",1,"2024/02/01 21:25:00","REPULSE","3.168383",NA,NA,NA
"D","DISPATCH","UNIT_SCADA",1,"2024/02/01 21:25:00","ROWALLAN","0",NA,NA,NA
"D","DISPATCH","UNIT_SCADA",1,"2024/02/01 21:25:00","ROYALLA1","0",NA,NA,NA
"D","DISPATCH","UNIT_SCADA",1,"2024/02/01 21:25:00","RPCG","-1.70",NA,NA,NA
"D","DISPATCH","UNIT_SCADA",1,"2024/02/01 21:25:00","RUBICON","0.81",NA,NA,NA
"D","DISPATCH","UNIT_SCADA",1,"2024/02/01 21:25:00","SHOAL1","19.950001",NA,NA,NA
"D","DISPATCH","UNIT_SCADA",1,"2024/02/01 21:25:00","WAUBRAWF","133.091003",NA,NA,NA
"D","DISPATCH","UNIT_SCADA",1,"2024/02/01 21:25:00","WOOLNTH1","127.050003",NA,NA,NA
"D","DISPATCH","UNIT_SCADA",1,"2024/02/01 21:25:00","YAMBUKWF","14.40",NA,NA,NA
"D","DISPATCH","UNIT_SCADA",1,"2024/02/01 21:25:00","YSWF1","13",NA,NA,NA
"D","DISPATCH","UNIT_SCADA",1,"2024/02/01 21:30:00","BARCSF1","0",NA,NA,NA
"D","DISPATCH","UNIT_SCADA",1,"2024/02/01 21:30:00","BUTLERSG","9.099998",NA,NA,NA
"D","DISPATCH","UNIT_SCADA",1,"2024/02/01 21:30:00","BWTR1","14.8616",NA,NA,NA
"D","DISPATCH","UNIT_SCADA",1,"2024/02/01 21:30:00","CAPTL_WF","0",NA,NA,NA
"D","DISPATCH","UNIT_SCADA",1,"2024/02/01 21:30:00","CHALLHWF","17.50",NA,NA,NA
"D","DISPATCH","UNIT_SCADA",1,"2024/02/01 21:30:00","CLOVER","10.80",NA,NA,NA
"D","DISPATCH","UNIT_SCADA",1,"2024/02/01 21:30:00","CLUNY","2.252689",NA,NA,NA
"D","DISPATCH","UNIT_SCADA",1,"2024/02/01 21:30:00","CONDONG1","-0.71",NA,NA,NA
"D","DISPATCH","UNIT_SCADA",1,"2024/02/01 21:30:00","CULLRGWF","13.61",NA,NA,NA
"D","DISPATCH","UNIT_SCADA",1,"2024/02/01 21:30:00","DIAPURWF1","0",NA,NA,NA
"D","DISPATCH","UNIT_SCADA",1,"2024/02/01 21:30:00","ERGT01","0",NA,NA,NA
"D","DISPATCH","UNIT_SCADA",1,"2024/02/01 21:30:00","GB01","0",NA,NA,NA
"D","DISPATCH","UNIT_SCADA",1,"2024/02/01 21:30:00","GERMCRK","17.447001",NA,NA,NA
"D","DISPATCH","UNIT_SCADA",1,"2024/02/01 21:30:00","GRIFSF1","0",NA,NA,NA
"D","DISPATCH","UNIT_SCADA",1,"2024/02/01 21:30:00","HUGSF1","-0.1480",NA,NA,NA
"D","DISPATCH","UNIT_SCADA",1,"2024/02/01 21:30:00","KEPBG1","0",NA,NA,NA
"D","DISPATCH","UNIT_SCADA",1,"2024/02/01 21:30:00","LRSF1","-0.03",NA,NA,NA
"D","DISPATCH","UNIT_SCADA",1,"2024/02/01 21:30:00","MBAHNTH","49.762497",NA,NA,NA
"D","DISPATCH","UNIT_SCADA",1,"2024/02/01 21:30:00","MLSP1","0.0310",NA,NA,NA
"D","DISPATCH","UNIT_SCADA",1,"2024/02/01 21:30:00","MLWF1","4.7850",NA,NA,NA
"D","DISPATCH","UNIT_SCADA",1,"2024/02/01 21:30:00","PALOONA","0",NA,NA,NA
"D","DISPATCH","UNIT_SCADA",1,"2024/02/01 21:30:00","PIONEER","-0.60",NA,NA,NA
"D","DISPATCH","UNIT_SCADA",1,"2024/02/01 21:30:00","PORTWF","56.599998",NA,NA,NA
"D","DISPATCH","UNIT_SCADA",1,"2024/02/01 21:30:00","REPULSE","3.333181",NA,NA,NA
"D","DISPATCH","UNIT_SCADA",1,"2024/02/01 21:30:00","ROWALLAN","0",NA,NA,NA
"D","DISPATCH","UNIT_SCADA",1,"2024/02/01 21:30:00","ROYALLA1","0",NA,NA,NA
"D","DISPATCH","UNIT_SCADA",1,"2024/02/01 21:30:00","RPCG","-1.70",NA,NA,NA
"D","DISPATCH","UNIT_SCADA",1,"2024/02/01 21:30:00","RUBICON","0.81",NA,NA,NA
"D","DISPATCH","UNIT_SCADA",1,"2024/02/01 21:30:00","SHOAL1","19.950001",NA,NA,NA
"D","DISPATCH","UNIT_SCADA",1,"2024/02/01 21:30:00","WAUBRAWF","130.878998",NA,NA,NA
"D","DISPATCH","UNIT_SCADA",1,"2024/02/01 21:30:00","WOOLNTH1","125.309998",NA,NA,NA
"D","DISPATCH","UNIT_SCADA",1,"2024/02/01 21:30:00","YAMBUKWF","11.40",NA,NA,NA
"D","DISPATCH","UNIT_SCADA",1,"2024/02/01 21:30:00","YSWF1","16.50",NA,NA,NA
"D","DISPATCH","UNIT_SCADA",1,"2024/02/01 21:35:00","BARCSF1","0",NA,NA,NA
"D","DISPATCH","UNIT_SCADA",1,"2024/02/01 21:35:00","BUTLERSG","9.099998",NA,NA,NA
"D","DISPATCH","UNIT_SCADA",1,"2024/02/01 21:35:00","BWTR1","14.8616",NA,NA,NA
"D","DISPATCH","UNIT_SCADA",1,"2024/02/01 21:35:00","CAPTL_WF","0",NA,NA,NA
"D","DISPATCH","UNIT_SCADA",1,"2024/02/01 21:35:00","CHALLHWF","17.200001",NA,NA,NA
"D","DISPATCH","UNIT_SCADA",1,"2024/02/01 21:35:00","CLOVER","10.83",NA,NA,NA
"D","DISPATCH","UNIT_SCADA",1,"2024/02/01 21:35:00","CLUNY","2.380865",NA,NA,NA
"D","DISPATCH","UNIT_SCADA",1,"2024/02/01 21:35:00","CONDONG1","-0.72",NA,NA,NA
"D","DISPATCH","UNIT_SCADA",1,"2024/02/01 21:35:00","CULLRGWF","12.40",NA,NA,NA
"D","DISPATCH","UNIT_SCADA",1,"2024/02/01 21:35:00","DIAPURWF1","0",NA,NA,NA
"D","DISPATCH","UNIT_SCADA",1,"2024/02/01 21:35:00","ERGT01","0",NA,NA,NA
"D","DISPATCH","UNIT_SCADA",1,"2024/02/01 21:35:00","GB01","0",NA,NA,NA
"D","DISPATCH","UNIT_SCADA",1,"2024/02/01 21:35:00","GERMCRK","17.1950",NA,NA,NA
"D","DISPATCH","UNIT_SCADA",1,"2024/02/01 21:35:00","GRIFSF1","0",NA,NA,NA
"D","DISPATCH","UNIT_SCADA",1,"2024/02/01 21:35:00","HUGSF1","-0.1480",NA,NA,NA
"D","DISPATCH","UNIT_SCADA",1,"2024/02/01 21:35:00","KEPBG1","0",NA,NA,NA
"D","DISPATCH","UNIT_SCADA",1,"2024/02/01 21:35:00","LRSF1","-0.03",NA,NA,NA
"D","DISPATCH","UNIT_SCADA",1,"2024/02/01 21:35:00","MBAHNTH","49.350006",NA,NA,NA
"D","DISPATCH","UNIT_SCADA",1,"2024/02/01 21:35:00","MLSP1","0.0310",NA,NA,NA
"D","DISPATCH","UNIT_SCADA",1,"2024/02/01 21:35:00","MLWF1","4.38",NA,NA,NA
"D","DISPATCH","UNIT_SCADA",1,"2024/02/01 21:35:00","PALOONA","0",NA,NA,NA
"D","DISPATCH","UNIT_SCADA",1,"2024/02/01 21:35:00","PIONEER","-0.40",NA,NA,NA
"D","DISPATCH","UNIT_SCADA",1,"2024/02/01 21:35:00","PORTWF","57.799999",NA,NA,NA
"D","DISPATCH","UNIT_SCADA",1,"2024/02/01 21:35:00","REPULSE","3.333181",NA,NA,NA
"D","DISPATCH","UNIT_SCADA",1,"2024/02/01 21:35:00","ROWALLAN","0",NA,NA,NA
"D","DISPATCH","UNIT_SCADA",1,"2024/02/01 21:35:00","ROYALLA1","0",NA,NA,NA
"D","DISPATCH","UNIT_SCADA",1,"2024/02/01 21:35:00","RPCG","-1.70",NA,NA,NA
"D","DISPATCH","UNIT_SCADA",1,"2024/02/01 21:35:00","RUBICON","0.81",NA,NA,NA
"D","DISPATCH","UNIT_SCADA",1,"2024/02/01 21:35:00","SHOAL1","19.950001",NA,NA,NA
"D","DISPATCH","UNIT_SCADA",1,"2024/02/01 21:35:00","WAUBRAWF","127.851997",NA,NA,NA
"D","DISPATCH","UNIT_SCADA",1,"2024/02/01 21:35:00","WOOLNTH1","122.82",NA,NA,NA
"D","DISPATCH","UNIT_SCADA",1,"2024/02/01 21:35:00","YAMBUKWF","12",NA,NA,NA
"D","DISPATCH","UNIT_SCADA",1,"2024/02/01 21:35:00","YSWF1","10.30",NA,NA,NA
"D","DISPATCH","UNIT_SCADA",1,"2024/02/01 21:40:00","BARCSF1","0",NA,NA,NA
"D","DISPATCH","UNIT_SCADA",1,"2024/02/01 21:40:00","BUTLERSG","9.099998",NA,NA,NA
"D","DISPATCH","UNIT_SCADA",1,"2024/02/01 21:40:00","BWTR1","14.8616",NA,NA,NA
"D","DISPATCH","UNIT_SCADA",1,"2024/02/01 21:40:00","CAPTL_WF","0",NA,NA,NA
"D","DISPATCH","UNIT_SCADA",1,"2024/02/01 21:40:00","CHALLHWF","13.200001",NA,NA,NA
"D","DISPATCH","UNIT_SCADA",1,"2024/02/01 21:40:00","CLOVER","10.99",NA,NA,NA
"D","DISPATCH","UNIT_SCADA",1,"2024/02/01 21:40:00","CLUNY","2.267338",NA,NA,NA
"D","DISPATCH","UNIT_SCADA",1,"2024/02/01 21:40:00","CONDONG1","-0.72",NA,NA,NA
"D","DISPATCH","UNIT_SCADA",1,"2024/02/01 21:40:00","CULLRGWF","12.62",NA,NA,NA
"D","DISPATCH","UNIT_SCADA",1,"2024/02/01 21:40:00","DIAPURWF1","0",NA,NA,NA
"D","DISPATCH","UNIT_SCADA",1,"2024/02/01 21:40:00","ERGT01","0",NA,NA,NA
"D","DISPATCH","UNIT_SCADA",1,"2024/02/01 21:40:00","GB01","0",NA,NA,NA
"D","DISPATCH","UNIT_SCADA",1,"2024/02/01 21:40:00","GERMCRK","17.495001",NA,NA,NA
"D","DISPATCH","UNIT_SCADA",1,"2024/02/01 21:40:00","GRIFSF1","0",NA,NA,NA
"D","DISPATCH","UNIT_SCADA",1,"2024/02/01 21:40:00","HUGSF1","-0.1480",NA,NA,NA
"D","DISPATCH","UNIT_SCADA",1,"2024/02/01 21:40:00","KEPBG1","0",NA,NA,NA
"D","DISPATCH","UNIT_SCADA",1,"2024/02/01 21:40:00","LRSF1","-0.03",NA,NA,NA
"D","DISPATCH","UNIT_SCADA",1,"2024/02/01 21:40:00","MBAHNTH","49.781250",NA,NA,NA
"D","DISPATCH","UNIT_SCADA",1,"2024/02/01 21:40:00","MLSP1","0.0310",NA,NA,NA
"D","DISPATCH","UNIT_SCADA",1,"2024/02/01 21:40:00","MLWF1","3.6150",NA,NA,NA
"D","DISPATCH","UNIT_SCADA",1,"2024/02/01 21:40:00","PALOONA","0",NA,NA,NA
"D","DISPATCH","UNIT_SCADA",1,"2024/02/01 21:40:00","PIONEER","-0.40",NA,NA,NA
"D","DISPATCH","UNIT_SCADA",1,"2024/02/01 21:40:00","PORTWF","55.900002",NA,NA,NA
"D","DISPATCH","UNIT_SCADA",1,"2024/02/01 21:40:00","REPULSE","3.154955",NA,NA,NA
"D","DISPATCH","UNIT_SCADA",1,"2024/02/01 12:45:00","BUTLERSG","9.099998",NA,NA,NA
"D","DISPATCH","UNIT_SCADA",1,"2024/02/01 12:45:00","BWTR1","14.518640",NA,NA,NA
"D","DISPATCH","UNIT_SCADA",1,"2024/02/01 12:45:00","CAPTL_WF","68.879959",NA,NA,NA
"D","DISPATCH","UNIT_SCADA",1,"2024/02/01 12:45:00","CHALLHWF","10",NA,NA,NA
"D","DISPATCH","UNIT_SCADA",1,"2024/02/01 12:45:00","CLOVER","-0.01",NA,NA,NA
"D","DISPATCH","UNIT_SCADA",1,"2024/02/01 12:45:00","CLUNY","2.276494",NA,NA,NA
"D","DISPATCH","UNIT_SCADA",1,"2024/02/01 12:45:00","CONDONG1","-0.83",NA,NA,NA
"D","DISPATCH","UNIT_SCADA",1,"2024/02/01 12:45:00","CULLRGWF","15.32",NA,NA,NA
"D","DISPATCH","UNIT_SCADA",1,"2024/02/01 12:45:00","DIAPURWF1","0",NA,NA,NA
"D","DISPATCH","UNIT_SCADA",1,"2024/02/01 12:45:00","ERGT01","0",NA,NA,NA
"D","DISPATCH","UNIT_SCADA",1,"2024/02/01 12:45:00","GB01","0",NA,NA,NA
"D","DISPATCH","UNIT_SCADA",1,"2024/02/01 12:45:00","GERMCRK","16.096001",NA,NA,NA
"D","DISPATCH","UNIT_SCADA",1,"2024/02/01 12:45:00","GRIFSF1","27.012535",NA,NA,NA
"D","DISPATCH","UNIT_SCADA",1,"2024/02/01 12:45:00","MLSP1","11.5150",NA,NA,NA
"D","DISPATCH","UNIT_SCADA",1,"2024/02/01 12:45:00","MLWF1","8.7750",NA,NA,NA
"D","DISPATCH","UNIT_SCADA",1,"2024/02/01 12:45:00","PALOONA","4.27",NA,NA,NA
"D","DISPATCH","UNIT_SCADA",1,"2024/02/01 12:45:00","PORTWF","89",NA,NA,NA
"D","DISPATCH","UNIT_SCADA",1,"2024/02/01 12:45:00","REPULSE","3.200122",NA,NA,NA
"D","DISPATCH","UNIT_SCADA",1,"2024/02/01 12:45:00","ROWALLAN","0",NA,NA,NA
"D","DISPATCH","UNIT_SCADA",1,"2024/02/01 12:45:00","ROYALLA1","16.193001",NA,NA,NA
"D","DISPATCH","UNIT_SCADA",1,"2024/02/01 12:45:00","RPCG","-1.60",NA,NA,NA
"D","DISPATCH","UNIT_SCADA",1,"2024/02/01 12:45:00","RUBICON","0.81",NA,NA,NA
"D","DISPATCH","UNIT_SCADA",1,"2024/02/01 12:45:00","SHOAL1","0",NA,NA,NA
"D","DISPATCH","UNIT_SCADA",1,"2024/02/01 12:45:00","WAUBRAWF","0",NA,NA,NA
"D","DISPATCH","UNIT_SCADA",1,"2024/02/01 12:45:00","WOOLNTH1","120.550003",NA,NA,NA
"D","DISPATCH","UNIT_SCADA",1,"2024/02/01 12:45:00","YAMBUKWF","21.50",NA,NA,NA
"D","DISPATCH","UNIT_SCADA",1,"2024/02/01 12:45:00","YSWF1","14.60",NA,NA,NA
"D","DISPATCH","UNIT_SCADA",1,"2024/02/01 15:10:00","BARCSF1","13.400001",NA,NA,NA
"D","DISPATCH","UNIT_SCADA",1,"2024/02/01 15:10:00","BUTLERSG","8.999998",NA,NA,NA
"D","DISPATCH","UNIT_SCADA",1,"2024/02/01 15:10:00","BWTR1","14.975920",NA,NA,NA
"D","DISPATCH","UNIT_SCADA",1,"2024/02/01 15:10:00","CAPTL_WF","59.704037",NA,NA,NA
"D","DISPATCH","UNIT_SCADA",1,"2024/02/01 15:10:00","CHALLHWF","20.200001",NA,NA,NA
"D","DISPATCH","UNIT_SCADA",1,"2024/02/01 15:10:00","CLOVER","-0.02",NA,NA,NA
"D","DISPATCH","UNIT_SCADA",1,"2024/02/01 15:10:00","CLUNY","2.285649",NA,NA,NA
"D","DISPATCH","UNIT_SCADA",1,"2024/02/01 15:10:00","CONDONG1","-0.82",NA,NA,NA
"D","DISPATCH","UNIT_SCADA",1,"2024/02/01 15:10:00","CULLRGWF","16.43",NA,NA,NA
"D","DISPATCH","UNIT_SCADA",1,"2024/02/01 15:10:00","DIAPURWF1","0",NA,NA,NA
"D","DISPATCH","UNIT_SCADA",1,"2024/02/01 15:10:00","ERGT01","0",NA,NA,NA
"D","DISPATCH","UNIT_SCADA",1,"2024/02/01 15:10:00","GB01","0",NA,NA,NA
"D","DISPATCH","UNIT_SCADA",1,"2024/02/01 15:10:00","GERMCRK","15.58",NA,NA,NA
"D","DISPATCH","UNIT_SCADA",1,"2024/02/01 15:10:00","GRIFSF1","27.020075",NA,NA,NA
"D","DISPATCH","UNIT_SCADA",1,"2024/02/01 15:10:00","HUGSF1","6.5230",NA,NA,NA
"D","DISPATCH","UNIT_SCADA",1,"2024/02/01 15:10:00","KEPBG1","0",NA,NA,NA
"D","DISPATCH","UNIT_SCADA",1,"2024/02/01 15:10:00","LRSF1","9.990001",NA,NA,NA
"D","DISPATCH","UNIT_SCADA",1,"2024/02/01 15:10:00","MBAHNTH","51.787491",NA,NA,NA
"D","DISPATCH","UNIT_SCADA",1,"2024/02/01 15:10:00","MLSP1","8.7170",NA,NA,NA
"D","DISPATCH","UNIT_SCADA",1,"2024/02/01 15:10:00","MLWF1","10.68",NA,NA,NA
"D","DISPATCH","UNIT_SCADA",1,"2024/02/01 15:10:00","PALOONA","8.88",NA,NA,NA
"D","DISPATCH","UNIT_SCADA",1,"2024/02/01 15:10:00","PIONEER","-0.80",NA,NA,NA
"D","DISPATCH","UNIT_SCADA",1,"2024/02/01 15:10:00","PORTWF","97",NA,NA,NA
"D","DISPATCH","UNIT_SCADA",1,"2024/02/01 15:10:00","REPULSE","3.599298",NA,NA,NA
"D","DISPATCH","UNIT_SCADA",1,"2024/02/01 15:10:00","ROWALLAN","0",NA,NA,NA
"D","DISPATCH","UNIT_SCADA",1,"2024/02/01 15:10:00","ROYALLA1","12.782001",NA,NA,NA
"D","DISPATCH","UNIT_SCADA",1,"2024/02/01 15:10:00","RPCG","-1.60",NA,NA,NA
"D","DISPATCH","UNIT_SCADA",1,"2024/02/01 15:10:00","RUBICON","0.81",NA,NA,NA
"D","DISPATCH","UNIT_SCADA",1,"2024/02/01 15:10:00","SHOAL1","11.9250",NA,NA,NA
"D","DISPATCH","UNIT_SCADA",1,"2024/02/01 15:10:00","WAUBRAWF","0",NA,NA,NA
"D","DISPATCH","UNIT_SCADA",1,"2024/02/01 15:10:00","WOOLNTH1","130.880005",NA,NA,NA
"D","DISPATCH","UNIT_SCADA",1,"2024/02/01 15:10:00","YAMBUKWF","23",NA,NA,NA
"D","DISPATCH","UNIT_SCADA",1,"2024/02/01 15:10:00","YSWF1","26.10",NA,NA,NA
"D","DISPATCH","UNIT_SCADA",1,"2024/02/01 15:25:00","BARCSF1","13.400001",NA,NA,NA
"D","DISPATCH","UNIT_SCADA",1,"2024/02/01 15:25:00","BUTLERSG","8.999998",NA,NA,NA
"D","DISPATCH","UNIT_SCADA",1,"2024/02/01 15:25:00","BWTR1","14.975920",NA,NA,NA
"D","DISPATCH","UNIT_SCADA",1,"2024/02/01 15:25:00","CAPTL_WF","62.977524",NA,NA,NA
"D","DISPATCH","UNIT_SCADA",1,"2024/02/01 15:25:00","CHALLHWF","19.599998",NA,NA,NA
"D","DISPATCH","UNIT_SCADA",1,"2024/02/01 15:25:00","CLOVER","-0.02",NA,NA,NA
"D","DISPATCH","UNIT_SCADA",1,"2024/02/01 15:25:00","CLUNY","2.172122",NA,NA,NA
"D","DISPATCH","UNIT_SCADA",1,"2024/02/01 15:25:00","CONDONG1","-0.82",NA,NA,NA
"D","DISPATCH","UNIT_SCADA",1,"2024/02/01 15:25:00","CULLRGWF","21.219999",NA,NA,NA
"D","DISPATCH","UNIT_SCADA",1,"2024/02/01 15:25:00","DIAPURWF1","0",NA,NA,NA
"D","DISPATCH","UNIT_SCADA",1,"2024/02/01 15:25:00","ERGT01","0",NA,NA,NA
"D","DISPATCH","UNIT_SCADA",1,"2024/02/01 15:25:00","GB01","0",NA,NA,NA
"D","DISPATCH","UNIT_SCADA",1,"2024/02/01 15:25:00","GERMCRK","16.073999",NA,NA,NA
"D","DISPATCH","UNIT_SCADA",1,"2024/02/01 15:25:00","GRIFSF1","27.020075",NA,NA,NA
"D","DISPATCH","UNIT_SCADA",1,"2024/02/01 15:25:00","HUGSF1","3.8050",NA,NA,NA
"D","DISPATCH","UNIT_SCADA",1,"2024/02/01 15:25:00","KEPBG1","0",NA,NA,NA
"D","DISPATCH","UNIT_SCADA",1,"2024/02/01 15:25:00","LRSF1","3.8120",NA,NA,NA
"D","DISPATCH","UNIT_SCADA",1,"2024/02/01 15:25:00","MBAHNTH","51.543747",NA,NA,NA
"D","DISPATCH","UNIT_SCADA",1,"2024/02/01 15:25:00","MLSP1","8.315001",NA,NA,NA
"D","DISPATCH","UNIT_SCADA",1,"2024/02/01 15:25:00","MLWF1","11.834999",NA,NA,NA
"D","DISPATCH","UNIT_SCADA",1,"2024/02/01 15:25:00","PALOONA","8.90",NA,NA,NA
"D","DISPATCH","UNIT_SCADA",1,"2024/02/01 15:25:00","PIONEER","-0.80",NA,NA,NA
"D","DISPATCH","UNIT_SCADA",1,"2024/02/01 15:25:00","PORTWF","105.099998",NA,NA,NA
"D","DISPATCH","UNIT_SCADA",1,"2024/02/01 15:25:00","REPULSE","3.352712",NA,NA,NA
"D","DISPATCH","UNIT_SCADA",1,"2024/02/01 15:25:00","ROWALLAN","0",NA,NA,NA
"D","DISPATCH","UNIT_SCADA",1,"2024/02/01 15:25:00","ROYALLA1","12.009001",NA,NA,NA
"D","DISPATCH","UNIT_SCADA",1,"2024/02/01 15:25:00","RPCG","-1.60",NA,NA,NA
"D","DISPATCH","UNIT_SCADA",1,"2024/02/01 15:25:00","RUBICON","0.81",NA,NA,NA
"D","DISPATCH","UNIT_SCADA",1,"2024/02/01 15:25:00","SHOAL1","19.950001",NA,NA,NA
"D","DISPATCH","UNIT_SCADA",1,"2024/02/01 15:25:00","WAUBRAWF","0",NA,NA,NA
"D","DISPATCH","UNIT_SCADA",1,"2024/02/01 15:25:00","WOOLNTH1","130.569992",NA,NA,NA
"D","DISPATCH","UNIT_SCADA",1,"2024/02/01 15:25:00","YAMBUKWF","25.799999",NA,NA,NA
"D","DISPATCH","UNIT_SCADA",1,"2024/02/01 15:25:00","YSWF1","19.799999",NA,NA,NA
"D","DISPATCH","UNIT_SCADA",1,"2024/02/01 15:30:00","BARCSF1","13.200001",NA,NA,NA
"D","DISPATCH","UNIT_SCADA",1,"2024/02/01 15:30:00","BUTLERSG","9.099998",NA,NA,NA
"D","DISPATCH","UNIT_SCADA",1,"2024/02/01 15:30:00","BWTR1","14.975920",NA,NA,NA
"D","DISPATCH","UNIT_SCADA",1,"2024/02/01 15:30:00","CAPTL_WF","59.571220",NA,NA,NA
"D","DISPATCH","UNIT_SCADA",1,"2024/02/01 15:30:00","CHALLHWF","20.700001",NA,NA,NA
"D","DISPATCH","UNIT_SCADA",1,"2024/02/01 15:30:00","CLOVER","-0.01",NA,NA,NA
"D","DISPATCH","UNIT_SCADA",1,"2024/02/01 15:30:00","CLUNY","2.209659",NA,NA,NA
"D","DISPATCH","UNIT_SCADA",1,"2024/02/01 15:30:00","CONDONG1","-0.80",NA,NA,NA
"D","DISPATCH","UNIT_SCADA",1,"2024/02/01 15:30:00","CULLRGWF","18.190001",NA,NA,NA
"D","DISPATCH","UNIT_SCADA",1,"2024/02/01 15:30:00","DIAPURWF1","0",NA,NA,NA
"D","DISPATCH","UNIT_SCADA",1,"2024/02/01 15:30:00","ERGT01","0",NA,NA,NA
"D","DISPATCH","UNIT_SCADA",1,"2024/02/01 15:30:00","GB01","0",NA,NA,NA
"D","DISPATCH","UNIT_SCADA",1,"2024/02/01 15:30:00","GERMCRK","15.9240",NA,NA,NA
"D","DISPATCH","UNIT_SCADA",1,"2024/02/01 15:30:00","GRIFSF1","27.020075",NA,NA,NA
"D","DISPATCH","UNIT_SCADA",1,"2024/02/01 15:30:00","HUGSF1","5.2550",NA,NA,NA
"D","DISPATCH","UNIT_SCADA",1,"2024/02/01 15:30:00","KEPBG1","0",NA,NA,NA
"D","DISPATCH","UNIT_SCADA",1,"2024/02/01 15:30:00","LRSF1","10.002001",NA,NA,NA
"D","DISPATCH","UNIT_SCADA",1,"2024/02/01 15:30:00","MBAHNTH","51.693756",NA,NA,NA
"D","DISPATCH","UNIT_SCADA",1,"2024/02/01 15:30:00","MLSP1","8.1130",NA,NA,NA
"D","DISPATCH","UNIT_SCADA",1,"2024/02/01 15:30:00","MLWF1","13.26",NA,NA,NA
"D","DISPATCH","UNIT_SCADA",1,"2024/02/01 15:30:00","PALOONA","8.88",NA,NA,NA
"D","DISPATCH","UNIT_SCADA",1,"2024/02/01 15:30:00","PIONEER","-0.60",NA,NA,NA
"D","DISPATCH","UNIT_SCADA",1,"2024/02/01 15:30:00","PORTWF","107.50",NA,NA,NA
"D","DISPATCH","UNIT_SCADA",1,"2024/02/01 15:30:00","REPULSE","3.168383",NA,NA,NA
"D","DISPATCH","UNIT_SCADA",1,"2024/02/01 15:30:00","ROWALLAN","0",NA,NA,NA
"D","DISPATCH","UNIT_SCADA",1,"2024/02/01 15:30:00","ROYALLA1","11.681001",NA,NA,NA
"D","DISPATCH","UNIT_SCADA",1,"2024/02/01 15:30:00","RPCG","-1.60",NA,NA,NA
"D","DISPATCH","UNIT_SCADA",1,"2024/02/01 15:30:00","RUBICON","0.81",NA,NA,NA
"D","DISPATCH","UNIT_SCADA",1,"2024/02/01 15:30:00","SHOAL1","19.950001",NA,NA,NA
"D","DISPATCH","UNIT_SCADA",1,"2024/02/01 15:30:00","WAUBRAWF","0",NA,NA,NA
"D","DISPATCH","UNIT_SCADA",1,"2024/02/01 15:30:00","WOOLNTH1","126.629997",NA,NA,NA
"D","DISPATCH","UNIT_SCADA",1,"2024/02/01 15:30:00","YAMBUKWF","26.60",NA,NA,NA
"D","DISPATCH","UNIT_SCADA",1,"2024/02/01 15:30:00","YSWF1","23.10",NA,NA,NA
"D","DISPATCH","UNIT_SCADA",1,"2024/02/01 15:40:00","BARCSF1","13.50",NA,NA,NA
"D","DISPATCH","UNIT_SCADA",1,"2024/02/01 15:40:00","BUTLERSG","9.099998",NA,NA,NA
"D","DISPATCH","UNIT_SCADA",1,"2024/02/01 15:40:00","BWTR1","14.175680",NA,NA,NA
"D","DISPATCH","UNIT_SCADA",1,"2024/02/01 15:40:00","CAPTL_WF","60.293888",NA,NA,NA
"D","DISPATCH","UNIT_SCADA",1,"2024/02/01 15:40:00","CHALLHWF","22.10",NA,NA,NA
"D","DISPATCH","UNIT_SCADA",1,"2024/02/01 15:40:00","CLOVER","-0.02",NA,NA,NA
"D","DISPATCH","UNIT_SCADA",1,"2024/02/01 15:40:00","CLUNY","2.123598",NA,NA,NA
"D","DISPATCH","UNIT_SCADA",1,"2024/02/01 15:40:00","CONDONG1","-0.80",NA,NA,NA
"D","DISPATCH","UNIT_SCADA",1,"2024/02/01 15:40:00","CULLRGWF","15.85",NA,NA,NA
"D","DISPATCH","UNIT_SCADA",1,"2024/02/01 15:40:00","DIAPURWF1","0",NA,NA,NA
"D","DISPATCH","UNIT_SCADA",1,"2024/02/01 15:40:00","ERGT01","0",NA,NA,NA
"D","DISPATCH","UNIT_SCADA",1,"2024/02/01 15:40:00","GB01","0",NA,NA,NA
"D","DISPATCH","UNIT_SCADA",1,"2024/02/01 15:40:00","GERMCRK","15.6350",NA,NA,NA
"D","DISPATCH","UNIT_SCADA",1,"2024/02/01 15:40:00","GRIFSF1","27.020075",NA,NA,NA
"D","DISPATCH","UNIT_SCADA",1,"2024/02/01 15:40:00","HUGSF1","4.8220",NA,NA,NA
"D","DISPATCH","UNIT_SCADA",1,"2024/02/01 15:40:00","KEPBG1","0",NA,NA,NA
"D","DISPATCH","UNIT_SCADA",1,"2024/02/01 15:40:00","LRSF1","10.0690",NA,NA,NA
"D","DISPATCH","UNIT_SCADA",1,"2024/02/01 15:40:00","MBAHNTH","51.656250",NA,NA,NA
"D","DISPATCH","UNIT_SCADA",1,"2024/02/01 15:40:00","MLSP1","7.762001",NA,NA,NA
"D","DISPATCH","UNIT_SCADA",1,"2024/02/01 15:40:00","MLWF1","12.8550",NA,NA,NA
"D","DISPATCH","UNIT_SCADA",1,"2024/02/01 15:40:00","PALOONA","9.95",NA,NA,NA
"D","DISPATCH","UNIT_SCADA",1,"2024/02/01 15:40:00","PIONEER","-0.60",NA,NA,NA
"D","DISPATCH","UNIT_SCADA",1,"2024/02/01 15:40:00","PORTWF","105.300003",NA,NA,NA
"D","DISPATCH","UNIT_SCADA",1,"2024/02/01 15:40:00","REPULSE","3.275807",NA,NA,NA
"D","DISPATCH","UNIT_SCADA",1,"2024/02/01 15:40:00","ROWALLAN","0",NA,NA,NA
"D","DISPATCH","UNIT_SCADA",1,"2024/02/01 15:40:00","ROYALLA1","11.099001",NA,NA,NA
"D","DISPATCH","UNIT_SCADA",1,"2024/02/01 15:40:00","RPCG","-1.60",NA,NA,NA
"D","DISPATCH","UNIT_SCADA",1,"2024/02/01 15:40:00","RUBICON","0.81",NA,NA,NA
"D","DISPATCH","UNIT_SCADA",1,"2024/02/01 15:40:00","SHOAL1","19.9750",NA,NA,NA
"D","DISPATCH","UNIT_SCADA",1,"2024/02/01 15:40:00","WAUBRAWF","0",NA,NA,NA
"D","DISPATCH","UNIT_SCADA",1,"2024/02/01 15:40:00","WOOLNTH1","131.910004",NA,NA,NA
"D","DISPATCH","UNIT_SCADA",1,"2024/02/01 15:40:00","YAMBUKWF","26.90",NA,NA,NA
"D","DISPATCH","UNIT_SCADA",1,"2024/02/01 15:40:00","YSWF1","21.40",NA,NA,NA
"D","DISPATCH","UNIT_SCADA",1,"2024/02/01 15:50:00","BARCSF1","13.200001",NA,NA,NA
"D","DISPATCH","UNIT_SCADA",1,"2024/02/01 15:50:00","BUTLERSG","9.099998",NA,NA,NA
"D","DISPATCH","UNIT_SCADA",1,"2024/02/01 15:50:00","BWTR1","14.232840",NA,NA,NA
"D","DISPATCH","UNIT_SCADA",1,"2024/02/01 15:50:00","CAPTL_WF","58.000885",NA,NA,NA
"D","DISPATCH","UNIT_SCADA",1,"2024/02/01 15:50:00","CHALLHWF","24.799999",NA,NA,NA
"D","DISPATCH","UNIT_SCADA",1,"2024/02/01 15:50:00","CLOVER","-0.02",NA,NA,NA
"D","DISPATCH","UNIT_SCADA",1,"2024/02/01 15:50:00","CLUNY","2.157473",NA,NA,NA
"D","DISPATCH","UNIT_SCADA",1,"2024/02/01 15:50:00","CONDONG1","-0.80",NA,NA,NA
"D","DISPATCH","UNIT_SCADA",1,"2024/02/01 15:50:00","CULLRGWF","16.559999",NA,NA,NA
"D","DISPATCH","UNIT_SCADA",1,"2024/02/01 15:50:00","DIAPURWF1","0",NA,NA,NA
"D","DISPATCH","UNIT_SCADA",1,"2024/02/01 15:50:00","ERGT01","0",NA,NA,NA
"D","DISPATCH","UNIT_SCADA",1,"2024/02/01 15:50:00","GB01","0",NA,NA,NA
"D","DISPATCH","UNIT_SCADA",1,"2024/02/01 15:50:00","GERMCRK","16.2110",NA,NA,NA
"D","DISPATCH","UNIT_SCADA",1,"2024/02/01 15:50:00","GRIFSF1","27.020075",NA,NA,NA
"D","DISPATCH","UNIT_SCADA",1,"2024/02/01 15:50:00","HUGSF1","4.0570",NA,NA,NA
"D","DISPATCH","UNIT_SCADA",1,"2024/02/01 15:50:00","KEPBG1","0",NA,NA,NA
"D","DISPATCH","UNIT_SCADA",1,"2024/02/01 15:50:00","LRSF1","10.0690",NA,NA,NA
"D","DISPATCH","UNIT_SCADA",1,"2024/02/01 15:50:00","MBAHNTH","51.693756",NA,NA,NA
"D","DISPATCH","UNIT_SCADA",1,"2024/02/01 15:50:00","MLSP1","7.460001",NA,NA,NA
"D","DISPATCH","UNIT_SCADA",1,"2024/02/01 15:50:00","MLWF1","15.3750",NA,NA,NA
"D","DISPATCH","UNIT_SCADA",1,"2024/02/01 15:50:00","PALOONA","9.809999",NA,NA,NA
"D","DISPATCH","UNIT_SCADA",1,"2024/02/01 15:50:00","PIONEER","-0.60",NA,NA,NA
"D","DISPATCH","UNIT_SCADA",1,"2024/02/01 15:50:00","PORTWF","111",NA,NA,NA
"D","DISPATCH","UNIT_SCADA",1,"2024/02/01 15:50:00","REPULSE","3.250172",NA,NA,NA
"D","DISPATCH","UNIT_SCADA",1,"2024/02/01 15:50:00","ROWALLAN","0",NA,NA,NA
"D","DISPATCH","UNIT_SCADA",1,"2024/02/01 15:50:00","ROYALLA1","10.507001",NA,NA,NA
"D","DISPATCH","UNIT_SCADA",1,"2024/02/01 15:50:00","RPCG","-1.60",NA,NA,NA
"D","DISPATCH","UNIT_SCADA",1,"2024/02/01 15:50:00","RUBICON","0.81",NA,NA,NA
"D","DISPATCH","UNIT_SCADA",1,"2024/02/01 15:50:00","SHOAL1","19.9750",NA,NA,NA
"D","DISPATCH","UNIT_SCADA",1,"2024/02/01 15:50:00","WAUBRAWF","0",NA,NA,NA
"D","DISPATCH","UNIT_SCADA",1,"2024/02/01 15:50:00","WOOLNTH1","132.809998",NA,NA,NA
"D","DISPATCH","UNIT_SCADA",1,"2024/02/01 15:50:00","YAMBUKWF","25.10",NA,NA,NA
"D","DISPATCH","UNIT_SCADA",1,"2024/02/01 15:50:00","YSWF1","17.799999",NA,NA,NA
"D","DISPATCH","UNIT_SCADA",1,"2024/02/01 15:55:00","BARCSF1","13.60",NA,NA,NA
"D","DISPATCH","UNIT_SCADA",1,"2024/02/01 15:55:00","BUTLERSG","9.099998",NA,NA,NA
"D","DISPATCH","UNIT_SCADA",1,"2024/02/01 15:55:00","BWTR1","15.033080",NA,NA,NA
"D","DISPATCH","UNIT_SCADA",1,"2024/02/01 15:55:00","CAPTL_WF","62.321266",NA,NA,NA
"D","DISPATCH","UNIT_SCADA",1,"2024/02/01 15:55:00","CHALLHWF","19.799999",NA,NA,NA
"D","DISPATCH","UNIT_SCADA",1,"2024/02/01 15:55:00","CLOVER","-0.01",NA,NA,NA
"D","DISPATCH","UNIT_SCADA",1,"2024/02/01 15:55:00","CLUNY","2.157473",NA,NA,NA
"D","DISPATCH","UNIT_SCADA",1,"2024/02/01 15:55:00","CONDONG1","-0.81",NA,NA,NA
"D","DISPATCH","UNIT_SCADA",1,"2024/02/01 15:55:00","CULLRGWF","18.92",NA,NA,NA
"D","DISPATCH","UNIT_SCADA",1,"2024/02/01 15:55:00","DIAPURWF1","0",NA,NA,NA
"D","DISPATCH","UNIT_SCADA",1,"2024/02/01 15:55:00","ERGT01","0",NA,NA,NA
"D","DISPATCH","UNIT_SCADA",1,"2024/02/01 15:55:00","GB01","0",NA,NA,NA
"D","DISPATCH","UNIT_SCADA",1,"2024/02/01 15:55:00","GERMCRK","16.2230",NA,NA,NA
"D","DISPATCH","UNIT_SCADA",1,"2024/02/01 15:55:00","GRIFSF1","27.025730",NA,NA,NA
"D","DISPATCH","UNIT_SCADA",1,"2024/02/01 15:55:00","HUGSF1","3.7210",NA,NA,NA
"D","DISPATCH","UNIT_SCADA",1,"2024/02/01 15:55:00","KEPBG1","0",NA,NA,NA
"D","DISPATCH","UNIT_SCADA",1,"2024/02/01 15:55:00","LRSF1","9.9670",NA,NA,NA
"D","DISPATCH","UNIT_SCADA",1,"2024/02/01 15:55:00","MBAHNTH","51.487503",NA,NA,NA
"D","DISPATCH","UNIT_SCADA",1,"2024/02/01 15:55:00","MLSP1","7.2580",NA,NA,NA
"D","DISPATCH","UNIT_SCADA",1,"2024/02/01 15:55:00","MLWF1","14.94",NA,NA,NA
"D","DISPATCH","UNIT_SCADA",1,"2024/02/01 15:55:00","PALOONA","9.84",NA,NA,NA
"D","DISPATCH","UNIT_SCADA",1,"2024/02/01 15:55:00","PIONEER","-0.60",NA,NA,NA
"D","DISPATCH","UNIT_SCADA",1,"2024/02/01 15:55:00","PORTWF","109.900002",NA,NA,NA
"D","DISPATCH","UNIT_SCADA",1,"2024/02/01 15:55:00","REPULSE","2.850996",NA,NA,NA
"D","DISPATCH","UNIT_SCADA",1,"2024/02/01 15:55:00","ROWALLAN","0",NA,NA,NA
"D","DISPATCH","UNIT_SCADA",1,"2024/02/01 15:55:00","ROYALLA1","10.287001",NA,NA,NA
"D","DISPATCH","UNIT_SCADA",1,"2024/02/01 15:55:00","RPCG","-1.60",NA,NA,NA
"D","DISPATCH","UNIT_SCADA",1,"2024/02/01 15:55:00","RUBICON","0.81",NA,NA,NA
"D","DISPATCH","UNIT_SCADA",1,"2024/02/01 15:55:00","SHOAL1","19.9750",NA,NA,NA
"D","DISPATCH","UNIT_SCADA",1,"2024/02/01 15:55:00","WAUBRAWF","0",NA,NA,NA
"D","DISPATCH","UNIT_SCADA",1,"2024/02/01 15:55:00","WOOLNTH1","130.880005",NA,NA,NA
"D","DISPATCH","UNIT_SCADA",1,"2024/02/01 15:55:00","YAMBUKWF","26",NA,NA,NA
"D","DISPATCH","UNIT_SCADA",1,"2024/02/01 15:55:00","YSWF1","19.90",NA,NA,NA
"D","DISPATCH","UNIT_SCADA",1,"2024/02/01 16:00:00","BARCSF1","13.60",NA,NA,NA
"D","DISPATCH","UNIT_SCADA",1,"2024/02/01 16:00:00","BUTLERSG","8.999998",NA,NA,NA
"D","DISPATCH","UNIT_SCADA",1,"2024/02/01 16:00:00","BWTR1","15.033080",NA,NA,NA
"D","DISPATCH","UNIT_SCADA",1,"2024/02/01 16:00:00","CAPTL_WF","58.000885",NA,NA,NA
"D","DISPATCH","UNIT_SCADA",1,"2024/02/01 16:00:00","CHALLHWF","20.60",NA,NA,NA
"D","DISPATCH","UNIT_SCADA",1,"2024/02/01 16:00:00","CLOVER","-0.01",NA,NA,NA
"D","DISPATCH","UNIT_SCADA",1,"2024/02/01 16:00:00","CLUNY","2.233463",NA,NA,NA
"D","DISPATCH","UNIT_SCADA",1,"2024/02/01 16:00:00","CONDONG1","-0.81",NA,NA,NA
"D","DISPATCH","UNIT_SCADA",1,"2024/02/01 16:00:00","CULLRGWF","0",NA,NA,NA
"D","DISPATCH","UNIT_SCADA",1,"2024/02/01 16:00:00","DIAPURWF1","0",NA,NA,NA
"D","DISPATCH","UNIT_SCADA",1,"2024/02/01 16:00:00","ERGT01","0",NA,NA,NA
"D","DISPATCH","UNIT_SCADA",1,"2024/02/01 16:00:00","GB01","0",NA,NA,NA
"D","DISPATCH","UNIT_SCADA",1,"2024/02/01 16:00:00","GERMCRK","16.037001",NA,NA,NA
"D","DISPATCH","UNIT_SCADA",1,"2024/02/01 16:00:00","GRIFSF1","27.025730",NA,NA,NA
"D","DISPATCH","UNIT_SCADA",1,"2024/02/01 16:00:00","HUGSF1","4.79",NA,NA,NA
"D","DISPATCH","UNIT_SCADA",1,"2024/02/01 16:00:00","KEPBG1","0",NA,NA,NA
"D","DISPATCH","UNIT_SCADA",1,"2024/02/01 16:00:00","LRSF1","9.9670",NA,NA,NA
"D","DISPATCH","UNIT_SCADA",1,"2024/02/01 16:00:00","MBAHNTH","51.393753",NA,NA,NA
"D","DISPATCH","UNIT_SCADA",1,"2024/02/01 16:00:00","MLSP1","7.0570",NA,NA,NA
"D","DISPATCH","UNIT_SCADA",1,"2024/02/01 16:00:00","MLWF1","14.37",NA,NA,NA
"D","DISPATCH","UNIT_SCADA",1,"2024/02/01 16:00:00","PALOONA","9.74",NA,NA,NA
"D","DISPATCH","UNIT_SCADA",1,"2024/02/01 16:00:00","PIONEER","-0.60",NA,NA,NA
"D","DISPATCH","UNIT_SCADA",1,"2024/02/01 16:00:00","PORTWF","112",NA,NA,NA
"D","DISPATCH","UNIT_SCADA",1,"2024/02/01 16:00:00","REPULSE","3.186694",NA,NA,NA
"D","DISPATCH","UNIT_SCADA",1,"2024/02/01 16:00:00","ROWALLAN","0",NA,NA,NA
"D","DISPATCH","UNIT_SCADA",1,"2024/02/01 16:00:00","ROYALLA1","10.0310",NA,NA,NA
"D","DISPATCH","UNIT_SCADA",1,"2024/02/01 16:00:00","RPCG","-1.60",NA,NA,NA
"D","DISPATCH","UNIT_SCADA",1,"2024/02/01 16:00:00","RUBICON","0.81",NA,NA,NA
"D","DISPATCH","UNIT_SCADA",1,"2024/02/01 16:00:00","SHOAL1","19.9750",NA,NA,NA
"D","DISPATCH","UNIT_SCADA",1,"2024/02/01 16:00:00","WAUBRAWF","0",NA,NA,NA
"D","DISPATCH","UNIT_SCADA",1,"2024/02/01 16:00:00","WOOLNTH1","129.179993",NA,NA,NA
"D","DISPATCH","UNIT_SCADA",1,"2024/02/01 16:00:00","YAMBUKWF","24.90",NA,NA,NA
"D","DISPATCH","UNIT_SCADA",1,"2024/02/01 16:00:00","YSWF1","20.60",NA,NA,NA
"D","DISPATCH","UNIT_SCADA",1,"2024/02/01 16:05:00","BARCSF1","13.200001",NA,NA,NA
"D","DISPATCH","UNIT_SCADA",1,"2024/02/01 16:05:00","BUTLERSG","8.999998",NA,NA,NA
"D","DISPATCH","UNIT_SCADA",1,"2024/02/01 16:05:00","BWTR1","15.090240",NA,NA,NA
"D","DISPATCH","UNIT_SCADA",1,"2024/02/01 16:05:00","CAPTL_WF","58.325111",NA,NA,NA
"D","DISPATCH","UNIT_SCADA",1,"2024/02/01 16:05:00","CHALLHWF","18.400002",NA,NA,NA
"D","DISPATCH","UNIT_SCADA",1,"2024/02/01 16:05:00","CLOVER","-0.02",NA,NA,NA
"D","DISPATCH","UNIT_SCADA",1,"2024/02/01 16:05:00","CLUNY","2.190433",NA,NA,NA
"D","DISPATCH","UNIT_SCADA",1,"2024/02/01 16:05:00","CONDONG1","-0.81",NA,NA,NA
"D","DISPATCH","UNIT_SCADA",1,"2024/02/01 16:05:00","CULLRGWF","0",NA,NA,NA
"D","DISPATCH","UNIT_SCADA",1,"2024/02/01 16:05:00","DIAPURWF1","0",NA,NA,NA
"D","DISPATCH","UNIT_SCADA",1,"2024/02/01 16:05:00","ERGT01","0",NA,NA,NA
"D","DISPATCH","UNIT_SCADA",1,"2024/02/01 16:05:00","GB01","0",NA,NA,NA
"D","DISPATCH","UNIT_SCADA",1,"2024/02/01 16:05:00","GERMCRK","16.1840",NA,NA,NA
"D","DISPATCH","UNIT_SCADA",1,"2024/02/01 16:05:00","GRIFSF1","27.012535",NA,NA,NA
"D","DISPATCH","UNIT_SCADA",1,"2024/02/01 16:05:00","HUGSF1","3.1890",NA,NA,NA
"D","DISPATCH","UNIT_SCADA",1,"2024/02/01 16:05:00","KEPBG1","0",NA,NA,NA
"D","DISPATCH","UNIT_SCADA",1,"2024/02/01 16:05:00","LRSF1","9.9670",NA,NA,NA
"D","DISPATCH","UNIT_SCADA",1,"2024/02/01 16:05:00","MBAHNTH","50.962509",NA,NA,NA
"D","DISPATCH","UNIT_SCADA",1,"2024/02/01 16:05:00","MLSP1","6.8570",NA,NA,NA
"D","DISPATCH","UNIT_SCADA",1,"2024/02/01 16:05:00","MLWF1","13.485001",NA,NA,NA
"D","DISPATCH","UNIT_SCADA",1,"2024/02/01 16:05:00","PALOONA","9.80",NA,NA,NA
"D","DISPATCH","UNIT_SCADA",1,"2024/02/01 16:05:00","PIONEER","-0.60",NA,NA,NA
"D","DISPATCH","UNIT_SCADA",1,"2024/02/01 16:05:00","PORTWF","111.099998",NA,NA,NA
"D","DISPATCH","UNIT_SCADA",1,"2024/02/01 16:05:00","REPULSE","3.111009",NA,NA,NA
"D","DISPATCH","UNIT_SCADA",1,"2024/02/01 16:05:00","ROWALLAN","0",NA,NA,NA
"D","DISPATCH","UNIT_SCADA",1,"2024/02/01 16:05:00","ROYALLA1","9.716001",NA,NA,NA
"D","DISPATCH","UNIT_SCADA",1,"2024/02/01 16:05:00","RPCG","-1.60",NA,NA,NA
"D","DISPATCH","UNIT_SCADA",1,"2024/02/01 16:05:00","RUBICON","0.81",NA,NA,NA
"D","DISPATCH","UNIT_SCADA",1,"2024/02/01 16:05:00","SHOAL1","19.9750",NA,NA,NA
"D","DISPATCH","UNIT_SCADA",1,"2024/02/01 16:05:00","WAUBRAWF","0",NA,NA,NA
"D","DISPATCH","UNIT_SCADA",1,"2024/02/01 01:40:00","BARCSF1","0.10",NA,NA,NA
"D","DISPATCH","UNIT_SCADA",1,"2024/02/01 01:40:00","BUTLERSG","8.999998",NA,NA,NA
"D","DISPATCH","UNIT_SCADA",1,"2024/02/01 01:40:00","BWTR1","14.175680",NA,NA,NA
"D","DISPATCH","UNIT_SCADA",1,"2024/02/01 01:40:00","CAPTL_WF","0",NA,NA,NA
"D","DISPATCH","UNIT_SCADA",1,"2024/02/01 01:40:00","CHALLHWF","0",NA,NA,NA
"D","DISPATCH","UNIT_SCADA",1,"2024/02/01 01:40:00","CLOVER","-0.02",NA,NA,NA
"D","DISPATCH","UNIT_SCADA",1,"2024/02/01 01:40:00","CLUNY","5.114672",NA,NA,NA
"D","DISPATCH","UNIT_SCADA",1,"2024/02/01 01:40:00","CONDONG1","-0.88",NA,NA,NA
"D","DISPATCH","UNIT_SCADA",1,"2024/02/01 01:40:00","CULLRGWF","11.53",NA,NA,NA
"D","DISPATCH","UNIT_SCADA",1,"2024/02/01 01:40:00","DIAPURWF1","0",NA,NA,NA
"D","DISPATCH","UNIT_SCADA",1,"2024/02/01 01:40:00","ERGT01","0",NA,NA,NA
"D","DISPATCH","UNIT_SCADA",1,"2024/02/01 01:40:00","GB01","0",NA,NA,NA
"D","DISPATCH","UNIT_SCADA",1,"2024/02/01 01:40:00","GERMCRK","15.31",NA,NA,NA
"D","DISPATCH","UNIT_SCADA",1,"2024/02/01 01:40:00","GRIFSF1","0",NA,NA,NA
"D","DISPATCH","UNIT_SCADA",1,"2024/02/01 01:40:00","HUGSF1","-0.0490",NA,NA,NA
"D","DISPATCH","UNIT_SCADA",1,"2024/02/01 01:40:00","KEPBG1","0",NA,NA,NA
"D","DISPATCH","UNIT_SCADA",1,"2024/02/01 01:40:00","LRSF1","0.0480",NA,NA,NA
"D","DISPATCH","UNIT_SCADA",1,"2024/02/01 01:40:00","MBAHNTH","44.681259",NA,NA,NA
"D","DISPATCH","UNIT_SCADA",1,"2024/02/01 01:40:00","MLSP1","0.0140",NA,NA,NA
"D","DISPATCH","UNIT_SCADA",1,"2024/02/01 01:40:00","MLWF1","0.2850",NA,NA,NA
"D","DISPATCH","UNIT_SCADA",1,"2024/02/01 01:40:00","PALOONA","0",NA,NA,NA
"D","DISPATCH","UNIT_SCADA",1,"2024/02/01 01:40:00","PIONEER","-0.40",NA,NA,NA
"D","DISPATCH","UNIT_SCADA",1,"2024/02/01 01:40:00","PORTWF","19.10",NA,NA,NA
"D","DISPATCH","UNIT_SCADA",1,"2024/02/01 01:40:00","REPULSE","9.168231",NA,NA,NA
"D","DISPATCH","UNIT_SCADA",1,"2024/02/01 01:40:00","ROWALLAN","0",NA,NA,NA
"D","DISPATCH","UNIT_SCADA",1,"2024/02/01 01:40:00","ROYALLA1","0",NA,NA,NA
"D","DISPATCH","UNIT_SCADA",1,"2024/02/01 01:40:00","RPCG","-0.20",NA,NA,NA
"D","DISPATCH","UNIT_SCADA",1,"2024/02/01 01:40:00","RUBICON","0.72",NA,NA,NA
"D","DISPATCH","UNIT_SCADA",1,"2024/02/01 01:40:00","SHOAL1","11.95",NA,NA,NA
"D","DISPATCH","UNIT_SCADA",1,"2024/02/01 01:40:00","WAUBRAWF","54.487999",NA,NA,NA
"D","DISPATCH","UNIT_SCADA",1,"2024/02/01 01:40:00","WOOLNTH1","74.520004",NA,NA,NA
"D","DISPATCH","UNIT_SCADA",1,"2024/02/01 01:40:00","YAMBUKWF","1.60",NA,NA,NA
"D","DISPATCH","UNIT_SCADA",1,"2024/02/01 01:40:00","YSWF1","1.70",NA,NA,NA
"D","DISPATCH","UNIT_SCADA",1,"2024/02/01 05:55:00","WOOLNTH1","116.029999",NA,NA,NA
"D","DISPATCH","UNIT_SCADA",1,"2024/02/01 05:55:00","YSWF1","10.80",NA,NA,NA
"D","DISPATCH","UNIT_SCADA",1,"2024/02/01 06:00:00","BARCSF1","0.10",NA,NA,NA
"D","DISPATCH","UNIT_SCADA",1,"2024/02/01 06:00:00","BUTLERSG","9.099998",NA,NA,NA
"D","DISPATCH","UNIT_SCADA",1,"2024/02/01 06:00:00","BWTR1","15.376040",NA,NA,NA
"D","DISPATCH","UNIT_SCADA",1,"2024/02/01 06:00:00","CAPTL_WF","0",NA,NA,NA
"D","DISPATCH","UNIT_SCADA",1,"2024/02/01 06:00:00","CHALLHWF","6",NA,NA,NA
"D","DISPATCH","UNIT_SCADA",1,"2024/02/01 06:00:00","CLOVER","23.849998",NA,NA,NA
"D","DISPATCH","UNIT_SCADA",1,"2024/02/01 06:00:00","CLUNY","4.653239",NA,NA,NA
"D","DISPATCH","UNIT_SCADA",1,"2024/02/01 06:00:00","CONDONG1","-0.90",NA,NA,NA
"D","DISPATCH","UNIT_SCADA",1,"2024/02/01 06:00:00","CULLRGWF","3.39",NA,NA,NA
"D","DISPATCH","UNIT_SCADA",1,"2024/02/01 06:00:00","DIAPURWF1","0",NA,NA,NA
"D","DISPATCH","UNIT_SCADA",1,"2024/02/01 06:00:00","ERGT01","0",NA,NA,NA
"D","DISPATCH","UNIT_SCADA",1,"2024/02/01 06:00:00","GB01","0",NA,NA,NA
"D","DISPATCH","UNIT_SCADA",1,"2024/02/01 06:00:00","GERMCRK","9.9360",NA,NA,NA
"D","DISPATCH","UNIT_SCADA",1,"2024/02/01 06:00:00","GRIFSF1","0.768178",NA,NA,NA
"D","DISPATCH","UNIT_SCADA",1,"2024/02/01 06:00:00","HUGSF1","-0.0490",NA,NA,NA
"D","DISPATCH","UNIT_SCADA",1,"2024/02/01 06:00:00","KEPBG1","0",NA,NA,NA
"D","DISPATCH","UNIT_SCADA",1,"2024/02/01 06:00:00","LRSF1","0.0480",NA,NA,NA
"D","DISPATCH","UNIT_SCADA",1,"2024/02/01 06:00:00","MBAHNTH","42.487503",NA,NA,NA
"D","DISPATCH","UNIT_SCADA",1,"2024/02/01 06:00:00","MLSP1","0.2220",NA,NA,NA
"D","DISPATCH","UNIT_SCADA",1,"2024/02/01 06:00:00","PALOONA","0",NA,NA,NA
"D","DISPATCH","UNIT_SCADA",1,"2024/02/01 06:00:00","PIONEER","-0.60",NA,NA,NA
"D","DISPATCH","UNIT_SCADA",1,"2024/02/01 06:00:00","PORTWF","58.099998",NA,NA,NA
"D","DISPATCH","UNIT_SCADA",1,"2024/02/01 06:00:00","REPULSE","7.047837",NA,NA,NA
"D","DISPATCH","UNIT_SCADA",1,"2024/02/01 06:00:00","ROWALLAN","0",NA,NA,NA
"D","DISPATCH","UNIT_SCADA",1,"2024/02/01 06:00:00","ROYALLA1","0.3060",NA,NA,NA
"D","DISPATCH","UNIT_SCADA",1,"2024/02/01 06:00:00","RPCG","-0.20",NA,NA,NA
"D","DISPATCH","UNIT_SCADA",1,"2024/02/01 06:00:00","RUBICON","0.72",NA,NA,NA
"D","DISPATCH","UNIT_SCADA",1,"2024/02/01 06:00:00","SHOAL1","11.95",NA,NA,NA
"D","DISPATCH","UNIT_SCADA",1,"2024/02/01 06:00:00","WAUBRAWF","72.637001",NA,NA,NA
"D","DISPATCH","UNIT_SCADA",1,"2024/02/01 06:00:00","WOOLNTH1","115.649994",NA,NA,NA
"D","DISPATCH","UNIT_SCADA",1,"2024/02/01 06:00:00","YAMBUKWF","4.10",NA,NA,NA
"D","DISPATCH","UNIT_SCADA",1,"2024/02/01 06:00:00","YSWF1","9.20",NA,NA,NA
"D","DISPATCH","UNIT_SCADA",1,"2024/02/01 06:10:00","BARCSF1","0.10",NA,NA,NA
"D","DISPATCH","UNIT_SCADA",1,"2024/02/01 06:10:00","BUTLERSG","9.099998",NA,NA,NA
"D","DISPATCH","UNIT_SCADA",1,"2024/02/01 06:10:00","BWTR1","15.376040",NA,NA,NA
"D","DISPATCH","UNIT_SCADA",1,"2024/02/01 06:10:00","CAPTL_WF","0",NA,NA,NA
"D","DISPATCH","UNIT_SCADA",1,"2024/02/01 06:10:00","CHALLHWF","5.10",NA,NA,NA
"D","DISPATCH","UNIT_SCADA",1,"2024/02/01 06:10:00","CLOVER","23.950001",NA,NA,NA
"D","DISPATCH","UNIT_SCADA",1,"2024/02/01 06:10:00","CLUNY","4.695354",NA,NA,NA
"D","DISPATCH","UNIT_SCADA",1,"2024/02/01 06:10:00","CONDONG1","-0.89",NA,NA,NA
"D","DISPATCH","UNIT_SCADA",1,"2024/02/01 06:10:00","CULLRGWF","2.31",NA,NA,NA
"D","DISPATCH","UNIT_SCADA",1,"2024/02/01 06:10:00","DIAPURWF1","0",NA,NA,NA
"D","DISPATCH","UNIT_SCADA",1,"2024/02/01 06:10:00","ERGT01","0",NA,NA,NA
"D","DISPATCH","UNIT_SCADA",1,"2024/02/01 06:10:00","GB01","0",NA,NA,NA
"D","DISPATCH","UNIT_SCADA",1,"2024/02/01 06:10:00","GERMCRK","11.2360",NA,NA,NA
"D","DISPATCH","UNIT_SCADA",1,"2024/02/01 06:10:00","GRIFSF1","2.445917",NA,NA,NA
"D","DISPATCH","UNIT_SCADA",1,"2024/02/01 06:10:00","HUGSF1","-0.0490",NA,NA,NA
"D","DISPATCH","UNIT_SCADA",1,"2024/02/01 06:10:00","KEPBG1","0",NA,NA,NA
"D","DISPATCH","UNIT_SCADA",1,"2024/02/01 06:10:00","LRSF1","0.0480",NA,NA,NA
"D","DISPATCH","UNIT_SCADA",1,"2024/02/01 06:10:00","MBAHNTH","42.262497",NA,NA,NA
"D","DISPATCH","UNIT_SCADA",1,"2024/02/01 06:10:00","MLSP1","0.2720",NA,NA,NA
"D","DISPATCH","UNIT_SCADA",1,"2024/02/01 06:10:00","PALOONA","0",NA,NA,NA
"D","DISPATCH","UNIT_SCADA",1,"2024/02/01 06:10:00","PIONEER","-0.50",NA,NA,NA
"D","DISPATCH","UNIT_SCADA",1,"2024/02/01 06:10:00","PORTWF","57.50",NA,NA,NA
"D","DISPATCH","UNIT_SCADA",1,"2024/02/01 06:10:00","REPULSE","7.016098",NA,NA,NA
"D","DISPATCH","UNIT_SCADA",1,"2024/02/01 06:10:00","ROWALLAN","0",NA,NA,NA
"D","DISPATCH","UNIT_SCADA",1,"2024/02/01 06:10:00","ROYALLA1","0.4190",NA,NA,NA
"D","DISPATCH","UNIT_SCADA",1,"2024/02/01 06:10:00","RPCG","-0.20",NA,NA,NA
"D","DISPATCH","UNIT_SCADA",1,"2024/02/01 06:10:00","RUBICON","0.72",NA,NA,NA
"D","DISPATCH","UNIT_SCADA",1,"2024/02/01 06:10:00","SHOAL1","17.5250",NA,NA,NA
"D","DISPATCH","UNIT_SCADA",1,"2024/02/01 06:10:00","WAUBRAWF","68.491997",NA,NA,NA
"D","DISPATCH","UNIT_SCADA",1,"2024/02/01 06:10:00","WOOLNTH1","116.279999",NA,NA,NA
"D","DISPATCH","UNIT_SCADA",1,"2024/02/01 06:10:00","YAMBUKWF","2.80",NA,NA,NA
"D","DISPATCH","UNIT_SCADA",1,"2024/02/01 06:10:00","YSWF1","8.70",NA,NA,NA
"D","DISPATCH","UNIT_SCADA",1,"2024/02/01 06:25:00","BARCSF1","0.60",NA,NA,NA
"D","DISPATCH","UNIT_SCADA",1,"2024/02/01 06:25:00","BUTLERSG","9.099998",NA,NA,NA
"D","DISPATCH","UNIT_SCADA",1,"2024/02/01 06:25:00","BWTR1","15.318880",NA,NA,NA
"D","DISPATCH","UNIT_SCADA",1,"2024/02/01 06:25:00","CAPTL_WF","0",NA,NA,NA
"D","DISPATCH","UNIT_SCADA",1,"2024/02/01 06:25:00","CHALLHWF","4.50",NA,NA,NA
"D","DISPATCH","UNIT_SCADA",1,"2024/02/01 06:25:00","CLOVER","23.869999",NA,NA,NA
"D","DISPATCH","UNIT_SCADA",1,"2024/02/01 06:25:00","CLUNY","4.733806",NA,NA,NA
"D","DISPATCH","UNIT_SCADA",1,"2024/02/01 06:25:00","CONDONG1","-0.99",NA,NA,NA
"D","DISPATCH","UNIT_SCADA",1,"2024/02/01 06:25:00","CULLRGWF","1.55",NA,NA,NA
"D","DISPATCH","UNIT_SCADA",1,"2024/02/01 06:25:00","DIAPURWF1","0",NA,NA,NA
"D","DISPATCH","UNIT_SCADA",1,"2024/02/01 06:25:00","ERGT01","0",NA,NA,NA
"D","DISPATCH","UNIT_SCADA",1,"2024/02/01 06:25:00","GB01","0",NA,NA,NA
"D","DISPATCH","UNIT_SCADA",1,"2024/02/01 06:25:00","GERMCRK","5.7520",NA,NA,NA
"D","DISPATCH","UNIT_SCADA",1,"2024/02/01 06:25:00","GRIFSF1","6.355613",NA,NA,NA
"D","DISPATCH","UNIT_SCADA",1,"2024/02/01 06:25:00","HUGSF1","-0.0490",NA,NA,NA
"D","DISPATCH","UNIT_SCADA",1,"2024/02/01 06:25:00","KEPBG1","0",NA,NA,NA
"D","DISPATCH","UNIT_SCADA",1,"2024/02/01 06:25:00","LRSF1","0.3530",NA,NA,NA
"D","DISPATCH","UNIT_SCADA",1,"2024/02/01 06:25:00","MBAHNTH","42",NA,NA,NA
"D","DISPATCH","UNIT_SCADA",1,"2024/02/01 06:25:00","MLSP1","0.4730",NA,NA,NA
"D","DISPATCH","UNIT_SCADA",1,"2024/02/01 06:25:00","MLWF1","2.49",NA,NA,NA
"D","DISPATCH","UNIT_SCADA",1,"2024/02/01 06:25:00","PALOONA","0",NA,NA,NA
"D","DISPATCH","UNIT_SCADA",1,"2024/02/01 06:25:00","PIONEER","-0.50",NA,NA,NA
"D","DISPATCH","UNIT_SCADA",1,"2024/02/01 06:25:00","PORTWF","62.599998",NA,NA,NA
"D","DISPATCH","UNIT_SCADA",1,"2024/02/01 06:25:00","REPULSE","6.940413",NA,NA,NA
"D","DISPATCH","UNIT_SCADA",1,"2024/02/01 06:25:00","ROWALLAN","0",NA,NA,NA
"D","DISPATCH","UNIT_SCADA",1,"2024/02/01 06:25:00","ROYALLA1","0.6840",NA,NA,NA
"D","DISPATCH","UNIT_SCADA",1,"2024/02/01 06:25:00","RPCG","-1.60",NA,NA,NA
"D","DISPATCH","UNIT_SCADA",1,"2024/02/01 06:25:00","RUBICON","0.72",NA,NA,NA
"D","DISPATCH","UNIT_SCADA",1,"2024/02/01 06:25:00","SHOAL1","19.9750",NA,NA,NA
"D","DISPATCH","UNIT_SCADA",1,"2024/02/01 06:25:00","WAUBRAWF","72.125999",NA,NA,NA
"D","DISPATCH","UNIT_SCADA",1,"2024/02/01 06:25:00","WOOLNTH1","131.849991",NA,NA,NA
"D","DISPATCH","UNIT_SCADA",1,"2024/02/01 06:25:00","YAMBUKWF","3",NA,NA,NA
"D","DISPATCH","UNIT_SCADA",1,"2024/02/01 06:25:00","YSWF1","7.50",NA,NA,NA
"D","DISPATCH","UNIT_SCADA",1,"2024/02/01 06:30:00","BARCSF1","1",NA,NA,NA
"D","DISPATCH","UNIT_SCADA",1,"2024/02/01 06:30:00","BUTLERSG","9.099998",NA,NA,NA
"D","DISPATCH","UNIT_SCADA",1,"2024/02/01 06:30:00","BWTR1","15.318880",NA,NA,NA
"D","DISPATCH","UNIT_SCADA",1,"2024/02/01 06:30:00","CAPTL_WF","0",NA,NA,NA
"D","DISPATCH","UNIT_SCADA",1,"2024/02/01 06:30:00","CHALLHWF","3.10",NA,NA,NA
"D","DISPATCH","UNIT_SCADA",1,"2024/02/01 06:30:00","CLOVER","23.950001",NA,NA,NA
"D","DISPATCH","UNIT_SCADA",1,"2024/02/01 06:30:00","CLUNY","4.753033",NA,NA,NA
"D","DISPATCH","UNIT_SCADA",1,"2024/02/01 06:30:00","CONDONG1","-0.99",NA,NA,NA
"D","DISPATCH","UNIT_SCADA",1,"2024/02/01 06:30:00","CULLRGWF","1.94",NA,NA,NA
"D","DISPATCH","UNIT_SCADA",1,"2024/02/01 06:30:00","DIAPURWF1","0",NA,NA,NA
"D","DISPATCH","UNIT_SCADA",1,"2024/02/01 06:30:00","ERGT01","0",NA,NA,NA
"D","DISPATCH","UNIT_SCADA",1,"2024/02/01 06:30:00","GB01","0",NA,NA,NA
"D","DISPATCH","UNIT_SCADA",1,"2024/02/01 06:30:00","GERMCRK","10.0650",NA,NA,NA
"D","DISPATCH","UNIT_SCADA",1,"2024/02/01 06:30:00","GRIFSF1","7.875003",NA,NA,NA
"D","DISPATCH","UNIT_SCADA",1,"2024/02/01 06:30:00","HUGSF1","-0.0490",NA,NA,NA
"D","DISPATCH","UNIT_SCADA",1,"2024/02/01 06:30:00","KEPBG1","0",NA,NA,NA
"D","DISPATCH","UNIT_SCADA",1,"2024/02/01 06:30:00","LRSF1","0.7750",NA,NA,NA
"D","DISPATCH","UNIT_SCADA",1,"2024/02/01 06:30:00","MBAHNTH","41.887497",NA,NA,NA
"D","DISPATCH","UNIT_SCADA",1,"2024/02/01 06:30:00","MLSP1","0.5230",NA,NA,NA
"D","DISPATCH","UNIT_SCADA",1,"2024/02/01 06:30:00","MLWF1","3.2550",NA,NA,NA
"D","DISPATCH","UNIT_SCADA",1,"2024/02/01 06:30:00","PALOONA","0",NA,NA,NA
"D","DISPATCH","UNIT_SCADA",1,"2024/02/01 06:30:00","PIONEER","-0.70",NA,NA,NA
"D","DISPATCH","UNIT_SCADA",1,"2024/02/01 06:30:00","PORTWF","68",NA,NA,NA
"D","DISPATCH","UNIT_SCADA",1,"2024/02/01 06:30:00","REPULSE","6.996567",NA,NA,NA
"D","DISPATCH","UNIT_SCADA",1,"2024/02/01 06:30:00","ROWALLAN","0",NA,NA,NA
"D","DISPATCH","UNIT_SCADA",1,"2024/02/01 06:30:00","ROYALLA1","0.6690",NA,NA,NA
"D","DISPATCH","UNIT_SCADA",1,"2024/02/01 06:30:00","RPCG","-1.60",NA,NA,NA
"D","DISPATCH","UNIT_SCADA",1,"2024/02/01 06:30:00","RUBICON","0.72",NA,NA,NA
"D","DISPATCH","UNIT_SCADA",1,"2024/02/01 06:30:00","SHOAL1","19.9750",NA,NA,NA
"D","DISPATCH","UNIT_SCADA",1,"2024/02/01 06:30:00","WAUBRAWF","71.742996",NA,NA,NA
"D","DISPATCH","UNIT_SCADA",1,"2024/02/01 06:30:00","WOOLNTH1","124.550003",NA,NA,NA
"D","DISPATCH","UNIT_SCADA",1,"2024/02/01 06:30:00","YSWF1","8",NA,NA,NA
"D","DISPATCH","UNIT_SCADA",1,"2024/02/01 06:35:00","BARCSF1","1.80",NA,NA,NA
"D","DISPATCH","UNIT_SCADA",1,"2024/02/01 06:35:00","BUTLERSG","8.999998",NA,NA,NA
"D","DISPATCH","UNIT_SCADA",1,"2024/02/01 06:35:00","BWTR1","15.318880",NA,NA,NA
"D","DISPATCH","UNIT_SCADA",1,"2024/02/01 06:35:00","CAPTL_WF","0",NA,NA,NA
"D","DISPATCH","UNIT_SCADA",1,"2024/02/01 06:35:00","CHALLHWF","3.10",NA,NA,NA
"D","DISPATCH","UNIT_SCADA",1,"2024/02/01 06:35:00","CLOVER","4.25",NA,NA,NA
"D","DISPATCH","UNIT_SCADA",1,"2024/02/01 06:35:00","CLUNY","4.653239",NA,NA,NA
"D","DISPATCH","UNIT_SCADA",1,"2024/02/01 06:35:00","CONDONG1","-1.06",NA,NA,NA
"D","DISPATCH","UNIT_SCADA",1,"2024/02/01 06:35:00","CULLRGWF","1.65",NA,NA,NA
"D","DISPATCH","UNIT_SCADA",1,"2024/02/01 06:35:00","DIAPURWF1","0",NA,NA,NA
"D","DISPATCH","UNIT_SCADA",1,"2024/02/01 06:35:00","ERGT01","0",NA,NA,NA
"D","DISPATCH","UNIT_SCADA",1,"2024/02/01 06:35:00","GB01","0",NA,NA,NA
"D","DISPATCH","UNIT_SCADA",1,"2024/02/01 06:35:00","GERMCRK","10.1010",NA,NA,NA
"D","DISPATCH","UNIT_SCADA",1,"2024/02/01 06:35:00","GRIFSF1","9.603640",NA,NA,NA
"D","DISPATCH","UNIT_SCADA",1,"2024/02/01 06:35:00","HUGSF1","-0.0490",NA,NA,NA
"D","DISPATCH","UNIT_SCADA",1,"2024/02/01 06:35:00","KEPBG1","0",NA,NA,NA
"D","DISPATCH","UNIT_SCADA",1,"2024/02/01 06:35:00","LRSF1","0.5620",NA,NA,NA
"D","DISPATCH","UNIT_SCADA",1,"2024/02/01 06:35:00","MBAHNTH","42.318756",NA,NA,NA
"D","DISPATCH","UNIT_SCADA",1,"2024/02/01 06:35:00","MLSP1","0.5230",NA,NA,NA
"D","DISPATCH","UNIT_SCADA",1,"2024/02/01 06:35:00","MLWF1","3.42",NA,NA,NA
"D","DISPATCH","UNIT_SCADA",1,"2024/02/01 06:35:00","PALOONA","0",NA,NA,NA
"D","DISPATCH","UNIT_SCADA",1,"2024/02/01 06:35:00","PIONEER","-0.70",NA,NA,NA
"D","DISPATCH","UNIT_SCADA",1,"2024/02/01 06:35:00","PORTWF","62.299999",NA,NA,NA
"D","DISPATCH","UNIT_SCADA",1,"2024/02/01 06:35:00","REPULSE","7.053941",NA,NA,NA
"D","DISPATCH","UNIT_SCADA",1,"2024/02/01 06:35:00","ROWALLAN","0",NA,NA,NA
"D","DISPATCH","UNIT_SCADA",1,"2024/02/01 06:35:00","ROYALLA1","0.80",NA,NA,NA
"D","DISPATCH","UNIT_SCADA",1,"2024/02/01 06:35:00","RPCG","-1.60",NA,NA,NA
"D","DISPATCH","UNIT_SCADA",1,"2024/02/01 06:35:00","RUBICON","0.72",NA,NA,NA
"D","DISPATCH","UNIT_SCADA",1,"2024/02/01 06:35:00","SHOAL1","19.9750",NA,NA,NA
"D","DISPATCH","UNIT_SCADA",1,"2024/02/01 06:35:00","WAUBRAWF","65.683998",NA,NA,NA
"D","DISPATCH","UNIT_SCADA",1,"2024/02/01 06:35:00","WOOLNTH1","119.119995",NA,NA,NA
"D","DISPATCH","UNIT_SCADA",1,"2024/02/01 06:35:00","YSWF1","9.30",NA,NA,NA
"D","DISPATCH","UNIT_SCADA",1,"2024/02/01 06:40:00","BARCSF1","2.80",NA,NA,NA
"D","DISPATCH","UNIT_SCADA",1,"2024/02/01 06:40:00","BUTLERSG","8.999998",NA,NA,NA
"D","DISPATCH","UNIT_SCADA",1,"2024/02/01 06:40:00","BWTR1","15.318880",NA,NA,NA
"D","DISPATCH","UNIT_SCADA",1,"2024/02/01 06:40:00","CAPTL_WF","0",NA,NA,NA
"D","DISPATCH","UNIT_SCADA",1,"2024/02/01 06:40:00","CHALLHWF","2.80",NA,NA,NA
"D","DISPATCH","UNIT_SCADA",1,"2024/02/01 06:40:00","CLOVER","-0.01",NA,NA,NA
"D","DISPATCH","UNIT_SCADA",1,"2024/02/01 06:40:00","CLUNY","4.643168",NA,NA,NA
"D","DISPATCH","UNIT_SCADA",1,"2024/02/01 06:40:00","CONDONG1","-1.08",NA,NA,NA
"D","DISPATCH","UNIT_SCADA",1,"2024/02/01 06:40:00","CULLRGWF","1.54",NA,NA,NA
"D","DISPATCH","UNIT_SCADA",1,"2024/02/01 06:40:00","DIAPURWF1","0",NA,NA,NA
"D","DISPATCH","UNIT_SCADA",1,"2024/02/01 06:40:00","ERGT01","0",NA,NA,NA
"D","DISPATCH","UNIT_SCADA",1,"2024/02/01 06:40:00","GB01","0",NA,NA,NA
"D","DISPATCH","UNIT_SCADA",1,"2024/02/01 06:40:00","GERMCRK","9.9590",NA,NA,NA
"D","DISPATCH","UNIT_SCADA",1,"2024/02/01 06:40:00","GRIFSF1","11.194664",NA,NA,NA
"D","DISPATCH","UNIT_SCADA",1,"2024/02/01 06:40:00","HUGSF1","-0.0490",NA,NA,NA
"D","DISPATCH","UNIT_SCADA",1,"2024/02/01 06:40:00","KEPBG1","0",NA,NA,NA
"D","DISPATCH","UNIT_SCADA",1,"2024/02/01 06:40:00","LRSF1","0.7680",NA,NA,NA
"D","DISPATCH","UNIT_SCADA",1,"2024/02/01 06:40:00","MBAHNTH","42.281250",NA,NA,NA
"D","DISPATCH","UNIT_SCADA",1,"2024/02/01 06:40:00","MLSP1","0.6230",NA,NA,NA
"D","DISPATCH","UNIT_SCADA",1,"2024/02/01 06:40:00","MLWF1","4.08",NA,NA,NA
"D","DISPATCH","UNIT_SCADA",1,"2024/02/01 06:40:00","PALOONA","0",NA,NA,NA
"D","DISPATCH","UNIT_SCADA",1,"2024/02/01 06:40:00","PIONEER","-0.70",NA,NA,NA
"D","DISPATCH","UNIT_SCADA",1,"2024/02/01 06:40:00","PORTWF","55",NA,NA,NA
"D","DISPATCH","UNIT_SCADA",1,"2024/02/01 06:40:00","REPULSE","6.920882",NA,NA,NA
"D","DISPATCH","UNIT_SCADA",1,"2024/02/01 06:40:00","ROWALLAN","0",NA,NA,NA
"D","DISPATCH","UNIT_SCADA",1,"2024/02/01 06:40:00","ROYALLA1","0.8230",NA,NA,NA
"D","DISPATCH","UNIT_SCADA",1,"2024/02/01 06:40:00","RPCG","-1.60",NA,NA,NA
"D","DISPATCH","UNIT_SCADA",1,"2024/02/01 06:40:00","RUBICON","0.72",NA,NA,NA
"D","DISPATCH","UNIT_SCADA",1,"2024/02/01 06:40:00","SHOAL1","19.9750",NA,NA,NA
"D","DISPATCH","UNIT_SCADA",1,"2024/02/01 06:40:00","WAUBRAWF","55.787998",NA,NA,NA
"D","DISPATCH","UNIT_SCADA",1,"2024/02/01 06:40:00","WOOLNTH1","123.179993",NA,NA,NA
"D","DISPATCH","UNIT_SCADA",1,"2024/02/01 06:40:00","YSWF1","10.90",NA,NA,NA
"D","DISPATCH","UNIT_SCADA",1,"2024/02/01 06:45:00","BARCSF1","2.80",NA,NA,NA
"D","DISPATCH","UNIT_SCADA",1,"2024/02/01 06:45:00","BUTLERSG","9.099998",NA,NA,NA
"D","DISPATCH","UNIT_SCADA",1,"2024/02/01 06:45:00","BWTR1","15.318880",NA,NA,NA
"D","DISPATCH","UNIT_SCADA",1,"2024/02/01 06:45:00","CAPTL_WF","0",NA,NA,NA
"D","DISPATCH","UNIT_SCADA",1,"2024/02/01 06:45:00","CHALLHWF","1.70",NA,NA,NA
"D","DISPATCH","UNIT_SCADA",1,"2024/02/01 06:45:00","CLOVER","-0.02",NA,NA,NA
"D","DISPATCH","UNIT_SCADA",1,"2024/02/01 06:45:00","CLUNY","4.695354",NA,NA,NA
"D","DISPATCH","UNIT_SCADA",1,"2024/02/01 06:45:00","CONDONG1","-1.02",NA,NA,NA
"D","DISPATCH","UNIT_SCADA",1,"2024/02/01 06:45:00","CULLRGWF","1.45",NA,NA,NA
"D","DISPATCH","UNIT_SCADA",1,"2024/02/01 06:45:00","DIAPURWF1","0",NA,NA,NA
"D","DISPATCH","UNIT_SCADA",1,"2024/02/01 06:45:00","ERGT01","0",NA,NA,NA
"D","DISPATCH","UNIT_SCADA",1,"2024/02/01 06:45:00","GB01","0",NA,NA,NA
"D","DISPATCH","UNIT_SCADA",1,"2024/02/01 06:45:00","GERMCRK","10.2110",NA,NA,NA
"D","DISPATCH","UNIT_SCADA",1,"2024/02/01 06:45:00","GRIFSF1","12.597178",NA,NA,NA
"D","DISPATCH","UNIT_SCADA",1,"2024/02/01 06:45:00","HUGSF1","0.0560",NA,NA,NA
"D","DISPATCH","UNIT_SCADA",1,"2024/02/01 06:45:00","KEPBG1","0",NA,NA,NA
"D","DISPATCH","UNIT_SCADA",1,"2024/02/01 06:45:00","LRSF1","2.6690",NA,NA,NA
"D","DISPATCH","UNIT_SCADA",1,"2024/02/01 06:45:00","MBAHNTH","42.131256",NA,NA,NA
"D","DISPATCH","UNIT_SCADA",1,"2024/02/01 06:45:00","MLSP1","0.6740",NA,NA,NA
"D","DISPATCH","UNIT_SCADA",1,"2024/02/01 06:45:00","MLWF1","4.5150",NA,NA,NA
"D","DISPATCH","UNIT_SCADA",1,"2024/02/01 06:45:00","PALOONA","0",NA,NA,NA
"D","DISPATCH","UNIT_SCADA",1,"2024/02/01 06:45:00","PIONEER","-0.70",NA,NA,NA
"D","DISPATCH","UNIT_SCADA",1,"2024/02/01 06:45:00","PORTWF","62.900002",NA,NA,NA
"D","DISPATCH","UNIT_SCADA",1,"2024/02/01 06:45:00","REPULSE","6.946517",NA,NA,NA
"D","DISPATCH","UNIT_SCADA",1,"2024/02/01 06:45:00","ROWALLAN","0",NA,NA,NA
"D","DISPATCH","UNIT_SCADA",1,"2024/02/01 06:45:00","ROYALLA1","0.8360",NA,NA,NA
"D","DISPATCH","UNIT_SCADA",1,"2024/02/01 06:45:00","RPCG","-1.60",NA,NA,NA
"D","DISPATCH","UNIT_SCADA",1,"2024/02/01 06:45:00","RUBICON","0.72",NA,NA,NA
"D","DISPATCH","UNIT_SCADA",1,"2024/02/01 06:45:00","SHOAL1","19.9750",NA,NA,NA
"D","DISPATCH","UNIT_SCADA",1,"2024/02/01 06:45:00","WAUBRAWF","57.514999",NA,NA,NA
"D","DISPATCH","UNIT_SCADA",1,"2024/02/01 06:45:00","WOOLNTH1","121.349998",NA,NA,NA
"D","DISPATCH","UNIT_SCADA",1,"2024/02/01 06:45:00","YSWF1","11.70",NA,NA,NA
"D","DISPATCH","UNIT_SCADA",1,"2024/02/01 08:20:00","BARCSF1","13.300001",NA,NA,NA
"D","DISPATCH","UNIT_SCADA",1,"2024/02/01 08:20:00","BUTLERSG","9.099998",NA,NA,NA
"D","DISPATCH","UNIT_SCADA",1,"2024/02/01 08:20:00","BWTR1","14.5758",NA,NA,NA
"D","DISPATCH","UNIT_SCADA",1,"2024/02/01 08:20:00","CAPTL_WF","0",NA,NA,NA
"D","DISPATCH","UNIT_SCADA",1,"2024/02/01 08:20:00","CHALLHWF","2.40",NA,NA,NA
"D","DISPATCH","UNIT_SCADA",1,"2024/02/01 08:20:00","CLOVER","-0.01",NA,NA,NA
"D","DISPATCH","UNIT_SCADA",1,"2024/02/01 08:20:00","CLUNY","2.205081",NA,NA,NA
"D","DISPATCH","UNIT_SCADA",1,"2024/02/01 08:20:00","CONDONG1","-1.02",NA,NA,NA
"D","DISPATCH","UNIT_SCADA",1,"2024/02/01 08:20:00","CULLRGWF","-0.05",NA,NA,NA
"D","DISPATCH","UNIT_SCADA",1,"2024/02/01 08:20:00","DIAPURWF1","0",NA,NA,NA
"D","DISPATCH","UNIT_SCADA",1,"2024/02/01 08:20:00","ERGT01","0",NA,NA,NA
"D","DISPATCH","UNIT_SCADA",1,"2024/02/01 08:20:00","GB01","0",NA,NA,NA
"D","DISPATCH","UNIT_SCADA",1,"2024/02/01 08:20:00","GERMCRK","10.6080",NA,NA,NA
"D","DISPATCH","UNIT_SCADA",1,"2024/02/01 08:20:00","GRIFSF1","27.048351",NA,NA,NA
"D","DISPATCH","UNIT_SCADA",1,"2024/02/01 08:20:00","HUGSF1","3.9550",NA,NA,NA
"D","DISPATCH","UNIT_SCADA",1,"2024/02/01 08:20:00","KEPBG1","0",NA,NA,NA
"D","DISPATCH","UNIT_SCADA",1,"2024/02/01 08:20:00","LRSF1","12.186001",NA,NA,NA
"D","DISPATCH","UNIT_SCADA",1,"2024/02/01 08:20:00","MBAHNTH","44.212494",NA,NA,NA
"D","DISPATCH","UNIT_SCADA",1,"2024/02/01 08:20:00","MLSP1","2.1310",NA,NA,NA
"D","DISPATCH","UNIT_SCADA",1,"2024/02/01 08:20:00","MLWF1","7.26",NA,NA,NA
"D","DISPATCH","UNIT_SCADA",1,"2024/02/01 08:20:00","PALOONA","0",NA,NA,NA
"D","DISPATCH","UNIT_SCADA",1,"2024/02/01 08:20:00","PIONEER","-0.60",NA,NA,NA
"D","DISPATCH","UNIT_SCADA",1,"2024/02/01 08:20:00","PORTWF","75.900002",NA,NA,NA
"D","DISPATCH","UNIT_SCADA",1,"2024/02/01 08:20:00","REPULSE","3.320973",NA,NA,NA
"D","DISPATCH","UNIT_SCADA",1,"2024/02/01 08:20:00","ROWALLAN","0",NA,NA,NA
"D","DISPATCH","UNIT_SCADA",1,"2024/02/01 08:20:00","ROYALLA1","4.0050",NA,NA,NA
"D","DISPATCH","UNIT_SCADA",1,"2024/02/01 08:20:00","RPCG","-1.60",NA,NA,NA
"D","DISPATCH","UNIT_SCADA",1,"2024/02/01 08:20:00","RUBICON","0.81",NA,NA,NA
"D","DISPATCH","UNIT_SCADA",1,"2024/02/01 08:20:00","SHOAL1","0",NA,NA,NA
"D","DISPATCH","UNIT_SCADA",1,"2024/02/01 08:20:00","WAUBRAWF","59.335999",NA,NA,NA
"D","DISPATCH","UNIT_SCADA",1,"2024/02/01 08:20:00","WOOLNTH1","125.039993",NA,NA,NA
"D","DISPATCH","UNIT_SCADA",1,"2024/02/01 08:20:00","YAMBUKWF","11.10",NA,NA,NA
"D","DISPATCH","UNIT_SCADA",1,"2024/02/01 21:40:00","ROWALLAN","0",NA,NA,NA
"D","DISPATCH","UNIT_SCADA",1,"2024/02/01 21:40:00","ROYALLA1","0",NA,NA,NA
"D","DISPATCH","UNIT_SCADA",1,"2024/02/01 21:40:00","RPCG","-1.70",NA,NA,NA
"D","DISPATCH","UNIT_SCADA",1,"2024/02/01 21:40:00","RUBICON","0.81",NA,NA,NA
"D","DISPATCH","UNIT_SCADA",1,"2024/02/01 21:40:00","SHOAL1","19.950001",NA,NA,NA
"D","DISPATCH","UNIT_SCADA",1,"2024/02/01 21:40:00","WAUBRAWF","133.358002",NA,NA,NA
"D","DISPATCH","UNIT_SCADA",1,"2024/02/01 21:40:00","WOOLNTH1","124.389999",NA,NA,NA
"D","DISPATCH","UNIT_SCADA",1,"2024/02/01 21:40:00","YAMBUKWF","11.70",NA,NA,NA
"D","DISPATCH","UNIT_SCADA",1,"2024/02/01 21:40:00","YSWF1","8.90",NA,NA,NA
"D","DISPATCH","UNIT_SCADA",1,"2024/02/01 21:45:00","BARCSF1","0",NA,NA,NA
"D","DISPATCH","UNIT_SCADA",1,"2024/02/01 21:45:00","BUTLERSG","9.099998",NA,NA,NA
"D","DISPATCH","UNIT_SCADA",1,"2024/02/01 21:45:00","BWTR1","14.8616",NA,NA,NA
"D","DISPATCH","UNIT_SCADA",1,"2024/02/01 21:45:00","CAPTL_WF","0",NA,NA,NA
"D","DISPATCH","UNIT_SCADA",1,"2024/02/01 21:45:00","CHALLHWF","11.700001",NA,NA,NA
"D","DISPATCH","UNIT_SCADA",1,"2024/02/01 21:45:00","CLOVER","11.05",NA,NA,NA
"D","DISPATCH","UNIT_SCADA",1,"2024/02/01 21:45:00","CLUNY","2.062257",NA,NA,NA
"D","DISPATCH","UNIT_SCADA",1,"2024/02/01 21:45:00","CONDONG1","-0.72",NA,NA,NA
"D","DISPATCH","UNIT_SCADA",1,"2024/02/01 21:45:00","CULLRGWF","13.25",NA,NA,NA
"D","DISPATCH","UNIT_SCADA",1,"2024/02/01 21:45:00","DIAPURWF1","0",NA,NA,NA
"D","DISPATCH","UNIT_SCADA",1,"2024/02/01 21:45:00","ERGT01","0",NA,NA,NA
"D","DISPATCH","UNIT_SCADA",1,"2024/02/01 21:45:00","GB01","0",NA,NA,NA
"D","DISPATCH","UNIT_SCADA",1,"2024/02/01 21:45:00","GERMCRK","17.518999",NA,NA,NA
"D","DISPATCH","UNIT_SCADA",1,"2024/02/01 21:45:00","GRIFSF1","0",NA,NA,NA
"D","DISPATCH","UNIT_SCADA",1,"2024/02/01 21:45:00","HUGSF1","-0.1480",NA,NA,NA
"D","DISPATCH","UNIT_SCADA",1,"2024/02/01 21:45:00","KEPBG1","0",NA,NA,NA
"D","DISPATCH","UNIT_SCADA",1,"2024/02/01 21:45:00","LRSF1","-0.03",NA,NA,NA
"D","DISPATCH","UNIT_SCADA",1,"2024/02/01 21:45:00","MBAHNTH","49.856247",NA,NA,NA
"D","DISPATCH","UNIT_SCADA",1,"2024/02/01 21:45:00","MLSP1","0.0310",NA,NA,NA
"D","DISPATCH","UNIT_SCADA",1,"2024/02/01 21:45:00","MLWF1","3.4050",NA,NA,NA
"D","DISPATCH","UNIT_SCADA",1,"2024/02/01 21:45:00","PALOONA","0",NA,NA,NA
"D","DISPATCH","UNIT_SCADA",1,"2024/02/01 21:45:00","PIONEER","-0.60",NA,NA,NA
"D","DISPATCH","UNIT_SCADA",1,"2024/02/01 21:45:00","PORTWF","56.900002",NA,NA,NA
"D","DISPATCH","UNIT_SCADA",1,"2024/02/01 21:45:00","REPULSE","3.237964",NA,NA,NA
"D","DISPATCH","UNIT_SCADA",1,"2024/02/01 21:45:00","ROWALLAN","0",NA,NA,NA
"D","DISPATCH","UNIT_SCADA",1,"2024/02/01 21:45:00","ROYALLA1","0",NA,NA,NA
"D","DISPATCH","UNIT_SCADA",1,"2024/02/01 21:45:00","RPCG","-1.70",NA,NA,NA
"D","DISPATCH","UNIT_SCADA",1,"2024/02/01 21:45:00","RUBICON","0.81",NA,NA,NA
"D","DISPATCH","UNIT_SCADA",1,"2024/02/01 21:45:00","SHOAL1","19.950001",NA,NA,NA
"D","DISPATCH","UNIT_SCADA",1,"2024/02/01 21:45:00","WAUBRAWF","139.483002",NA,NA,NA
"D","DISPATCH","UNIT_SCADA",1,"2024/02/01 21:45:00","WOOLNTH1","125.849991",NA,NA,NA
"D","DISPATCH","UNIT_SCADA",1,"2024/02/01 21:45:00","YAMBUKWF","10.50",NA,NA,NA
"D","DISPATCH","UNIT_SCADA",1,"2024/02/01 21:45:00","YSWF1","9.90",NA,NA,NA
"D","DISPATCH","UNIT_SCADA",1,"2024/02/01 21:50:00","BARCSF1","0",NA,NA,NA
"D","DISPATCH","UNIT_SCADA",1,"2024/02/01 21:50:00","BUTLERSG","8.999998",NA,NA,NA
"D","DISPATCH","UNIT_SCADA",1,"2024/02/01 21:50:00","BWTR1","14.8616",NA,NA,NA
"D","DISPATCH","UNIT_SCADA",1,"2024/02/01 21:50:00","CAPTL_WF","0",NA,NA,NA
"D","DISPATCH","UNIT_SCADA",1,"2024/02/01 21:50:00","CHALLHWF","10.40",NA,NA,NA
"D","DISPATCH","UNIT_SCADA",1,"2024/02/01 21:50:00","CLOVER","10.81",NA,NA,NA
"D","DISPATCH","UNIT_SCADA",1,"2024/02/01 21:50:00","CLUNY","2.209659",NA,NA,NA
"D","DISPATCH","UNIT_SCADA",1,"2024/02/01 21:50:00","CONDONG1","-0.74",NA,NA,NA
"D","DISPATCH","UNIT_SCADA",1,"2024/02/01 21:50:00","CULLRGWF","14.76",NA,NA,NA
"D","DISPATCH","UNIT_SCADA",1,"2024/02/01 21:50:00","DIAPURWF1","0",NA,NA,NA
"D","DISPATCH","UNIT_SCADA",1,"2024/02/01 21:50:00","ERGT01","0",NA,NA,NA
"D","DISPATCH","UNIT_SCADA",1,"2024/02/01 21:50:00","GB01","0",NA,NA,NA
"D","DISPATCH","UNIT_SCADA",1,"2024/02/01 21:50:00","GERMCRK","17.268999",NA,NA,NA
"D","DISPATCH","UNIT_SCADA",1,"2024/02/01 21:50:00","GRIFSF1","0",NA,NA,NA
"D","DISPATCH","UNIT_SCADA",1,"2024/02/01 21:50:00","HUGSF1","-0.1480",NA,NA,NA
"D","DISPATCH","UNIT_SCADA",1,"2024/02/01 21:50:00","KEPBG1","0",NA,NA,NA
"D","DISPATCH","UNIT_SCADA",1,"2024/02/01 21:50:00","LRSF1","-0.03",NA,NA,NA
"D","DISPATCH","UNIT_SCADA",1,"2024/02/01 21:50:00","MBAHNTH","49.574997",NA,NA,NA
"D","DISPATCH","UNIT_SCADA",1,"2024/02/01 21:50:00","MLSP1","0.0310",NA,NA,NA
"D","DISPATCH","UNIT_SCADA",1,"2024/02/01 21:50:00","MLWF1","3.4950",NA,NA,NA
"D","DISPATCH","UNIT_SCADA",1,"2024/02/01 21:50:00","PALOONA","0",NA,NA,NA
"D","DISPATCH","UNIT_SCADA",1,"2024/02/01 21:50:00","PIONEER","-0.60",NA,NA,NA
"D","DISPATCH","UNIT_SCADA",1,"2024/02/01 21:50:00","PORTWF","53.900002",NA,NA,NA
"D","DISPATCH","UNIT_SCADA",1,"2024/02/01 21:50:00","REPULSE","3.180591",NA,NA,NA
"D","DISPATCH","UNIT_SCADA",1,"2024/02/01 21:50:00","ROWALLAN","0",NA,NA,NA
"D","DISPATCH","UNIT_SCADA",1,"2024/02/01 21:50:00","ROYALLA1","0",NA,NA,NA
"D","DISPATCH","UNIT_SCADA",1,"2024/02/01 21:50:00","RPCG","-1.70",NA,NA,NA
"D","DISPATCH","UNIT_SCADA",1,"2024/02/01 21:50:00","RUBICON","0.81",NA,NA,NA
"D","DISPATCH","UNIT_SCADA",1,"2024/02/01 21:50:00","SHOAL1","19.950001",NA,NA,NA
"D","DISPATCH","UNIT_SCADA",1,"2024/02/01 21:50:00","WAUBRAWF","145.729004",NA,NA,NA
"D","DISPATCH","UNIT_SCADA",1,"2024/02/01 21:50:00","WOOLNTH1","129.089996",NA,NA,NA
"D","DISPATCH","UNIT_SCADA",1,"2024/02/01 21:50:00","YAMBUKWF","11.60",NA,NA,NA
"D","DISPATCH","UNIT_SCADA",1,"2024/02/01 21:50:00","YSWF1","10.50",NA,NA,NA
"D","DISPATCH","UNIT_SCADA",1,"2024/02/01 21:55:00","BARCSF1","0",NA,NA,NA
"D","DISPATCH","UNIT_SCADA",1,"2024/02/01 21:55:00","BUTLERSG","8.999998",NA,NA,NA
"D","DISPATCH","UNIT_SCADA",1,"2024/02/01 21:55:00","BWTR1","14.8616",NA,NA,NA
"D","DISPATCH","UNIT_SCADA",1,"2024/02/01 21:55:00","CAPTL_WF","0",NA,NA,NA
"D","DISPATCH","UNIT_SCADA",1,"2024/02/01 21:55:00","CHALLHWF","11.90",NA,NA,NA
"D","DISPATCH","UNIT_SCADA",1,"2024/02/01 21:55:00","CLOVER","-0.01",NA,NA,NA
"D","DISPATCH","UNIT_SCADA",1,"2024/02/01 21:55:00","CLUNY","2.162051",NA,NA,NA
"D","DISPATCH","UNIT_SCADA",1,"2024/02/01 21:55:00","CONDONG1","-0.72",NA,NA,NA
"D","DISPATCH","UNIT_SCADA",1,"2024/02/01 21:55:00","CULLRGWF","15.02",NA,NA,NA
"D","DISPATCH","UNIT_SCADA",1,"2024/02/01 21:55:00","DIAPURWF1","0",NA,NA,NA
"D","DISPATCH","UNIT_SCADA",1,"2024/02/01 21:55:00","ERGT01","0",NA,NA,NA
"D","DISPATCH","UNIT_SCADA",1,"2024/02/01 21:55:00","GB01","0",NA,NA,NA
"D","DISPATCH","UNIT_SCADA",1,"2024/02/01 21:55:00","GERMCRK","17.299999",NA,NA,NA
"D","DISPATCH","UNIT_SCADA",1,"2024/02/01 21:55:00","GRIFSF1","0",NA,NA,NA
"D","DISPATCH","UNIT_SCADA",1,"2024/02/01 21:55:00","HUGSF1","-0.1480",NA,NA,NA
"D","DISPATCH","UNIT_SCADA",1,"2024/02/01 21:55:00","KEPBG1","0",NA,NA,NA
"D","DISPATCH","UNIT_SCADA",1,"2024/02/01 21:55:00","LRSF1","-0.03",NA,NA,NA
"D","DISPATCH","UNIT_SCADA",1,"2024/02/01 21:55:00","MBAHNTH","49.387497",NA,NA,NA
"D","DISPATCH","UNIT_SCADA",1,"2024/02/01 21:55:00","MLSP1","0.0310",NA,NA,NA
"D","DISPATCH","UNIT_SCADA",1,"2024/02/01 21:55:00","MLWF1","2.88",NA,NA,NA
"D","DISPATCH","UNIT_SCADA",1,"2024/02/01 21:55:00","PALOONA","0",NA,NA,NA
"D","DISPATCH","UNIT_SCADA",1,"2024/02/01 21:55:00","PIONEER","-0.60",NA,NA,NA
"D","DISPATCH","UNIT_SCADA",1,"2024/02/01 21:55:00","PORTWF","62.900002",NA,NA,NA
"D","DISPATCH","UNIT_SCADA",1,"2024/02/01 21:55:00","REPULSE","3.186694",NA,NA,NA
"D","DISPATCH","UNIT_SCADA",1,"2024/02/01 21:55:00","ROWALLAN","0",NA,NA,NA
"D","DISPATCH","UNIT_SCADA",1,"2024/02/01 21:55:00","ROYALLA1","0",NA,NA,NA
"D","DISPATCH","UNIT_SCADA",1,"2024/02/01 21:55:00","RPCG","-1.70",NA,NA,NA
"D","DISPATCH","UNIT_SCADA",1,"2024/02/01 21:55:00","RUBICON","0.81",NA,NA,NA
"D","DISPATCH","UNIT_SCADA",1,"2024/02/01 21:55:00","SHOAL1","19.950001",NA,NA,NA
"D","DISPATCH","UNIT_SCADA",1,"2024/02/01 21:55:00","WAUBRAWF","150.876007",NA,NA,NA
"D","DISPATCH","UNIT_SCADA",1,"2024/02/01 21:55:00","WOOLNTH1","126.419998",NA,NA,NA
"D","DISPATCH","UNIT_SCADA",1,"2024/02/01 21:55:00","YAMBUKWF","12.20",NA,NA,NA
"D","DISPATCH","UNIT_SCADA",1,"2024/02/01 21:55:00","YSWF1","11.80",NA,NA,NA
"D","DISPATCH","UNIT_SCADA",1,"2024/02/01 22:00:00","BARCSF1","0",NA,NA,NA
"D","DISPATCH","UNIT_SCADA",1,"2024/02/01 22:00:00","BUTLERSG","9.099998",NA,NA,NA
"D","DISPATCH","UNIT_SCADA",1,"2024/02/01 22:00:00","BWTR1","14.8616",NA,NA,NA
"D","DISPATCH","UNIT_SCADA",1,"2024/02/01 22:00:00","CAPTL_WF","0",NA,NA,NA
"D","DISPATCH","UNIT_SCADA",1,"2024/02/01 22:00:00","CHALLHWF","11.40",NA,NA,NA
"D","DISPATCH","UNIT_SCADA",1,"2024/02/01 22:00:00","CLOVER","-0.01",NA,NA,NA
"D","DISPATCH","UNIT_SCADA",1,"2024/02/01 22:00:00","CLUNY","2.123598",NA,NA,NA
"D","DISPATCH","UNIT_SCADA",1,"2024/02/01 22:00:00","CONDONG1","-0.73",NA,NA,NA
"D","DISPATCH","UNIT_SCADA",1,"2024/02/01 22:00:00","CULLRGWF","14.34",NA,NA,NA
"D","DISPATCH","UNIT_SCADA",1,"2024/02/01 22:00:00","DIAPURWF1","0",NA,NA,NA
"D","DISPATCH","UNIT_SCADA",1,"2024/02/01 22:00:00","ERGT01","0",NA,NA,NA
"D","DISPATCH","UNIT_SCADA",1,"2024/02/01 22:00:00","GB01","0",NA,NA,NA
"D","DISPATCH","UNIT_SCADA",1,"2024/02/01 22:00:00","GERMCRK","17.455999",NA,NA,NA
"D","DISPATCH","UNIT_SCADA",1,"2024/02/01 22:00:00","GRIFSF1","0",NA,NA,NA
"D","DISPATCH","UNIT_SCADA",1,"2024/02/01 22:00:00","HUGSF1","-0.1480",NA,NA,NA
"D","DISPATCH","UNIT_SCADA",1,"2024/02/01 22:00:00","KEPBG1","0",NA,NA,NA
"D","DISPATCH","UNIT_SCADA",1,"2024/02/01 22:00:00","LRSF1","-0.03",NA,NA,NA
"D","DISPATCH","UNIT_SCADA",1,"2024/02/01 22:00:00","MBAHNTH","49.725006",NA,NA,NA
"D","DISPATCH","UNIT_SCADA",1,"2024/02/01 22:00:00","MLSP1","0.0310",NA,NA,NA
"D","DISPATCH","UNIT_SCADA",1,"2024/02/01 22:00:00","MLWF1","2.34",NA,NA,NA
"D","DISPATCH","UNIT_SCADA",1,"2024/02/01 22:00:00","PALOONA","0",NA,NA,NA
"D","DISPATCH","UNIT_SCADA",1,"2024/02/01 22:00:00","PIONEER","-0.60",NA,NA,NA
"D","DISPATCH","UNIT_SCADA",1,"2024/02/01 22:00:00","PORTWF","66.800003",NA,NA,NA
"D","DISPATCH","UNIT_SCADA",1,"2024/02/01 22:00:00","REPULSE","3.377127",NA,NA,NA
"D","DISPATCH","UNIT_SCADA",1,"2024/02/01 22:00:00","ROWALLAN","0",NA,NA,NA
"D","DISPATCH","UNIT_SCADA",1,"2024/02/01 22:00:00","ROYALLA1","0",NA,NA,NA
"D","DISPATCH","UNIT_SCADA",1,"2024/02/01 22:00:00","RPCG","-1.70",NA,NA,NA
"D","DISPATCH","UNIT_SCADA",1,"2024/02/01 22:00:00","RUBICON","0.81",NA,NA,NA
"D","DISPATCH","UNIT_SCADA",1,"2024/02/01 22:00:00","SHOAL1","19.950001",NA,NA,NA
"D","DISPATCH","UNIT_SCADA",1,"2024/02/01 22:00:00","WAUBRAWF","154.251999",NA,NA,NA
"D","DISPATCH","UNIT_SCADA",1,"2024/02/01 22:00:00","WOOLNTH1","127.739998",NA,NA,NA
"D","DISPATCH","UNIT_SCADA",1,"2024/02/01 22:00:00","YAMBUKWF","14.90",NA,NA,NA
"D","DISPATCH","UNIT_SCADA",1,"2024/02/01 22:00:00","YSWF1","10.10",NA,NA,NA
"D","DISPATCH","UNIT_SCADA",1,"2024/02/01 22:10:00","BARCSF1","0",NA,NA,NA
"D","DISPATCH","UNIT_SCADA",1,"2024/02/01 22:10:00","BUTLERSG","8.999998",NA,NA,NA
"D","DISPATCH","UNIT_SCADA",1,"2024/02/01 22:10:00","BWTR1","14.0042",NA,NA,NA
"D","DISPATCH","UNIT_SCADA",1,"2024/02/01 22:10:00","CAPTL_WF","0",NA,NA,NA
"D","DISPATCH","UNIT_SCADA",1,"2024/02/01 22:10:00","CHALLHWF","14.60",NA,NA,NA
"D","DISPATCH","UNIT_SCADA",1,"2024/02/01 22:10:00","CLOVER","-0.01",NA,NA,NA
"D","DISPATCH","UNIT_SCADA",1,"2024/02/01 22:10:00","CLUNY","2.200504",NA,NA,NA
"D","DISPATCH","UNIT_SCADA",1,"2024/02/01 22:10:00","CONDONG1","-0.73",NA,NA,NA
"D","DISPATCH","UNIT_SCADA",1,"2024/02/01 22:10:00","CULLRGWF","13.74",NA,NA,NA
"D","DISPATCH","UNIT_SCADA",1,"2024/02/01 22:10:00","DIAPURWF1","0",NA,NA,NA
"D","DISPATCH","UNIT_SCADA",1,"2024/02/01 22:10:00","ERGT01","0",NA,NA,NA
"D","DISPATCH","UNIT_SCADA",1,"2024/02/01 22:10:00","GB01","0",NA,NA,NA
"D","DISPATCH","UNIT_SCADA",1,"2024/02/01 22:10:00","GERMCRK","17.429001",NA,NA,NA
"D","DISPATCH","UNIT_SCADA",1,"2024/02/01 22:10:00","GRIFSF1","0",NA,NA,NA
"D","DISPATCH","UNIT_SCADA",1,"2024/02/01 22:10:00","HUGSF1","-0.1480",NA,NA,NA
"D","DISPATCH","UNIT_SCADA",1,"2024/02/01 22:10:00","KEPBG1","0",NA,NA,NA
"D","DISPATCH","UNIT_SCADA",1,"2024/02/01 22:10:00","LRSF1","-0.03",NA,NA,NA
"D","DISPATCH","UNIT_SCADA",1,"2024/02/01 22:10:00","MBAHNTH","46.387497",NA,NA,NA
"D","DISPATCH","UNIT_SCADA",1,"2024/02/01 22:10:00","MLSP1","0.0310",NA,NA,NA
"D","DISPATCH","UNIT_SCADA",1,"2024/02/01 22:10:00","MLWF1","2.5050",NA,NA,NA
"D","DISPATCH","UNIT_SCADA",1,"2024/02/01 22:10:00","PALOONA","0",NA,NA,NA
"D","DISPATCH","UNIT_SCADA",1,"2024/02/01 22:10:00","PIONEER","-0.60",NA,NA,NA
"D","DISPATCH","UNIT_SCADA",1,"2024/02/01 22:10:00","PORTWF","78.400002",NA,NA,NA
"D","DISPATCH","UNIT_SCADA",1,"2024/02/01 22:10:00","REPULSE","3.206226",NA,NA,NA
"D","DISPATCH","UNIT_SCADA",1,"2024/02/01 22:10:00","ROWALLAN","0",NA,NA,NA
"D","DISPATCH","UNIT_SCADA",1,"2024/02/01 22:10:00","ROYALLA1","0",NA,NA,NA
"D","DISPATCH","UNIT_SCADA",1,"2024/02/01 22:10:00","RPCG","-1.70",NA,NA,NA
"D","DISPATCH","UNIT_SCADA",1,"2024/02/01 22:10:00","RUBICON","0.81",NA,NA,NA
"D","DISPATCH","UNIT_SCADA",1,"2024/02/01 22:10:00","SHOAL1","19.950001",NA,NA,NA
"D","DISPATCH","UNIT_SCADA",1,"2024/02/01 22:10:00","WAUBRAWF","155.671997",NA,NA,NA
"D","DISPATCH","UNIT_SCADA",1,"2024/02/01 22:10:00","WOOLNTH1","126.199997",NA,NA,NA
"D","DISPATCH","UNIT_SCADA",1,"2024/02/01 22:10:00","YAMBUKWF","9.90",NA,NA,NA
"D","DISPATCH","UNIT_SCADA",1,"2024/02/01 22:10:00","YSWF1","9.80",NA,NA,NA
"D","DISPATCH","UNIT_SCADA",1,"2024/02/01 22:15:00","BARCSF1","0",NA,NA,NA
"D","DISPATCH","UNIT_SCADA",1,"2024/02/01 22:15:00","BUTLERSG","9.099998",NA,NA,NA
"D","DISPATCH","UNIT_SCADA",1,"2024/02/01 22:15:00","BWTR1","14.0042",NA,NA,NA
"D","DISPATCH","UNIT_SCADA",1,"2024/02/01 22:15:00","CAPTL_WF","0",NA,NA,NA
"D","DISPATCH","UNIT_SCADA",1,"2024/02/01 22:15:00","CHALLHWF","15.299999",NA,NA,NA
"D","DISPATCH","UNIT_SCADA",1,"2024/02/01 22:15:00","CLOVER","-0.01",NA,NA,NA
"D","DISPATCH","UNIT_SCADA",1,"2024/02/01 22:15:00","CLUNY","2.071412",NA,NA,NA
"D","DISPATCH","UNIT_SCADA",1,"2024/02/01 22:15:00","CONDONG1","-0.73",NA,NA,NA
"D","DISPATCH","UNIT_SCADA",1,"2024/02/01 22:15:00","CULLRGWF","15.26",NA,NA,NA
"D","DISPATCH","UNIT_SCADA",1,"2024/02/01 22:15:00","DIAPURWF1","0",NA,NA,NA
"D","DISPATCH","UNIT_SCADA",1,"2024/02/01 22:15:00","ERGT01","0",NA,NA,NA
"D","DISPATCH","UNIT_SCADA",1,"2024/02/01 22:15:00","GB01","0",NA,NA,NA
"D","DISPATCH","UNIT_SCADA",1,"2024/02/01 22:15:00","GERMCRK","17.1320",NA,NA,NA
"D","DISPATCH","UNIT_SCADA",1,"2024/02/01 22:15:00","GRIFSF1","0",NA,NA,NA
"D","DISPATCH","UNIT_SCADA",1,"2024/02/01 22:15:00","HUGSF1","-0.1480",NA,NA,NA
"D","DISPATCH","UNIT_SCADA",1,"2024/02/01 22:15:00","KEPBG1","0",NA,NA,NA
"D","DISPATCH","UNIT_SCADA",1,"2024/02/01 22:15:00","LRSF1","-0.03",NA,NA,NA
"D","DISPATCH","UNIT_SCADA",1,"2024/02/01 22:15:00","MBAHNTH","46.743759",NA,NA,NA
"D","DISPATCH","UNIT_SCADA",1,"2024/02/01 22:15:00","MLSP1","0.0310",NA,NA,NA
"D","DISPATCH","UNIT_SCADA",1,"2024/02/01 22:15:00","MLWF1","1.7550",NA,NA,NA
"D","DISPATCH","UNIT_SCADA",1,"2024/02/01 22:15:00","PALOONA","0",NA,NA,NA
"D","DISPATCH","UNIT_SCADA",1,"2024/02/01 22:15:00","PIONEER","-0.60",NA,NA,NA
"D","DISPATCH","UNIT_SCADA",1,"2024/02/01 22:15:00","PORTWF","71.099998",NA,NA,NA
"D","DISPATCH","UNIT_SCADA",1,"2024/02/01 22:15:00","REPULSE","3.180591",NA,NA,NA
"D","DISPATCH","UNIT_SCADA",1,"2024/02/01 22:15:00","ROWALLAN","0",NA,NA,NA
"D","DISPATCH","UNIT_SCADA",1,"2024/02/01 22:15:00","ROYALLA1","0",NA,NA,NA
"D","DISPATCH","UNIT_SCADA",1,"2024/02/01 22:15:00","RPCG","-1.70",NA,NA,NA
"D","DISPATCH","UNIT_SCADA",1,"2024/02/01 22:15:00","RUBICON","0.81",NA,NA,NA
"D","DISPATCH","UNIT_SCADA",1,"2024/02/01 22:15:00","SHOAL1","19.950001",NA,NA,NA
"D","DISPATCH","UNIT_SCADA",1,"2024/02/01 22:15:00","WAUBRAWF","156.634003",NA,NA,NA
"D","DISPATCH","UNIT_SCADA",1,"2024/02/01 22:15:00","WOOLNTH1","124.75",NA,NA,NA
"D","DISPATCH","UNIT_SCADA",1,"2024/02/01 22:15:00","YAMBUKWF","8.90",NA,NA,NA
"D","DISPATCH","UNIT_SCADA",1,"2024/02/01 22:15:00","YSWF1","11.10",NA,NA,NA
"D","DISPATCH","UNIT_SCADA",1,"2024/02/01 22:30:00","BARCSF1","0",NA,NA,NA
"D","DISPATCH","UNIT_SCADA",1,"2024/02/01 22:30:00","BUTLERSG","8.999998",NA,NA,NA
"D","DISPATCH","UNIT_SCADA",1,"2024/02/01 22:30:00","BWTR1","14.0042",NA,NA,NA
"D","DISPATCH","UNIT_SCADA",1,"2024/02/01 22:30:00","CAPTL_WF","0",NA,NA,NA
"D","DISPATCH","UNIT_SCADA",1,"2024/02/01 22:30:00","CHALLHWF","17.10",NA,NA,NA
"D","DISPATCH","UNIT_SCADA",1,"2024/02/01 22:30:00","CLOVER","0",NA,NA,NA
"D","DISPATCH","UNIT_SCADA",1,"2024/02/01 22:30:00","CLUNY","2.271916",NA,NA,NA
"D","DISPATCH","UNIT_SCADA",1,"2024/02/01 22:30:00","CONDONG1","-0.74",NA,NA,NA
"D","DISPATCH","UNIT_SCADA",1,"2024/02/01 22:30:00","CULLRGWF","16.42",NA,NA,NA
"D","DISPATCH","UNIT_SCADA",1,"2024/02/01 22:30:00","DIAPURWF1","0",NA,NA,NA
"D","DISPATCH","UNIT_SCADA",1,"2024/02/01 22:30:00","ERGT01","0",NA,NA,NA
"D","DISPATCH","UNIT_SCADA",1,"2024/02/01 22:30:00","GB01","0",NA,NA,NA
"D","DISPATCH","UNIT_SCADA",1,"2024/02/01 22:30:00","GERMCRK","17.2810",NA,NA,NA
"D","DISPATCH","UNIT_SCADA",1,"2024/02/01 22:30:00","GRIFSF1","0",NA,NA,NA
"D","DISPATCH","UNIT_SCADA",1,"2024/02/01 22:30:00","HUGSF1","-0.1480",NA,NA,NA
"D","DISPATCH","UNIT_SCADA",1,"2024/02/01 22:30:00","KEPBG1","0",NA,NA,NA
"D","DISPATCH","UNIT_SCADA",1,"2024/02/01 22:30:00","LRSF1","-0.03",NA,NA,NA
"D","DISPATCH","UNIT_SCADA",1,"2024/02/01 22:30:00","MBAHNTH","47.043747",NA,NA,NA
"D","DISPATCH","UNIT_SCADA",1,"2024/02/01 22:30:00","MLSP1","0.0310",NA,NA,NA
"D","DISPATCH","UNIT_SCADA",1,"2024/02/01 22:30:00","MLWF1","3.5850",NA,NA,NA
"D","DISPATCH","UNIT_SCADA",1,"2024/02/01 22:30:00","PALOONA","0",NA,NA,NA
"D","DISPATCH","UNIT_SCADA",1,"2024/02/01 22:30:00","PIONEER","-0.60",NA,NA,NA
"D","DISPATCH","UNIT_SCADA",1,"2024/02/01 22:30:00","PORTWF","61.700001",NA,NA,NA
"D","DISPATCH","UNIT_SCADA",1,"2024/02/01 22:30:00","REPULSE","3.307546",NA,NA,NA
"D","DISPATCH","UNIT_SCADA",1,"2024/02/01 22:30:00","ROWALLAN","0",NA,NA,NA
"D","DISPATCH","UNIT_SCADA",1,"2024/02/01 22:30:00","ROYALLA1","0",NA,NA,NA
"D","DISPATCH","UNIT_SCADA",1,"2024/02/01 22:30:00","RPCG","-1.70",NA,NA,NA
"D","DISPATCH","UNIT_SCADA",1,"2024/02/01 22:30:00","RUBICON","0.81",NA,NA,NA
"D","DISPATCH","UNIT_SCADA",1,"2024/02/01 22:30:00","SHOAL1","19.950001",NA,NA,NA
"D","DISPATCH","UNIT_SCADA",1,"2024/02/01 22:30:00","WAUBRAWF","150.856995",NA,NA,NA
"D","DISPATCH","UNIT_SCADA",1,"2024/02/01 22:30:00","WOOLNTH1","125.879997",NA,NA,NA
"D","DISPATCH","UNIT_SCADA",1,"2024/02/01 22:30:00","YAMBUKWF","11.50",NA,NA,NA
"D","DISPATCH","UNIT_SCADA",1,"2024/02/01 22:30:00","YSWF1","8.40",NA,NA,NA
"D","DISPATCH","UNIT_SCADA",1,"2024/02/01 22:35:00","BARCSF1","0",NA,NA,NA
"D","DISPATCH","UNIT_SCADA",1,"2024/02/01 22:35:00","BUTLERSG","9.099998",NA,NA,NA
"D","DISPATCH","UNIT_SCADA",1,"2024/02/01 22:35:00","BWTR1","14.0042",NA,NA,NA
"D","DISPATCH","UNIT_SCADA",1,"2024/02/01 22:35:00","CAPTL_WF","0",NA,NA,NA
"D","DISPATCH","UNIT_SCADA",1,"2024/02/01 22:35:00","CHALLHWF","15.80",NA,NA,NA
"D","DISPATCH","UNIT_SCADA",1,"2024/02/01 22:35:00","CLOVER","-0.01",NA,NA,NA
"D","DISPATCH","UNIT_SCADA",1,"2024/02/01 22:35:00","CLUNY","2.133669",NA,NA,NA
"D","DISPATCH","UNIT_SCADA",1,"2024/02/01 22:35:00","CONDONG1","-0.73",NA,NA,NA
"D","DISPATCH","UNIT_SCADA",1,"2024/02/01 22:35:00","CULLRGWF","16.58",NA,NA,NA
"D","DISPATCH","UNIT_SCADA",1,"2024/02/01 22:35:00","DIAPURWF1","0",NA,NA,NA
"D","DISPATCH","UNIT_SCADA",1,"2024/02/01 22:35:00","ERGT01","0",NA,NA,NA
"D","DISPATCH","UNIT_SCADA",1,"2024/02/01 22:35:00","GB01","0",NA,NA,NA
"D","DISPATCH","UNIT_SCADA",1,"2024/02/01 22:35:00","GERMCRK","17.426001",NA,NA,NA
"D","DISPATCH","UNIT_SCADA",1,"2024/02/01 22:35:00","GRIFSF1","0",NA,NA,NA
"D","DISPATCH","UNIT_SCADA",1,"2024/02/01 22:35:00","HUGSF1","-0.1480",NA,NA,NA
"D","DISPATCH","UNIT_SCADA",1,"2024/02/01 22:35:00","KEPBG1","0",NA,NA,NA
"D","DISPATCH","UNIT_SCADA",1,"2024/02/01 22:35:00","LRSF1","-0.03",NA,NA,NA
"D","DISPATCH","UNIT_SCADA",1,"2024/02/01 22:35:00","MBAHNTH","46.762497",NA,NA,NA
"D","DISPATCH","UNIT_SCADA",1,"2024/02/01 22:35:00","MLSP1","0.0310",NA,NA,NA
"D","DISPATCH","UNIT_SCADA",1,"2024/02/01 22:35:00","MLWF1","3.51",NA,NA,NA
"D","DISPATCH","UNIT_SCADA",1,"2024/02/01 22:35:00","PALOONA","0",NA,NA,NA
"D","DISPATCH","UNIT_SCADA",1,"2024/02/01 22:35:00","PIONEER","-0.60",NA,NA,NA
"D","DISPATCH","UNIT_SCADA",1,"2024/02/01 22:35:00","PORTWF","62.099998",NA,NA,NA
"D","DISPATCH","UNIT_SCADA",1,"2024/02/01 22:35:00","REPULSE","3.307546",NA,NA,NA
"D","DISPATCH","UNIT_SCADA",1,"2024/02/01 22:35:00","ROWALLAN","0",NA,NA,NA
"D","DISPATCH","UNIT_SCADA",1,"2024/02/01 22:35:00","ROYALLA1","0",NA,NA,NA
"D","DISPATCH","UNIT_SCADA",1,"2024/02/01 22:35:00","RPCG","-1.70",NA,NA,NA
"D","DISPATCH","UNIT_SCADA",1,"2024/02/01 22:35:00","RUBICON","0.81",NA,NA,NA
"D","DISPATCH","UNIT_SCADA",1,"2024/02/01 22:35:00","SHOAL1","19.950001",NA,NA,NA
"D","DISPATCH","UNIT_SCADA",1,"2024/02/01 22:35:00","WAUBRAWF","145.352005",NA,NA,NA
"D","DISPATCH","UNIT_SCADA",1,"2024/02/01 22:35:00","WOOLNTH1","128.139999",NA,NA,NA
"D","DISPATCH","UNIT_SCADA",1,"2024/02/01 22:35:00","YAMBUKWF","13.20",NA,NA,NA
"D","DISPATCH","UNIT_SCADA",1,"2024/02/01 22:35:00","YSWF1","11",NA,NA,NA
"D","DISPATCH","UNIT_SCADA",1,"2024/02/01 22:40:00","BARCSF1","0",NA,NA,NA
"D","DISPATCH","UNIT_SCADA",1,"2024/02/01 22:40:00","BUTLERSG","9.099998",NA,NA,NA
"D","DISPATCH","UNIT_SCADA",1,"2024/02/01 22:40:00","BWTR1","14.0042",NA,NA,NA
"D","DISPATCH","UNIT_SCADA",1,"2024/02/01 22:40:00","CAPTL_WF","0",NA,NA,NA
"D","DISPATCH","UNIT_SCADA",1,"2024/02/01 22:40:00","CHALLHWF","15.20",NA,NA,NA
"D","DISPATCH","UNIT_SCADA",1,"2024/02/01 22:40:00","CLOVER","-0.11",NA,NA,NA
"D","DISPATCH","UNIT_SCADA",1,"2024/02/01 22:40:00","CLUNY","4.000458",NA,NA,NA
"D","DISPATCH","UNIT_SCADA",1,"2024/02/01 22:40:00","CONDONG1","-0.72",NA,NA,NA
"D","DISPATCH","UNIT_SCADA",1,"2024/02/01 22:40:00","CULLRGWF","15.99",NA,NA,NA
"D","DISPATCH","UNIT_SCADA",1,"2024/02/01 22:40:00","DIAPURWF1","0",NA,NA,NA
"D","DISPATCH","UNIT_SCADA",1,"2024/02/01 22:40:00","ERGT01","0",NA,NA,NA
"D","DISPATCH","UNIT_SCADA",1,"2024/02/01 22:40:00","GB01","0",NA,NA,NA
"D","DISPATCH","UNIT_SCADA",1,"2024/02/01 22:40:00","GERMCRK","17.3540",NA,NA,NA
"D","DISPATCH","UNIT_SCADA",1,"2024/02/01 22:40:00","GRIFSF1","0",NA,NA,NA
"D","DISPATCH","UNIT_SCADA",1,"2024/02/01 22:40:00","HUGSF1","-0.1480",NA,NA,NA
"D","DISPATCH","UNIT_SCADA",1,"2024/02/01 22:40:00","KEPBG1","0",NA,NA,NA
"D","DISPATCH","UNIT_SCADA",1,"2024/02/01 22:40:00","LRSF1","-0.03",NA,NA,NA
"D","DISPATCH","UNIT_SCADA",1,"2024/02/01 22:40:00","MBAHNTH","46.593750",NA,NA,NA
"D","DISPATCH","UNIT_SCADA",1,"2024/02/01 22:40:00","MLSP1","0.0310",NA,NA,NA
"D","DISPATCH","UNIT_SCADA",1,"2024/02/01 22:40:00","MLWF1","2.97",NA,NA,NA
"D","DISPATCH","UNIT_SCADA",1,"2024/02/01 22:40:00","PALOONA","0",NA,NA,NA
"D","DISPATCH","UNIT_SCADA",1,"2024/02/01 14:50:00","BARCSF1","13.400001",NA,NA,NA
"D","DISPATCH","UNIT_SCADA",1,"2024/02/01 14:50:00","BUTLERSG","9.099998",NA,NA,NA
"D","DISPATCH","UNIT_SCADA",1,"2024/02/01 14:50:00","BWTR1","14.5758",NA,NA,NA
"D","DISPATCH","UNIT_SCADA",1,"2024/02/01 14:50:00","CAPTL_WF","55.180527",NA,NA,NA
"D","DISPATCH","UNIT_SCADA",1,"2024/02/01 14:50:00","CHALLHWF","17.599998",NA,NA,NA
"D","DISPATCH","UNIT_SCADA",1,"2024/02/01 14:50:00","CLOVER","-0.02",NA,NA,NA
"D","DISPATCH","UNIT_SCADA",1,"2024/02/01 14:50:00","CLUNY","2.071412",NA,NA,NA
"D","DISPATCH","UNIT_SCADA",1,"2024/02/01 14:50:00","CONDONG1","-0.86",NA,NA,NA
"D","DISPATCH","UNIT_SCADA",1,"2024/02/01 14:50:00","CULLRGWF","13.34",NA,NA,NA
"D","DISPATCH","UNIT_SCADA",1,"2024/02/01 14:50:00","DIAPURWF1","0",NA,NA,NA
"D","DISPATCH","UNIT_SCADA",1,"2024/02/01 14:50:00","ERGT01","0",NA,NA,NA
"D","DISPATCH","UNIT_SCADA",1,"2024/02/01 14:50:00","GB01","0",NA,NA,NA
"D","DISPATCH","UNIT_SCADA",1,"2024/02/01 14:50:00","GERMCRK","15.5810",NA,NA,NA
"D","DISPATCH","UNIT_SCADA",1,"2024/02/01 14:50:00","GRIFSF1","27.020075",NA,NA,NA
"D","DISPATCH","UNIT_SCADA",1,"2024/02/01 14:50:00","HUGSF1","8.889001",NA,NA,NA
"D","DISPATCH","UNIT_SCADA",1,"2024/02/01 14:50:00","KEPBG1","0",NA,NA,NA
"D","DISPATCH","UNIT_SCADA",1,"2024/02/01 14:50:00","LRSF1","10.023001",NA,NA,NA
"D","DISPATCH","UNIT_SCADA",1,"2024/02/01 14:50:00","MBAHNTH","51.1875",NA,NA,NA
"D","DISPATCH","UNIT_SCADA",1,"2024/02/01 14:50:00","MLSP1","9.4210",NA,NA,NA
"D","DISPATCH","UNIT_SCADA",1,"2024/02/01 14:50:00","MLWF1","13.4550",NA,NA,NA
"D","DISPATCH","UNIT_SCADA",1,"2024/02/01 14:50:00","PALOONA","6.95",NA,NA,NA
"D","DISPATCH","UNIT_SCADA",1,"2024/02/01 14:50:00","PIONEER","-0.70",NA,NA,NA
"D","DISPATCH","UNIT_SCADA",1,"2024/02/01 14:50:00","PORTWF","109.900002",NA,NA,NA
"D","DISPATCH","UNIT_SCADA",1,"2024/02/01 14:50:00","REPULSE","3.218433",NA,NA,NA
"D","DISPATCH","UNIT_SCADA",1,"2024/02/01 14:50:00","ROWALLAN","0",NA,NA,NA
"D","DISPATCH","UNIT_SCADA",1,"2024/02/01 14:50:00","ROYALLA1","14.0130",NA,NA,NA
"D","DISPATCH","UNIT_SCADA",1,"2024/02/01 14:50:00","RPCG","-1.60",NA,NA,NA
"D","DISPATCH","UNIT_SCADA",1,"2024/02/01 14:50:00","RUBICON","0.81",NA,NA,NA
"D","DISPATCH","UNIT_SCADA",1,"2024/02/01 14:50:00","SHOAL1","0",NA,NA,NA
"D","DISPATCH","UNIT_SCADA",1,"2024/02/01 14:50:00","WAUBRAWF","0",NA,NA,NA
"D","DISPATCH","UNIT_SCADA",1,"2024/02/01 14:50:00","WOOLNTH1","129.929993",NA,NA,NA
"D","DISPATCH","UNIT_SCADA",1,"2024/02/01 14:50:00","YAMBUKWF","23.799999",NA,NA,NA
"D","DISPATCH","UNIT_SCADA",1,"2024/02/01 14:50:00","YSWF1","24.90",NA,NA,NA
"D","DISPATCH","UNIT_SCADA",1,"2024/02/01 14:55:00","BARCSF1","13.400001",NA,NA,NA
"D","DISPATCH","UNIT_SCADA",1,"2024/02/01 14:55:00","BUTLERSG","9.099998",NA,NA,NA
"D","DISPATCH","UNIT_SCADA",1,"2024/02/01 14:55:00","BWTR1","14.5758",NA,NA,NA
"D","DISPATCH","UNIT_SCADA",1,"2024/02/01 14:55:00","CAPTL_WF","50.067169",NA,NA,NA
"D","DISPATCH","UNIT_SCADA",1,"2024/02/01 14:55:00","CHALLHWF","20.60",NA,NA,NA
"D","DISPATCH","UNIT_SCADA",1,"2024/02/01 14:55:00","CLOVER","-0.01",NA,NA,NA
"D","DISPATCH","UNIT_SCADA",1,"2024/02/01 14:55:00","CLUNY","2.200504",NA,NA,NA
"D","DISPATCH","UNIT_SCADA",1,"2024/02/01 14:55:00","CONDONG1","-0.85",NA,NA,NA
"D","DISPATCH","UNIT_SCADA",1,"2024/02/01 14:55:00","CULLRGWF","17.540001",NA,NA,NA
"D","DISPATCH","UNIT_SCADA",1,"2024/02/01 14:55:00","DIAPURWF1","0",NA,NA,NA
"D","DISPATCH","UNIT_SCADA",1,"2024/02/01 14:55:00","ERGT01","0",NA,NA,NA
"D","DISPATCH","UNIT_SCADA",1,"2024/02/01 14:55:00","GB01","0",NA,NA,NA
"D","DISPATCH","UNIT_SCADA",1,"2024/02/01 14:55:00","GERMCRK","16.23",NA,NA,NA
"D","DISPATCH","UNIT_SCADA",1,"2024/02/01 14:55:00","GRIFSF1","27.020075",NA,NA,NA
"D","DISPATCH","UNIT_SCADA",1,"2024/02/01 14:55:00","HUGSF1","9.266001",NA,NA,NA
"D","DISPATCH","UNIT_SCADA",1,"2024/02/01 14:55:00","KEPBG1","0",NA,NA,NA
"D","DISPATCH","UNIT_SCADA",1,"2024/02/01 14:55:00","LRSF1","10.0220",NA,NA,NA
"D","DISPATCH","UNIT_SCADA",1,"2024/02/01 14:55:00","MBAHNTH","51.75",NA,NA,NA
"D","DISPATCH","UNIT_SCADA",1,"2024/02/01 14:55:00","MLSP1","9.27",NA,NA,NA
"D","DISPATCH","UNIT_SCADA",1,"2024/02/01 14:55:00","MLWF1","10.4850",NA,NA,NA
"D","DISPATCH","UNIT_SCADA",1,"2024/02/01 14:55:00","PALOONA","6.90",NA,NA,NA
"D","DISPATCH","UNIT_SCADA",1,"2024/02/01 14:55:00","PIONEER","-0.70",NA,NA,NA
"D","DISPATCH","UNIT_SCADA",1,"2024/02/01 14:55:00","PORTWF","105",NA,NA,NA
"D","DISPATCH","UNIT_SCADA",1,"2024/02/01 14:55:00","REPULSE","3.168383",NA,NA,NA
"D","DISPATCH","UNIT_SCADA",1,"2024/02/01 14:55:00","ROWALLAN","0",NA,NA,NA
"D","DISPATCH","UNIT_SCADA",1,"2024/02/01 14:55:00","ROYALLA1","13.485001",NA,NA,NA
"D","DISPATCH","UNIT_SCADA",1,"2024/02/01 14:55:00","RPCG","-1.60",NA,NA,NA
"D","DISPATCH","UNIT_SCADA",1,"2024/02/01 14:55:00","RUBICON","0.81",NA,NA,NA
"D","DISPATCH","UNIT_SCADA",1,"2024/02/01 14:55:00","SHOAL1","4.90",NA,NA,NA
"D","DISPATCH","UNIT_SCADA",1,"2024/02/01 14:55:00","WAUBRAWF","0",NA,NA,NA
"D","DISPATCH","UNIT_SCADA",1,"2024/02/01 14:55:00","WOOLNTH1","132.160004",NA,NA,NA
"D","DISPATCH","UNIT_SCADA",1,"2024/02/01 14:55:00","YAMBUKWF","23",NA,NA,NA
"D","DISPATCH","UNIT_SCADA",1,"2024/02/01 14:55:00","YSWF1","21.90",NA,NA,NA
"D","DISPATCH","UNIT_SCADA",1,"2024/02/01 15:00:00","BARCSF1","13.400001",NA,NA,NA
"D","DISPATCH","UNIT_SCADA",1,"2024/02/01 15:00:00","BUTLERSG","9.099998",NA,NA,NA
"D","DISPATCH","UNIT_SCADA",1,"2024/02/01 15:00:00","BWTR1","14.5758",NA,NA,NA
"D","DISPATCH","UNIT_SCADA",1,"2024/02/01 15:00:00","CAPTL_WF","49.610130",NA,NA,NA
"D","DISPATCH","UNIT_SCADA",1,"2024/02/01 15:00:00","CHALLHWF","17.50",NA,NA,NA
"D","DISPATCH","UNIT_SCADA",1,"2024/02/01 15:00:00","CLOVER","-0.02",NA,NA,NA
"D","DISPATCH","UNIT_SCADA",1,"2024/02/01 15:00:00","CLUNY","2.261845",NA,NA,NA
"D","DISPATCH","UNIT_SCADA",1,"2024/02/01 15:00:00","CONDONG1","-0.83",NA,NA,NA
"D","DISPATCH","UNIT_SCADA",1,"2024/02/01 15:00:00","CULLRGWF","11.03",NA,NA,NA
"D","DISPATCH","UNIT_SCADA",1,"2024/02/01 15:00:00","DIAPURWF1","0",NA,NA,NA
"D","DISPATCH","UNIT_SCADA",1,"2024/02/01 15:00:00","ERGT01","0",NA,NA,NA
"D","DISPATCH","UNIT_SCADA",1,"2024/02/01 15:00:00","GB01","0",NA,NA,NA
"D","DISPATCH","UNIT_SCADA",1,"2024/02/01 15:00:00","GERMCRK","16.1210",NA,NA,NA
"D","DISPATCH","UNIT_SCADA",1,"2024/02/01 15:00:00","GRIFSF1","27.020075",NA,NA,NA
"D","DISPATCH","UNIT_SCADA",1,"2024/02/01 15:00:00","HUGSF1","3.77",NA,NA,NA
"D","DISPATCH","UNIT_SCADA",1,"2024/02/01 15:00:00","KEPBG1","0",NA,NA,NA
"D","DISPATCH","UNIT_SCADA",1,"2024/02/01 15:00:00","LRSF1","5.0680",NA,NA,NA
"D","DISPATCH","UNIT_SCADA",1,"2024/02/01 15:00:00","MBAHNTH","51.618744",NA,NA,NA
"D","DISPATCH","UNIT_SCADA",1,"2024/02/01 15:00:00","MLSP1","9.1190",NA,NA,NA
"D","DISPATCH","UNIT_SCADA",1,"2024/02/01 15:00:00","MLWF1","14.264999",NA,NA,NA
"D","DISPATCH","UNIT_SCADA",1,"2024/02/01 15:00:00","PALOONA","7.89",NA,NA,NA
"D","DISPATCH","UNIT_SCADA",1,"2024/02/01 15:00:00","PIONEER","-0.90",NA,NA,NA
"D","DISPATCH","UNIT_SCADA",1,"2024/02/01 15:00:00","PORTWF","107.300003",NA,NA,NA
"D","DISPATCH","UNIT_SCADA",1,"2024/02/01 15:00:00","REPULSE","2.952316",NA,NA,NA
"D","DISPATCH","UNIT_SCADA",1,"2024/02/01 15:00:00","ROWALLAN","0",NA,NA,NA
"D","DISPATCH","UNIT_SCADA",1,"2024/02/01 15:00:00","ROYALLA1","13.219001",NA,NA,NA
"D","DISPATCH","UNIT_SCADA",1,"2024/02/01 15:00:00","RPCG","-1.60",NA,NA,NA
"D","DISPATCH","UNIT_SCADA",1,"2024/02/01 15:00:00","RUBICON","0.81",NA,NA,NA
"D","DISPATCH","UNIT_SCADA",1,"2024/02/01 15:00:00","SHOAL1","2.35",NA,NA,NA
"D","DISPATCH","UNIT_SCADA",1,"2024/02/01 15:00:00","WAUBRAWF","0",NA,NA,NA
"D","DISPATCH","UNIT_SCADA",1,"2024/02/01 15:00:00","WOOLNTH1","129.779999",NA,NA,NA
"D","DISPATCH","UNIT_SCADA",1,"2024/02/01 15:00:00","YAMBUKWF","22",NA,NA,NA
"D","DISPATCH","UNIT_SCADA",1,"2024/02/01 15:00:00","YSWF1","23.90",NA,NA,NA
"D","DISPATCH","UNIT_SCADA",1,"2024/02/01 15:15:00","BARCSF1","13.400001",NA,NA,NA
"D","DISPATCH","UNIT_SCADA",1,"2024/02/01 15:15:00","BUTLERSG","9.099998",NA,NA,NA
"D","DISPATCH","UNIT_SCADA",1,"2024/02/01 15:15:00","BWTR1","14.975920",NA,NA,NA
"D","DISPATCH","UNIT_SCADA",1,"2024/02/01 15:15:00","CAPTL_WF","60.817337",NA,NA,NA
"D","DISPATCH","UNIT_SCADA",1,"2024/02/01 15:15:00","CHALLHWF","18.299999",NA,NA,NA
"D","DISPATCH","UNIT_SCADA",1,"2024/02/01 15:15:00","CLOVER","-0.01",NA,NA,NA
"D","DISPATCH","UNIT_SCADA",1,"2024/02/01 15:15:00","CLUNY","2.243534",NA,NA,NA
"D","DISPATCH","UNIT_SCADA",1,"2024/02/01 15:15:00","CONDONG1","-0.82",NA,NA,NA
"D","DISPATCH","UNIT_SCADA",1,"2024/02/01 15:15:00","CULLRGWF","18.08",NA,NA,NA
"D","DISPATCH","UNIT_SCADA",1,"2024/02/01 15:15:00","DIAPURWF1","0",NA,NA,NA
"D","DISPATCH","UNIT_SCADA",1,"2024/02/01 15:15:00","ERGT01","0",NA,NA,NA
"D","DISPATCH","UNIT_SCADA",1,"2024/02/01 15:15:00","GB01","0",NA,NA,NA
"D","DISPATCH","UNIT_SCADA",1,"2024/02/01 15:15:00","GERMCRK","16.0930",NA,NA,NA
"D","DISPATCH","UNIT_SCADA",1,"2024/02/01 15:15:00","GRIFSF1","27.012535",NA,NA,NA
"D","DISPATCH","UNIT_SCADA",1,"2024/02/01 15:15:00","HUGSF1","3.9220",NA,NA,NA
"D","DISPATCH","UNIT_SCADA",1,"2024/02/01 15:15:00","KEPBG1","0",NA,NA,NA
"D","DISPATCH","UNIT_SCADA",1,"2024/02/01 15:15:00","LRSF1","10.1020",NA,NA,NA
"D","DISPATCH","UNIT_SCADA",1,"2024/02/01 15:15:00","MBAHNTH","51.600006",NA,NA,NA
"D","DISPATCH","UNIT_SCADA",1,"2024/02/01 15:15:00","MLSP1","8.5660",NA,NA,NA
"D","DISPATCH","UNIT_SCADA",1,"2024/02/01 15:15:00","MLWF1","13.6950",NA,NA,NA
"D","DISPATCH","UNIT_SCADA",1,"2024/02/01 15:15:00","PALOONA","8.96",NA,NA,NA
"D","DISPATCH","UNIT_SCADA",1,"2024/02/01 15:15:00","PIONEER","-0.80",NA,NA,NA
"D","DISPATCH","UNIT_SCADA",1,"2024/02/01 15:15:00","PORTWF","101.50",NA,NA,NA
"D","DISPATCH","UNIT_SCADA",1,"2024/02/01 15:15:00","REPULSE","3.281910",NA,NA,NA
"D","DISPATCH","UNIT_SCADA",1,"2024/02/01 15:15:00","ROWALLAN","0",NA,NA,NA
"D","DISPATCH","UNIT_SCADA",1,"2024/02/01 15:15:00","ROYALLA1","12.539001",NA,NA,NA
"D","DISPATCH","UNIT_SCADA",1,"2024/02/01 15:15:00","RPCG","-1.60",NA,NA,NA
"D","DISPATCH","UNIT_SCADA",1,"2024/02/01 15:15:00","RUBICON","0.81",NA,NA,NA
"D","DISPATCH","UNIT_SCADA",1,"2024/02/01 15:15:00","SHOAL1","14.9750",NA,NA,NA
"D","DISPATCH","UNIT_SCADA",1,"2024/02/01 15:15:00","WAUBRAWF","0",NA,NA,NA
"D","DISPATCH","UNIT_SCADA",1,"2024/02/01 15:15:00","WOOLNTH1","129.320007",NA,NA,NA
"D","DISPATCH","UNIT_SCADA",1,"2024/02/01 15:15:00","YAMBUKWF","24.50",NA,NA,NA
"D","DISPATCH","UNIT_SCADA",1,"2024/02/01 15:15:00","YSWF1","14.10",NA,NA,NA
"D","DISPATCH","UNIT_SCADA",1,"2024/02/01 15:20:00","BARCSF1","13.60",NA,NA,NA
"D","DISPATCH","UNIT_SCADA",1,"2024/02/01 15:20:00","BUTLERSG","9.099998",NA,NA,NA
"D","DISPATCH","UNIT_SCADA",1,"2024/02/01 15:20:00","BWTR1","14.975920",NA,NA,NA
"D","DISPATCH","UNIT_SCADA",1,"2024/02/01 15:20:00","CAPTL_WF","59.309502",NA,NA,NA
"D","DISPATCH","UNIT_SCADA",1,"2024/02/01 15:20:00","CHALLHWF","22",NA,NA,NA
"D","DISPATCH","UNIT_SCADA",1,"2024/02/01 15:20:00","CLOVER","-0.01",NA,NA,NA
"D","DISPATCH","UNIT_SCADA",1,"2024/02/01 15:20:00","CLUNY","2.252689",NA,NA,NA
"D","DISPATCH","UNIT_SCADA",1,"2024/02/01 15:20:00","CONDONG1","-0.81",NA,NA,NA
"D","DISPATCH","UNIT_SCADA",1,"2024/02/01 15:20:00","CULLRGWF","16.790001",NA,NA,NA
"D","DISPATCH","UNIT_SCADA",1,"2024/02/01 15:20:00","DIAPURWF1","0",NA,NA,NA
"D","DISPATCH","UNIT_SCADA",1,"2024/02/01 15:20:00","ERGT01","0",NA,NA,NA
"D","DISPATCH","UNIT_SCADA",1,"2024/02/01 15:20:00","GB01","0",NA,NA,NA
"D","DISPATCH","UNIT_SCADA",1,"2024/02/01 15:20:00","GERMCRK","15.9480",NA,NA,NA
"D","DISPATCH","UNIT_SCADA",1,"2024/02/01 15:20:00","GRIFSF1","27.012535",NA,NA,NA
"D","DISPATCH","UNIT_SCADA",1,"2024/02/01 15:20:00","HUGSF1","3.8560",NA,NA,NA
"D","DISPATCH","UNIT_SCADA",1,"2024/02/01 15:20:00","KEPBG1","0",NA,NA,NA
"D","DISPATCH","UNIT_SCADA",1,"2024/02/01 15:20:00","LRSF1","3.2690",NA,NA,NA
"D","DISPATCH","UNIT_SCADA",1,"2024/02/01 15:20:00","MBAHNTH","51.693756",NA,NA,NA
"D","DISPATCH","UNIT_SCADA",1,"2024/02/01 15:20:00","MLSP1","8.466001",NA,NA,NA
"D","DISPATCH","UNIT_SCADA",1,"2024/02/01 15:20:00","MLWF1","12.735001",NA,NA,NA
"D","DISPATCH","UNIT_SCADA",1,"2024/02/01 15:20:00","PALOONA","8.889999",NA,NA,NA
"D","DISPATCH","UNIT_SCADA",1,"2024/02/01 15:20:00","PIONEER","-0.80",NA,NA,NA
"D","DISPATCH","UNIT_SCADA",1,"2024/02/01 15:20:00","PORTWF","108.699997",NA,NA,NA
"D","DISPATCH","UNIT_SCADA",1,"2024/02/01 15:20:00","REPULSE","3.079271",NA,NA,NA
"D","DISPATCH","UNIT_SCADA",1,"2024/02/01 15:20:00","ROWALLAN","0",NA,NA,NA
"D","DISPATCH","UNIT_SCADA",1,"2024/02/01 15:20:00","ROYALLA1","12.245001",NA,NA,NA
"D","DISPATCH","UNIT_SCADA",1,"2024/02/01 15:20:00","RPCG","-1.60",NA,NA,NA
"D","DISPATCH","UNIT_SCADA",1,"2024/02/01 15:20:00","RUBICON","0.72",NA,NA,NA
"D","DISPATCH","UNIT_SCADA",1,"2024/02/01 15:20:00","SHOAL1","14.9750",NA,NA,NA
"D","DISPATCH","UNIT_SCADA",1,"2024/02/01 15:20:00","WAUBRAWF","0",NA,NA,NA
"D","DISPATCH","UNIT_SCADA",1,"2024/02/01 15:20:00","WOOLNTH1","128.720001",NA,NA,NA
"D","DISPATCH","UNIT_SCADA",1,"2024/02/01 15:20:00","YAMBUKWF","24.40",NA,NA,NA
"D","DISPATCH","UNIT_SCADA",1,"2024/02/01 15:20:00","YSWF1","20.90",NA,NA,NA
"D","DISPATCH","UNIT_SCADA",1,"2024/02/01 16:05:00","WOOLNTH1","131.059998",NA,NA,NA
"D","DISPATCH","UNIT_SCADA",1,"2024/02/01 16:05:00","YAMBUKWF","24.700001",NA,NA,NA
"D","DISPATCH","UNIT_SCADA",1,"2024/02/01 16:05:00","YSWF1","19.200001",NA,NA,NA
"D","DISPATCH","UNIT_SCADA",1,"2024/02/01 19:25:00","RPCG","-1.70",NA,NA,NA
"D","DISPATCH","UNIT_SCADA",1,"2024/02/01 19:25:00","RUBICON","0.81",NA,NA,NA
"D","DISPATCH","UNIT_SCADA",1,"2024/02/01 19:25:00","SHOAL1","19.9750",NA,NA,NA
"D","DISPATCH","UNIT_SCADA",1,"2024/02/01 19:25:00","WAUBRAWF","132.044998",NA,NA,NA
"D","DISPATCH","UNIT_SCADA",1,"2024/02/01 19:25:00","WOOLNTH1","126.479996",NA,NA,NA
"D","DISPATCH","UNIT_SCADA",1,"2024/02/01 19:25:00","YAMBUKWF","19.50",NA,NA,NA
"D","DISPATCH","UNIT_SCADA",1,"2024/02/01 19:25:00","YSWF1","17.50",NA,NA,NA
"D","DISPATCH","UNIT_SCADA",1,"2024/02/01 19:30:00","BARCSF1","0.20",NA,NA,NA
"D","DISPATCH","UNIT_SCADA",1,"2024/02/01 19:30:00","BUTLERSG","8.999998",NA,NA,NA
"D","DISPATCH","UNIT_SCADA",1,"2024/02/01 19:30:00","BWTR1","14.5758",NA,NA,NA
"D","DISPATCH","UNIT_SCADA",1,"2024/02/01 19:30:00","CAPTL_WF","78.313690",NA,NA,NA
"D","DISPATCH","UNIT_SCADA",1,"2024/02/01 19:30:00","CHALLHWF","18.50",NA,NA,NA
"D","DISPATCH","UNIT_SCADA",1,"2024/02/01 19:30:00","CLOVER","12.98",NA,NA,NA
"D","DISPATCH","UNIT_SCADA",1,"2024/02/01 19:30:00","CLUNY","2.105287",NA,NA,NA
"D","DISPATCH","UNIT_SCADA",1,"2024/02/01 19:30:00","CONDONG1","-0.74",NA,NA,NA
"D","DISPATCH","UNIT_SCADA",1,"2024/02/01 19:30:00","CULLRGWF","13.12",NA,NA,NA
"D","DISPATCH","UNIT_SCADA",1,"2024/02/01 19:30:00","DIAPURWF1","0",NA,NA,NA
"D","DISPATCH","UNIT_SCADA",1,"2024/02/01 19:30:00","ERGT01","0",NA,NA,NA
"D","DISPATCH","UNIT_SCADA",1,"2024/02/01 19:30:00","GB01","0",NA,NA,NA
"D","DISPATCH","UNIT_SCADA",1,"2024/02/01 19:30:00","GERMCRK","15.6980",NA,NA,NA
"D","DISPATCH","UNIT_SCADA",1,"2024/02/01 19:30:00","GRIFSF1","0",NA,NA,NA
"D","DISPATCH","UNIT_SCADA",1,"2024/02/01 19:30:00","HUGSF1","-0.0840",NA,NA,NA
"D","DISPATCH","UNIT_SCADA",1,"2024/02/01 19:30:00","KEPBG1","2.01",NA,NA,NA
"D","DISPATCH","UNIT_SCADA",1,"2024/02/01 19:30:00","LRSF1","0.0090",NA,NA,NA
"D","DISPATCH","UNIT_SCADA",1,"2024/02/01 19:30:00","MBAHNTH","50.962509",NA,NA,NA
"D","DISPATCH","UNIT_SCADA",1,"2024/02/01 19:30:00","MLSP1","0.0310",NA,NA,NA
"D","DISPATCH","UNIT_SCADA",1,"2024/02/01 19:30:00","MLWF1","7.6650",NA,NA,NA
"D","DISPATCH","UNIT_SCADA",1,"2024/02/01 19:30:00","PALOONA","0",NA,NA,NA
"D","DISPATCH","UNIT_SCADA",1,"2024/02/01 19:30:00","PIONEER","-0.50",NA,NA,NA
"D","DISPATCH","UNIT_SCADA",1,"2024/02/01 19:30:00","PORTWF","67.699997",NA,NA,NA
"D","DISPATCH","UNIT_SCADA",1,"2024/02/01 19:30:00","REPULSE","3.079271",NA,NA,NA
"D","DISPATCH","UNIT_SCADA",1,"2024/02/01 19:30:00","ROWALLAN","0",NA,NA,NA
"D","DISPATCH","UNIT_SCADA",1,"2024/02/01 19:30:00","ROYALLA1","0",NA,NA,NA
"D","DISPATCH","UNIT_SCADA",1,"2024/02/01 19:30:00","RPCG","-1.70",NA,NA,NA
"D","DISPATCH","UNIT_SCADA",1,"2024/02/01 19:30:00","RUBICON","0.81",NA,NA,NA
"D","DISPATCH","UNIT_SCADA",1,"2024/02/01 19:30:00","SHOAL1","19.9750",NA,NA,NA
"D","DISPATCH","UNIT_SCADA",1,"2024/02/01 19:30:00","WAUBRAWF","139.132004",NA,NA,NA
"D","DISPATCH","UNIT_SCADA",1,"2024/02/01 19:30:00","WOOLNTH1","126.239998",NA,NA,NA
"D","DISPATCH","UNIT_SCADA",1,"2024/02/01 19:30:00","YAMBUKWF","21.299999",NA,NA,NA
"D","DISPATCH","UNIT_SCADA",1,"2024/02/01 19:30:00","YSWF1","16.200001",NA,NA,NA
"D","DISPATCH","UNIT_SCADA",1,"2024/02/01 19:40:00","BARCSF1","0.20",NA,NA,NA
"D","DISPATCH","UNIT_SCADA",1,"2024/02/01 19:40:00","BUTLERSG","8.999998",NA,NA,NA
"D","DISPATCH","UNIT_SCADA",1,"2024/02/01 19:40:00","BWTR1","14.5758",NA,NA,NA
"D","DISPATCH","UNIT_SCADA",1,"2024/02/01 19:40:00","CAPTL_WF","86.376320",NA,NA,NA
"D","DISPATCH","UNIT_SCADA",1,"2024/02/01 19:40:00","CHALLHWF","16",NA,NA,NA
"D","DISPATCH","UNIT_SCADA",1,"2024/02/01 19:40:00","CLOVER","12.96",NA,NA,NA
"D","DISPATCH","UNIT_SCADA",1,"2024/02/01 19:40:00","CLUNY","2.099794",NA,NA,NA
"D","DISPATCH","UNIT_SCADA",1,"2024/02/01 19:40:00","CONDONG1","-0.73",NA,NA,NA
"D","DISPATCH","UNIT_SCADA",1,"2024/02/01 19:40:00","CULLRGWF","12.11",NA,NA,NA
"D","DISPATCH","UNIT_SCADA",1,"2024/02/01 19:40:00","DIAPURWF1","0",NA,NA,NA
"D","DISPATCH","UNIT_SCADA",1,"2024/02/01 19:40:00","ERGT01","0",NA,NA,NA
"D","DISPATCH","UNIT_SCADA",1,"2024/02/01 19:40:00","GB01","0",NA,NA,NA
"D","DISPATCH","UNIT_SCADA",1,"2024/02/01 19:40:00","GERMCRK","16.641001",NA,NA,NA
"D","DISPATCH","UNIT_SCADA",1,"2024/02/01 19:40:00","GRIFSF1","0",NA,NA,NA
"D","DISPATCH","UNIT_SCADA",1,"2024/02/01 19:40:00","HUGSF1","-0.0840",NA,NA,NA
"D","DISPATCH","UNIT_SCADA",1,"2024/02/01 19:40:00","KEPBG1","0",NA,NA,NA
"D","DISPATCH","UNIT_SCADA",1,"2024/02/01 19:40:00","LRSF1","0.0090",NA,NA,NA
"D","DISPATCH","UNIT_SCADA",1,"2024/02/01 19:40:00","MBAHNTH","48.600006",NA,NA,NA
"D","DISPATCH","UNIT_SCADA",1,"2024/02/01 19:40:00","MLSP1","0.0310",NA,NA,NA
"D","DISPATCH","UNIT_SCADA",1,"2024/02/01 19:40:00","MLWF1","9.870001",NA,NA,NA
"D","DISPATCH","UNIT_SCADA",1,"2024/02/01 19:40:00","PALOONA","0",NA,NA,NA
"D","DISPATCH","UNIT_SCADA",1,"2024/02/01 19:40:00","PIONEER","-0.50",NA,NA,NA
"D","DISPATCH","UNIT_SCADA",1,"2024/02/01 19:40:00","PORTWF","63.900002",NA,NA,NA
"D","DISPATCH","UNIT_SCADA",1,"2024/02/01 19:40:00","REPULSE","3.384451",NA,NA,NA
"D","DISPATCH","UNIT_SCADA",1,"2024/02/01 19:40:00","ROWALLAN","0",NA,NA,NA
"D","DISPATCH","UNIT_SCADA",1,"2024/02/01 19:40:00","ROYALLA1","0",NA,NA,NA
"D","DISPATCH","UNIT_SCADA",1,"2024/02/01 19:40:00","RPCG","-1.70",NA,NA,NA
"D","DISPATCH","UNIT_SCADA",1,"2024/02/01 19:40:00","RUBICON","0.81",NA,NA,NA
"D","DISPATCH","UNIT_SCADA",1,"2024/02/01 19:40:00","SHOAL1","19.9750",NA,NA,NA
"D","DISPATCH","UNIT_SCADA",1,"2024/02/01 19:40:00","WAUBRAWF","126.716003",NA,NA,NA
"D","DISPATCH","UNIT_SCADA",1,"2024/02/01 19:40:00","WOOLNTH1","127.830002",NA,NA,NA
"D","DISPATCH","UNIT_SCADA",1,"2024/02/01 19:40:00","YAMBUKWF","23.50",NA,NA,NA
"D","DISPATCH","UNIT_SCADA",1,"2024/02/01 19:40:00","YSWF1","13.60",NA,NA,NA
"D","DISPATCH","UNIT_SCADA",1,"2024/02/02 03:35:00","BARCSF1","0",NA,NA,NA
"D","DISPATCH","UNIT_SCADA",1,"2024/02/02 03:35:00","BUTLERSG","8.999998",NA,NA,NA
"D","DISPATCH","UNIT_SCADA",1,"2024/02/02 03:35:00","BWTR1","14.8616",NA,NA,NA
"D","DISPATCH","UNIT_SCADA",1,"2024/02/02 03:35:00","CAPTL_WF","0",NA,NA,NA
"D","DISPATCH","UNIT_SCADA",1,"2024/02/02 03:35:00","CHALLHWF","19.799999",NA,NA,NA
"D","DISPATCH","UNIT_SCADA",1,"2024/02/02 03:35:00","CLOVER","-0.10",NA,NA,NA
"D","DISPATCH","UNIT_SCADA",1,"2024/02/02 03:35:00","CLUNY","4.567178",NA,NA,NA
"D","DISPATCH","UNIT_SCADA",1,"2024/02/02 03:35:00","CONDONG1","-0.73",NA,NA,NA
"D","DISPATCH","UNIT_SCADA",1,"2024/02/02 03:35:00","CULLRGWF","11.46",NA,NA,NA
"D","DISPATCH","UNIT_SCADA",1,"2024/02/02 03:35:00","DIAPURWF1","0",NA,NA,NA
"D","DISPATCH","UNIT_SCADA",1,"2024/02/02 03:35:00","ERGT01","0",NA,NA,NA
"D","DISPATCH","UNIT_SCADA",1,"2024/02/02 03:35:00","GB01","0",NA,NA,NA
"D","DISPATCH","UNIT_SCADA",1,"2024/02/02 03:35:00","GERMCRK","13.2690",NA,NA,NA
"D","DISPATCH","UNIT_SCADA",1,"2024/02/02 03:35:00","GRIFSF1","0",NA,NA,NA
"D","DISPATCH","UNIT_SCADA",1,"2024/02/02 03:35:00","HUGSF1","-0.1480",NA,NA,NA
"D","DISPATCH","UNIT_SCADA",1,"2024/02/02 03:35:00","KEPBG1","0",NA,NA,NA
"D","DISPATCH","UNIT_SCADA",1,"2024/02/02 03:35:00","LRSF1","-0.03",NA,NA,NA
"D","DISPATCH","UNIT_SCADA",1,"2024/02/02 03:35:00","MBAHNTH","46.143753",NA,NA,NA
"D","DISPATCH","UNIT_SCADA",1,"2024/02/02 03:35:00","MLSP1","0.0310",NA,NA,NA
"D","DISPATCH","UNIT_SCADA",1,"2024/02/02 03:35:00","MLWF1","5.3550",NA,NA,NA
"D","DISPATCH","UNIT_SCADA",1,"2024/02/02 03:35:00","PALOONA","0",NA,NA,NA
"D","DISPATCH","UNIT_SCADA",1,"2024/02/02 03:35:00","PIONEER","-0.40",NA,NA,NA
"D","DISPATCH","UNIT_SCADA",1,"2024/02/02 03:35:00","PORTWF","45.900002",NA,NA,NA
"D","DISPATCH","UNIT_SCADA",1,"2024/02/02 03:35:00","REPULSE","7.053941",NA,NA,NA
"D","DISPATCH","UNIT_SCADA",1,"2024/02/02 03:35:00","ROWALLAN","0",NA,NA,NA
"D","DISPATCH","UNIT_SCADA",1,"2024/02/02 03:35:00","ROYALLA1","0",NA,NA,NA
"D","DISPATCH","UNIT_SCADA",1,"2024/02/02 03:35:00","RPCG","12.50",NA,NA,NA
"D","DISPATCH","UNIT_SCADA",1,"2024/02/02 03:35:00","RUBICON","0.81",NA,NA,NA
"D","DISPATCH","UNIT_SCADA",1,"2024/02/02 03:35:00","SHOAL1","19.9750",NA,NA,NA
"D","DISPATCH","UNIT_SCADA",1,"2024/02/02 03:35:00","WAUBRAWF","166.477997",NA,NA,NA
"D","DISPATCH","UNIT_SCADA",1,"2024/02/02 03:35:00","WOOLNTH1","128.25",NA,NA,NA
"D","DISPATCH","UNIT_SCADA",1,"2024/02/02 03:35:00","YAMBUKWF","19.50",NA,NA,NA
"D","DISPATCH","UNIT_SCADA",1,"2024/02/02 03:35:00","YSWF1","22.60",NA,NA,NA
"D","DISPATCH","UNIT_SCADA",1,"2024/02/02 04:55:00","ROWALLAN","0",NA,NA,NA
"D","DISPATCH","UNIT_SCADA",1,"2024/02/02 04:55:00","ROYALLA1","0",NA,NA,NA
"D","DISPATCH","UNIT_SCADA",1,"2024/02/02 04:55:00","RPCG","13.80",NA,NA,NA
"D","DISPATCH","UNIT_SCADA",1,"2024/02/02 04:55:00","RUBICON","0.81",NA,NA,NA
"D","DISPATCH","UNIT_SCADA",1,"2024/02/02 04:55:00","SHOAL1","19.950001",NA,NA,NA
"D","DISPATCH","UNIT_SCADA",1,"2024/02/02 04:55:00","WAUBRAWF","139.942993",NA,NA,NA
"D","DISPATCH","UNIT_SCADA",1,"2024/02/02 04:55:00","WOOLNTH1","125.949997",NA,NA,NA
"D","DISPATCH","UNIT_SCADA",1,"2024/02/02 04:55:00","YAMBUKWF","14.10",NA,NA,NA
"D","DISPATCH","UNIT_SCADA",1,"2024/02/02 04:55:00","YSWF1","19",NA,NA,NA
"D","DISPATCH","UNIT_SCADA",1,"2024/02/02 06:10:00","RPCG","12.40",NA,NA,NA
"D","DISPATCH","UNIT_SCADA",1,"2024/02/02 06:10:00","RUBICON","0.72",NA,NA,NA
"D","DISPATCH","UNIT_SCADA",1,"2024/02/02 06:10:00","SHOAL1","19.9750",NA,NA,NA
"D","DISPATCH","UNIT_SCADA",1,"2024/02/02 06:10:00","WAUBRAWF","153.727005",NA,NA,NA
"D","DISPATCH","UNIT_SCADA",1,"2024/02/02 06:10:00","WOOLNTH1","128.149994",NA,NA,NA
"D","DISPATCH","UNIT_SCADA",1,"2024/02/02 06:10:00","YAMBUKWF","8.70",NA,NA,NA
"D","DISPATCH","UNIT_SCADA",1,"2024/02/01 08:20:00","YSWF1","12.10",NA,NA,NA
"D","DISPATCH","UNIT_SCADA",1,"2024/02/01 10:05:00","BARCSF1","13.300001",NA,NA,NA
"D","DISPATCH","UNIT_SCADA",1,"2024/02/01 10:05:00","BUTLERSG","9.099998",NA,NA,NA
"D","DISPATCH","UNIT_SCADA",1,"2024/02/01 10:05:00","BWTR1","15.318880",NA,NA,NA
"D","DISPATCH","UNIT_SCADA",1,"2024/02/01 10:05:00","CAPTL_WF","0",NA,NA,NA
"D","DISPATCH","UNIT_SCADA",1,"2024/02/01 10:05:00","CHALLHWF","4.40",NA,NA,NA
"D","DISPATCH","UNIT_SCADA",1,"2024/02/01 10:05:00","CLOVER","-0.02",NA,NA,NA
"D","DISPATCH","UNIT_SCADA",1,"2024/02/01 10:05:00","CLUNY","2.224308",NA,NA,NA
"D","DISPATCH","UNIT_SCADA",1,"2024/02/01 10:05:00","CONDONG1","-0.94",NA,NA,NA
"D","DISPATCH","UNIT_SCADA",1,"2024/02/01 10:05:00","CULLRGWF","2.29",NA,NA,NA
"D","DISPATCH","UNIT_SCADA",1,"2024/02/01 10:05:00","DIAPURWF1","0",NA,NA,NA
"D","DISPATCH","UNIT_SCADA",1,"2024/02/01 10:05:00","ERGT01","0",NA,NA,NA
"D","DISPATCH","UNIT_SCADA",1,"2024/02/01 10:05:00","GB01","0",NA,NA,NA
"D","DISPATCH","UNIT_SCADA",1,"2024/02/01 10:05:00","GERMCRK","10.4960",NA,NA,NA
"D","DISPATCH","UNIT_SCADA",1,"2024/02/01 10:05:00","GRIFSF1","27.012535",NA,NA,NA
"D","DISPATCH","UNIT_SCADA",1,"2024/02/01 10:05:00","HUGSF1","8.183001",NA,NA,NA
"D","DISPATCH","UNIT_SCADA",1,"2024/02/01 10:05:00","KEPBG1","0",NA,NA,NA
"D","DISPATCH","UNIT_SCADA",1,"2024/02/01 10:05:00","LRSF1","10.0670",NA,NA,NA
"D","DISPATCH","UNIT_SCADA",1,"2024/02/01 10:05:00","MBAHNTH","50.887497",NA,NA,NA
"D","DISPATCH","UNIT_SCADA",1,"2024/02/01 10:05:00","MLSP1","10.2220",NA,NA,NA
"D","DISPATCH","UNIT_SCADA",1,"2024/02/01 10:05:00","MLWF1","7.62",NA,NA,NA
"D","DISPATCH","UNIT_SCADA",1,"2024/02/01 10:05:00","PALOONA","0",NA,NA,NA
"D","DISPATCH","UNIT_SCADA",1,"2024/02/01 10:05:00","PIONEER","-0.80",NA,NA,NA
"D","DISPATCH","UNIT_SCADA",1,"2024/02/01 10:05:00","PORTWF","85.300003",NA,NA,NA
"D","DISPATCH","UNIT_SCADA",1,"2024/02/01 10:05:00","REPULSE","3.079271",NA,NA,NA
"D","DISPATCH","UNIT_SCADA",1,"2024/02/01 10:05:00","ROWALLAN","0",NA,NA,NA
"D","DISPATCH","UNIT_SCADA",1,"2024/02/01 10:05:00","ROYALLA1","15.320001",NA,NA,NA
"D","DISPATCH","UNIT_SCADA",1,"2024/02/01 10:05:00","RPCG","-1.60",NA,NA,NA
"D","DISPATCH","UNIT_SCADA",1,"2024/02/01 10:05:00","RUBICON","0.81",NA,NA,NA
"D","DISPATCH","UNIT_SCADA",1,"2024/02/01 10:05:00","SHOAL1","0",NA,NA,NA
"D","DISPATCH","UNIT_SCADA",1,"2024/02/01 10:05:00","WAUBRAWF","64.767998",NA,NA,NA
"D","DISPATCH","UNIT_SCADA",1,"2024/02/01 10:05:00","WOOLNTH1","120.039993",NA,NA,NA
"D","DISPATCH","UNIT_SCADA",1,"2024/02/01 10:05:00","YAMBUKWF","16",NA,NA,NA
"D","DISPATCH","UNIT_SCADA",1,"2024/02/01 10:05:00","YSWF1","9.30",NA,NA,NA
"D","DISPATCH","UNIT_SCADA",1,"2024/02/01 10:50:00","BARCSF1","13.400001",NA,NA,NA
"D","DISPATCH","UNIT_SCADA",1,"2024/02/01 10:50:00","BUTLERSG","9.099998",NA,NA,NA
"D","DISPATCH","UNIT_SCADA",1,"2024/02/01 10:50:00","BWTR1","15.261720",NA,NA,NA
"D","DISPATCH","UNIT_SCADA",1,"2024/02/01 10:50:00","CAPTL_WF","7.537224",NA,NA,NA
"D","DISPATCH","UNIT_SCADA",1,"2024/02/01 10:50:00","CHALLHWF","5",NA,NA,NA
"D","DISPATCH","UNIT_SCADA",1,"2024/02/01 10:50:00","CLOVER","0",NA,NA,NA
"D","DISPATCH","UNIT_SCADA",1,"2024/02/01 10:50:00","CLUNY","2.176699",NA,NA,NA
"D","DISPATCH","UNIT_SCADA",1,"2024/02/01 10:50:00","CONDONG1","-1.05",NA,NA,NA
"D","DISPATCH","UNIT_SCADA",1,"2024/02/01 10:50:00","CULLRGWF","7.07",NA,NA,NA
"D","DISPATCH","UNIT_SCADA",1,"2024/02/01 10:50:00","DIAPURWF1","0",NA,NA,NA
"D","DISPATCH","UNIT_SCADA",1,"2024/02/01 10:50:00","ERGT01","0",NA,NA,NA
"D","DISPATCH","UNIT_SCADA",1,"2024/02/01 10:50:00","GB01","0",NA,NA,NA
"D","DISPATCH","UNIT_SCADA",1,"2024/02/01 10:50:00","GERMCRK","12.1660",NA,NA,NA
"D","DISPATCH","UNIT_SCADA",1,"2024/02/01 10:50:00","GRIFSF1","27.020075",NA,NA,NA
"D","DISPATCH","UNIT_SCADA",1,"2024/02/01 10:50:00","HUGSF1","7.22",NA,NA,NA
"D","DISPATCH","UNIT_SCADA",1,"2024/02/01 10:50:00","KEPBG1","0",NA,NA,NA
"D","DISPATCH","UNIT_SCADA",1,"2024/02/01 10:50:00","LRSF1","10.035001",NA,NA,NA
"D","DISPATCH","UNIT_SCADA",1,"2024/02/01 10:50:00","MBAHNTH","50.343750",NA,NA,NA
"D","DISPATCH","UNIT_SCADA",1,"2024/02/01 10:50:00","MLSP1","11.0970",NA,NA,NA
"D","DISPATCH","UNIT_SCADA",1,"2024/02/01 10:50:00","MLWF1","7.47",NA,NA,NA
"D","DISPATCH","UNIT_SCADA",1,"2024/02/01 10:50:00","PALOONA","0",NA,NA,NA
"D","DISPATCH","UNIT_SCADA",1,"2024/02/01 10:50:00","PIONEER","-0.80",NA,NA,NA
"D","DISPATCH","UNIT_SCADA",1,"2024/02/01 10:50:00","PORTWF","97.699997",NA,NA,NA
"D","DISPATCH","UNIT_SCADA",1,"2024/02/01 10:50:00","REPULSE","3.009690",NA,NA,NA
"D","DISPATCH","UNIT_SCADA",1,"2024/02/01 10:50:00","ROWALLAN","0",NA,NA,NA
"D","DISPATCH","UNIT_SCADA",1,"2024/02/01 10:50:00","ROYALLA1","16.25",NA,NA,NA
"D","DISPATCH","UNIT_SCADA",1,"2024/02/01 10:50:00","RPCG","-1.60",NA,NA,NA
"D","DISPATCH","UNIT_SCADA",1,"2024/02/01 10:50:00","RUBICON","0.81",NA,NA,NA
"D","DISPATCH","UNIT_SCADA",1,"2024/02/01 10:50:00","SHOAL1","0",NA,NA,NA
"D","DISPATCH","UNIT_SCADA",1,"2024/02/01 10:50:00","WAUBRAWF","51.515999",NA,NA,NA
"D","DISPATCH","UNIT_SCADA",1,"2024/02/01 10:50:00","WOOLNTH1","121.369995",NA,NA,NA
"D","DISPATCH","UNIT_SCADA",1,"2024/02/01 10:50:00","YAMBUKWF","13.20",NA,NA,NA
"D","DISPATCH","UNIT_SCADA",1,"2024/02/01 10:50:00","YSWF1","7.60",NA,NA,NA
"D","DISPATCH","UNIT_SCADA",1,"2024/02/01 11:10:00","BARCSF1","13.700001",NA,NA,NA
"D","DISPATCH","UNIT_SCADA",1,"2024/02/01 11:10:00","BUTLERSG","9.099998",NA,NA,NA
"D","DISPATCH","UNIT_SCADA",1,"2024/02/01 11:10:00","BWTR1","15.261720",NA,NA,NA
"D","DISPATCH","UNIT_SCADA",1,"2024/02/01 11:10:00","CAPTL_WF","23.004257",NA,NA,NA
"D","DISPATCH","UNIT_SCADA",1,"2024/02/01 11:10:00","CHALLHWF","4",NA,NA,NA
"D","DISPATCH","UNIT_SCADA",1,"2024/02/01 11:10:00","CLOVER","0",NA,NA,NA
"D","DISPATCH","UNIT_SCADA",1,"2024/02/01 11:10:00","CLUNY","2.185855",NA,NA,NA
"D","DISPATCH","UNIT_SCADA",1,"2024/02/01 11:10:00","CONDONG1","-0.92",NA,NA,NA
"D","DISPATCH","UNIT_SCADA",1,"2024/02/01 11:10:00","CULLRGWF","6.85",NA,NA,NA
"D","DISPATCH","UNIT_SCADA",1,"2024/02/01 11:10:00","DIAPURWF1","0",NA,NA,NA
"D","DISPATCH","UNIT_SCADA",1,"2024/02/01 11:10:00","ERGT01","0",NA,NA,NA
"D","DISPATCH","UNIT_SCADA",1,"2024/02/01 11:10:00","GB01","0",NA,NA,NA
"D","DISPATCH","UNIT_SCADA",1,"2024/02/01 11:10:00","GERMCRK","11.3190",NA,NA,NA
"D","DISPATCH","UNIT_SCADA",1,"2024/02/01 11:10:00","GRIFSF1","27.020075",NA,NA,NA
"D","DISPATCH","UNIT_SCADA",1,"2024/02/01 11:10:00","HUGSF1","4.4340",NA,NA,NA
"D","DISPATCH","UNIT_SCADA",1,"2024/02/01 11:10:00","KEPBG1","0",NA,NA,NA
"D","DISPATCH","UNIT_SCADA",1,"2024/02/01 11:10:00","LRSF1","10.033001",NA,NA,NA
"D","DISPATCH","UNIT_SCADA",1,"2024/02/01 11:10:00","MBAHNTH","50.212509",NA,NA,NA
"D","DISPATCH","UNIT_SCADA",1,"2024/02/01 11:10:00","MLSP1","11.398001",NA,NA,NA
"D","DISPATCH","UNIT_SCADA",1,"2024/02/01 11:10:00","MLWF1","9.674999",NA,NA,NA
"D","DISPATCH","UNIT_SCADA",1,"2024/02/01 11:10:00","PALOONA","0",NA,NA,NA
"D","DISPATCH","UNIT_SCADA",1,"2024/02/01 11:10:00","PIONEER","-0.80",NA,NA,NA
"D","DISPATCH","UNIT_SCADA",1,"2024/02/01 11:10:00","PORTWF","99.900002",NA,NA,NA
"D","DISPATCH","UNIT_SCADA",1,"2024/02/01 11:10:00","REPULSE","3.212329",NA,NA,NA
"D","DISPATCH","UNIT_SCADA",1,"2024/02/01 11:10:00","ROWALLAN","0",NA,NA,NA
"D","DISPATCH","UNIT_SCADA",1,"2024/02/01 11:10:00","ROYALLA1","16.565001",NA,NA,NA
"D","DISPATCH","UNIT_SCADA",1,"2024/02/01 11:10:00","RPCG","-1.60",NA,NA,NA
"D","DISPATCH","UNIT_SCADA",1,"2024/02/01 11:10:00","RUBICON","0.81",NA,NA,NA
"D","DISPATCH","UNIT_SCADA",1,"2024/02/01 11:10:00","SHOAL1","0",NA,NA,NA
"D","DISPATCH","UNIT_SCADA",1,"2024/02/01 11:10:00","WAUBRAWF","65.690002",NA,NA,NA
"D","DISPATCH","UNIT_SCADA",1,"2024/02/01 11:10:00","WOOLNTH1","119.779999",NA,NA,NA
"D","DISPATCH","UNIT_SCADA",1,"2024/02/01 11:10:00","YAMBUKWF","15.50",NA,NA,NA
"D","DISPATCH","UNIT_SCADA",1,"2024/02/01 11:10:00","YSWF1","8.90",NA,NA,NA
"D","DISPATCH","UNIT_SCADA",1,"2024/02/01 11:35:00","BARCSF1","13.300001",NA,NA,NA
"D","DISPATCH","UNIT_SCADA",1,"2024/02/01 11:35:00","BUTLERSG","9.099998",NA,NA,NA
"D","DISPATCH","UNIT_SCADA",1,"2024/02/01 11:35:00","BWTR1","14.918760",NA,NA,NA
"D","DISPATCH","UNIT_SCADA",1,"2024/02/01 11:35:00","CAPTL_WF","29.492638",NA,NA,NA
"D","DISPATCH","UNIT_SCADA",1,"2024/02/01 11:35:00","CHALLHWF","5.20",NA,NA,NA
"D","DISPATCH","UNIT_SCADA",1,"2024/02/01 11:35:00","CLOVER","-0.01",NA,NA,NA
"D","DISPATCH","UNIT_SCADA",1,"2024/02/01 11:35:00","CLUNY","2.090639",NA,NA,NA
"D","DISPATCH","UNIT_SCADA",1,"2024/02/01 11:35:00","CONDONG1","-1.01",NA,NA,NA
"D","DISPATCH","UNIT_SCADA",1,"2024/02/01 11:35:00","CULLRGWF","6.41",NA,NA,NA
