"C","SETP.WORLD","DVD_DISPATCH_UNIT_SCADA","AEMO","PUBLIC","X2018.07.08","X00.00.01","X0000000296748775","X","X0000000296748719"
"I","DISPATCH","UNIT_SCADA",1,"SETTLEMENTDATE","DUID","SCADAVALUE",NA,NA,NA
"D","DISPATCH","UNIT_SCADA",1,"2018/06/01 00:05:00","BARCSF1","0.50",NA,NA,NA
"D","DISPATCH","UNIT_SCADA",1,"2018/06/01 00:05:00","BUTLERSG","9.199999",NA,NA,NA
"D","DISPATCH","UNIT_SCADA",1,"2018/06/01 00:05:00","CALL_A_4","0",NA,NA,NA
"D","DISPATCH","UNIT_SCADA",1,"2018/06/01 00:05:00","CAPTL_WF","66.6520",NA,NA,NA
"D","DISPATCH","UNIT_SCADA",1,"2018/06/01 00:05:00","CATHROCK","40.189999",NA,NA,NA
"D","DISPATCH","UNIT_SCADA",1,"2018/06/01 00:05:00","CHALLHWF","12.80",NA,NA,NA
"D","DISPATCH","UNIT_SCADA",1,"2018/06/01 00:05:00","CLOVER","-0.02",NA,NA,NA
"D","DISPATCH","UNIT_SCADA",1,"2018/06/01 00:05:00","CLUNY","8.772259",NA,NA,NA
"D","DISPATCH","UNIT_SCADA",1,"2018/06/01 00:05:00","CNUNDAWF","4.004672",NA,NA,NA
"D","DISPATCH","UNIT_SCADA",1,"2018/06/01 00:05:00","CULLRGWF","17.18",NA,NA,NA
"D","DISPATCH","UNIT_SCADA",1,"2018/06/01 00:05:00","ERGT01","0",NA,NA,NA
"D","DISPATCH","UNIT_SCADA",1,"2018/06/01 00:05:00","GB01","0.052593",NA,NA,NA
"D","DISPATCH","UNIT_SCADA",1,"2018/06/01 00:05:00","GERMCRK","32.400002",NA,NA,NA
"D","DISPATCH","UNIT_SCADA",1,"2018/06/01 00:05:00","GRIFSF1","0",NA,NA,NA
"D","DISPATCH","UNIT_SCADA",1,"2018/06/01 00:05:00","HUGSF1","-0.0130",NA,NA,NA
"D","DISPATCH","UNIT_SCADA",1,"2018/06/01 00:05:00","INVICTA","0",NA,NA,NA
"D","DISPATCH","UNIT_SCADA",1,"2018/06/01 00:05:00","LKBONNY1","6.608893",NA,NA,NA
"D","DISPATCH","UNIT_SCADA",1,"2018/06/01 00:05:00","LRSF1","0.01",NA,NA,NA
"D","DISPATCH","UNIT_SCADA",1,"2018/06/01 00:05:00","MBAHNTH","46.856247",NA,NA,NA
"D","DISPATCH","UNIT_SCADA",1,"2018/06/01 00:05:00","MLSP1","0.370001",NA,NA,NA
"D","DISPATCH","UNIT_SCADA",1,"2018/06/01 00:05:00","MLWF1","3.69",NA,NA,NA
"D","DISPATCH","UNIT_SCADA",1,"2018/06/01 00:05:00","MTMILLAR","43.926060",NA,NA,NA
"D","DISPATCH","UNIT_SCADA",1,"2018/06/01 00:05:00","PALOONA","12.48",NA,NA,NA
"D","DISPATCH","UNIT_SCADA",1,"2018/06/01 00:05:00","PIONEER","-0.90",NA,NA,NA
"D","DISPATCH","UNIT_SCADA",1,"2018/06/01 00:05:00","PORTWF","16.40",NA,NA,NA
"D","DISPATCH","UNIT_SCADA",1,"2018/06/01 00:05:00","REPULSE","0",NA,NA,NA
"D","DISPATCH","UNIT_SCADA",1,"2018/06/01 00:05:00","ROWALLAN","6.5888",NA,NA,NA
"D","DISPATCH","UNIT_SCADA",1,"2018/06/01 00:05:00","ROYALLA1","0",NA,NA,NA
"D","DISPATCH","UNIT_SCADA",1,"2018/06/01 00:05:00","RPCG","-0.30",NA,NA,NA
"D","DISPATCH","UNIT_SCADA",1,"2018/06/01 00:05:00","RUBICON","0",NA,NA,NA
"D","DISPATCH","UNIT_SCADA",1,"2018/06/01 00:05:00","SMCSF1","0",NA,NA,NA
"D","DISPATCH","UNIT_SCADA",1,"2018/06/01 00:05:00","STARHLWF","11.096765",NA,NA,NA
"D","DISPATCH","UNIT_SCADA",1,"2018/06/01 00:05:00","WAUBRAWF","47.3120",NA,NA,NA
"D","DISPATCH","UNIT_SCADA",1,"2018/06/01 00:05:00","WOOLNTH1","1.560015",NA,NA,NA
"D","DISPATCH","UNIT_SCADA",1,"2018/06/01 00:05:00","WPWF","50",NA,NA,NA
"D","DISPATCH","UNIT_SCADA",1,"2018/06/01 00:05:00","YAMBUKWF","4.60",NA,NA,NA
"D","DISPATCH","UNIT_SCADA",1,"2018/06/01 00:05:00","YSWF1","2.40",NA,NA,NA
"D","DISPATCH","UNIT_SCADA",1,"2018/06/01 00:10:00","BARCSF1","0.50",NA,NA,NA
"D","DISPATCH","UNIT_SCADA",1,"2018/06/01 00:10:00","BUTLERSG","9.099998",NA,NA,NA
"D","DISPATCH","UNIT_SCADA",1,"2018/06/01 00:10:00","CALL_A_4","0",NA,NA,NA
"D","DISPATCH","UNIT_SCADA",1,"2018/06/01 00:10:00","CAPTL_WF","73.327995",NA,NA,NA
"D","DISPATCH","UNIT_SCADA",1,"2018/06/01 00:10:00","CATHROCK","38.179996",NA,NA,NA
"D","DISPATCH","UNIT_SCADA",1,"2018/06/01 00:10:00","CHALLHWF","14.60",NA,NA,NA
"D","DISPATCH","UNIT_SCADA",1,"2018/06/01 00:10:00","CLOVER","-0.01",NA,NA,NA
"D","DISPATCH","UNIT_SCADA",1,"2018/06/01 00:10:00","CLUNY","8.753033",NA,NA,NA
"D","DISPATCH","UNIT_SCADA",1,"2018/06/01 00:10:00","CNUNDAWF","4.004672",NA,NA,NA
"D","DISPATCH","UNIT_SCADA",1,"2018/06/01 00:10:00","CULLRGWF","18.190001",NA,NA,NA
"D","DISPATCH","UNIT_SCADA",1,"2018/06/01 00:10:00","ERGT01","0",NA,NA,NA
"D","DISPATCH","UNIT_SCADA",1,"2018/06/01 00:10:00","GB01","0.051090",NA,NA,NA
"D","DISPATCH","UNIT_SCADA",1,"2018/06/01 00:10:00","GERMCRK","34.900002",NA,NA,NA
"D","DISPATCH","UNIT_SCADA",1,"2018/06/01 00:10:00","GRIFSF1","0",NA,NA,NA
"D","DISPATCH","UNIT_SCADA",1,"2018/06/01 00:10:00","HUGSF1","-0.0130",NA,NA,NA
"D","DISPATCH","UNIT_SCADA",1,"2018/06/01 00:10:00","INVICTA","0",NA,NA,NA
"D","DISPATCH","UNIT_SCADA",1,"2018/06/01 00:10:00","LKBONNY1","6.787512",NA,NA,NA
"D","DISPATCH","UNIT_SCADA",1,"2018/06/01 00:10:00","LRSF1","0.01",NA,NA,NA
"D","DISPATCH","UNIT_SCADA",1,"2018/06/01 00:10:00","MBAHNTH","46.856247",NA,NA,NA
"D","DISPATCH","UNIT_SCADA",1,"2018/06/01 00:10:00","MLSP1","0.370001",NA,NA,NA
"D","DISPATCH","UNIT_SCADA",1,"2018/06/01 00:10:00","MLWF1","4.0050",NA,NA,NA
"D","DISPATCH","UNIT_SCADA",1,"2018/06/01 00:10:00","MTMILLAR","45.339912",NA,NA,NA
"D","DISPATCH","UNIT_SCADA",1,"2018/06/01 00:10:00","PALOONA","12.639999",NA,NA,NA
"D","DISPATCH","UNIT_SCADA",1,"2018/06/01 00:10:00","PIONEER","-0.90",NA,NA,NA
"D","DISPATCH","UNIT_SCADA",1,"2018/06/01 00:10:00","PORTWF","15.20",NA,NA,NA
"D","DISPATCH","UNIT_SCADA",1,"2018/06/01 00:10:00","REPULSE","0",NA,NA,NA
"D","DISPATCH","UNIT_SCADA",1,"2018/06/01 00:10:00","ROWALLAN","6.1131",NA,NA,NA
"D","DISPATCH","UNIT_SCADA",1,"2018/06/01 00:10:00","ROYALLA1","0",NA,NA,NA
"D","DISPATCH","UNIT_SCADA",1,"2018/06/01 00:10:00","RPCG","-0.30",NA,NA,NA
"D","DISPATCH","UNIT_SCADA",1,"2018/06/01 00:10:00","RUBICON","0",NA,NA,NA
"D","DISPATCH","UNIT_SCADA",1,"2018/06/01 00:10:00","SMCSF1","0",NA,NA,NA
"D","DISPATCH","UNIT_SCADA",1,"2018/06/01 00:10:00","STARHLWF","11.996502",NA,NA,NA
"D","DISPATCH","UNIT_SCADA",1,"2018/06/01 00:10:00","WAUBRAWF","48.966999",NA,NA,NA
"D","DISPATCH","UNIT_SCADA",1,"2018/06/01 00:10:00","WOOLNTH1","1.840016",NA,NA,NA
"D","DISPATCH","UNIT_SCADA",1,"2018/06/01 00:10:00","WPWF","49",NA,NA,NA
"D","DISPATCH","UNIT_SCADA",1,"2018/06/01 00:10:00","YAMBUKWF","4.10",NA,NA,NA
"D","DISPATCH","UNIT_SCADA",1,"2018/06/01 00:10:00","YSWF1","1.80",NA,NA,NA
"D","DISPATCH","UNIT_SCADA",1,"2018/06/01 00:15:00","BARCSF1","0.50",NA,NA,NA
"D","DISPATCH","UNIT_SCADA",1,"2018/06/01 00:15:00","BUTLERSG","9.199999",NA,NA,NA
"D","DISPATCH","UNIT_SCADA",1,"2018/06/01 00:15:00","CALL_A_4","0",NA,NA,NA
"D","DISPATCH","UNIT_SCADA",1,"2018/06/01 00:15:00","CAPTL_WF","69.344002",NA,NA,NA
"D","DISPATCH","UNIT_SCADA",1,"2018/06/01 00:15:00","CATHROCK","39.579998",NA,NA,NA
"D","DISPATCH","UNIT_SCADA",1,"2018/06/01 00:15:00","CHALLHWF","14.40",NA,NA,NA
"D","DISPATCH","UNIT_SCADA",1,"2018/06/01 00:15:00","CLOVER","0",NA,NA,NA
"D","DISPATCH","UNIT_SCADA",1,"2018/06/01 00:15:00","CLUNY","8.967269",NA,NA,NA
"D","DISPATCH","UNIT_SCADA",1,"2018/06/01 00:15:00","CNUNDAWF","3.604205",NA,NA,NA
"D","DISPATCH","UNIT_SCADA",1,"2018/06/01 00:15:00","CULLRGWF","21",NA,NA,NA
"D","DISPATCH","UNIT_SCADA",1,"2018/06/01 00:15:00","ERGT01","0",NA,NA,NA
"D","DISPATCH","UNIT_SCADA",1,"2018/06/01 00:15:00","GB01","0.051090",NA,NA,NA
"D","DISPATCH","UNIT_SCADA",1,"2018/06/01 00:15:00","GERMCRK","33.799999",NA,NA,NA
"D","DISPATCH","UNIT_SCADA",1,"2018/06/01 00:15:00","GRIFSF1","0",NA,NA,NA
"D","DISPATCH","UNIT_SCADA",1,"2018/06/01 00:15:00","HUGSF1","-0.0130",NA,NA,NA
"D","DISPATCH","UNIT_SCADA",1,"2018/06/01 00:15:00","INVICTA","0",NA,NA,NA
"D","DISPATCH","UNIT_SCADA",1,"2018/06/01 00:15:00","LKBONNY1","6.966130",NA,NA,NA
"D","DISPATCH","UNIT_SCADA",1,"2018/06/01 00:15:00","LRSF1","0.01",NA,NA,NA
"D","DISPATCH","UNIT_SCADA",1,"2018/06/01 00:15:00","MBAHNTH","46.856247",NA,NA,NA
"D","DISPATCH","UNIT_SCADA",1,"2018/06/01 00:15:00","MLSP1","0.370001",NA,NA,NA
"D","DISPATCH","UNIT_SCADA",1,"2018/06/01 00:15:00","MLWF1","4.41",NA,NA,NA
"D","DISPATCH","UNIT_SCADA",1,"2018/06/01 00:15:00","MTMILLAR","46.835613",NA,NA,NA
"D","DISPATCH","UNIT_SCADA",1,"2018/06/01 00:15:00","PALOONA","12.889999",NA,NA,NA
"D","DISPATCH","UNIT_SCADA",1,"2018/06/01 00:15:00","PIONEER","-0.90",NA,NA,NA
"D","DISPATCH","UNIT_SCADA",1,"2018/06/01 00:15:00","PORTWF","14",NA,NA,NA
"D","DISPATCH","UNIT_SCADA",1,"2018/06/01 00:15:00","REPULSE","0",NA,NA,NA
"D","DISPATCH","UNIT_SCADA",1,"2018/06/01 00:15:00","ROWALLAN","6.8728",NA,NA,NA
"D","DISPATCH","UNIT_SCADA",1,"2018/06/01 00:15:00","ROYALLA1","0",NA,NA,NA
"D","DISPATCH","UNIT_SCADA",1,"2018/06/01 00:15:00","RPCG","-0.30",NA,NA,NA
"D","DISPATCH","UNIT_SCADA",1,"2018/06/01 00:15:00","RUBICON","0",NA,NA,NA
"D","DISPATCH","UNIT_SCADA",1,"2018/06/01 00:15:00","SMCSF1","0",NA,NA,NA
"D","DISPATCH","UNIT_SCADA",1,"2018/06/01 00:15:00","STARHLWF","12.396385",NA,NA,NA
"D","DISPATCH","UNIT_SCADA",1,"2018/06/01 00:15:00","WAUBRAWF","47.4440",NA,NA,NA
"D","DISPATCH","UNIT_SCADA",1,"2018/06/01 00:15:00","WOOLNTH1","2.830015",NA,NA,NA
"D","DISPATCH","UNIT_SCADA",1,"2018/06/01 00:15:00","WPWF","48",NA,NA,NA
"D","DISPATCH","UNIT_SCADA",1,"2018/06/01 00:15:00","YAMBUKWF","4.20",NA,NA,NA
"D","DISPATCH","UNIT_SCADA",1,"2018/06/01 00:15:00","YSWF1","1.50",NA,NA,NA
"D","DISPATCH","UNIT_SCADA",1,"2018/06/01 00:20:00","BARCSF1","0.50",NA,NA,NA
"D","DISPATCH","UNIT_SCADA",1,"2018/06/01 00:20:00","BUTLERSG","9.199999",NA,NA,NA
"D","DISPATCH","UNIT_SCADA",1,"2018/06/01 00:20:00","CALL_A_4","0",NA,NA,NA
"D","DISPATCH","UNIT_SCADA",1,"2018/06/01 00:20:00","CAPTL_WF","69.079994",NA,NA,NA
"D","DISPATCH","UNIT_SCADA",1,"2018/06/01 00:20:00","CATHROCK","41.019997",NA,NA,NA
"D","DISPATCH","UNIT_SCADA",1,"2018/06/01 00:20:00","CHALLHWF","14.70",NA,NA,NA
"D","DISPATCH","UNIT_SCADA",1,"2018/06/01 00:20:00","CLOVER","-0.01",NA,NA,NA
"D","DISPATCH","UNIT_SCADA",1,"2018/06/01 00:20:00","CLUNY","8.967269",NA,NA,NA
"D","DISPATCH","UNIT_SCADA",1,"2018/06/01 00:20:00","CNUNDAWF","4.004672",NA,NA,NA
"D","DISPATCH","UNIT_SCADA",1,"2018/06/01 00:20:00","CULLRGWF","20.48",NA,NA,NA
"D","DISPATCH","UNIT_SCADA",1,"2018/06/01 00:20:00","ERGT01","0",NA,NA,NA
"D","DISPATCH","UNIT_SCADA",1,"2018/06/01 00:20:00","GB01","0.051090",NA,NA,NA
"D","DISPATCH","UNIT_SCADA",1,"2018/06/01 00:20:00","GERMCRK","34.200001",NA,NA,NA
"D","DISPATCH","UNIT_SCADA",1,"2018/06/01 00:20:00","GRIFSF1","0",NA,NA,NA
"D","DISPATCH","UNIT_SCADA",1,"2018/06/01 00:20:00","HUGSF1","-0.0130",NA,NA,NA
"D","DISPATCH","UNIT_SCADA",1,"2018/06/01 00:20:00","INVICTA","0",NA,NA,NA
"D","DISPATCH","UNIT_SCADA",1,"2018/06/01 00:20:00","LKBONNY1","6.787512",NA,NA,NA
"D","DISPATCH","UNIT_SCADA",1,"2018/06/01 00:20:00","LRSF1","0.01",NA,NA,NA
"D","DISPATCH","UNIT_SCADA",1,"2018/06/01 00:20:00","MBAHNTH","46.856247",NA,NA,NA
"D","DISPATCH","UNIT_SCADA",1,"2018/06/01 00:20:00","MLSP1","0.370001",NA,NA,NA
"D","DISPATCH","UNIT_SCADA",1,"2018/06/01 00:20:00","MLWF1","4.20",NA,NA,NA
"D","DISPATCH","UNIT_SCADA",1,"2018/06/01 00:20:00","MTMILLAR","49.001038",NA,NA,NA
"D","DISPATCH","UNIT_SCADA",1,"2018/06/01 00:20:00","PALOONA","12.889999",NA,NA,NA
"D","DISPATCH","UNIT_SCADA",1,"2018/06/01 00:20:00","PIONEER","-0.90",NA,NA,NA
"D","DISPATCH","UNIT_SCADA",1,"2018/06/01 00:20:00","PORTWF","14.60",NA,NA,NA
"D","DISPATCH","UNIT_SCADA",1,"2018/06/01 00:20:00","REPULSE","0",NA,NA,NA
"D","DISPATCH","UNIT_SCADA",1,"2018/06/01 00:20:00","ROWALLAN","6.6811",NA,NA,NA
"D","DISPATCH","UNIT_SCADA",1,"2018/06/01 00:20:00","ROYALLA1","0",NA,NA,NA
"D","DISPATCH","UNIT_SCADA",1,"2018/06/01 00:20:00","RPCG","-0.30",NA,NA,NA
"D","DISPATCH","UNIT_SCADA",1,"2018/06/01 00:20:00","RUBICON","0",NA,NA,NA
"D","DISPATCH","UNIT_SCADA",1,"2018/06/01 00:20:00","SMCSF1","0",NA,NA,NA
"D","DISPATCH","UNIT_SCADA",1,"2018/06/01 00:20:00","STARHLWF","13.396093",NA,NA,NA
"D","DISPATCH","UNIT_SCADA",1,"2018/06/01 00:20:00","WAUBRAWF","42.4520",NA,NA,NA
"D","DISPATCH","UNIT_SCADA",1,"2018/06/01 00:20:00","WOOLNTH1","2.640015",NA,NA,NA
"D","DISPATCH","UNIT_SCADA",1,"2018/06/01 00:20:00","WPWF","46",NA,NA,NA
"D","DISPATCH","UNIT_SCADA",1,"2018/06/01 00:20:00","YAMBUKWF","4.80",NA,NA,NA
"D","DISPATCH","UNIT_SCADA",1,"2018/06/01 00:20:00","YSWF1","1.70",NA,NA,NA
"D","DISPATCH","UNIT_SCADA",1,"2018/06/01 00:25:00","BARCSF1","0.50",NA,NA,NA
"D","DISPATCH","UNIT_SCADA",1,"2018/06/01 00:25:00","BUTLERSG","9.199999",NA,NA,NA
"D","DISPATCH","UNIT_SCADA",1,"2018/06/01 00:25:00","CALL_A_4","0",NA,NA,NA
"D","DISPATCH","UNIT_SCADA",1,"2018/06/01 00:25:00","CAPTL_WF","69.655998",NA,NA,NA
"D","DISPATCH","UNIT_SCADA",1,"2018/06/01 00:25:00","CATHROCK","40.749996",NA,NA,NA
"D","DISPATCH","UNIT_SCADA",1,"2018/06/01 00:25:00","CHALLHWF","15.40",NA,NA,NA
"D","DISPATCH","UNIT_SCADA",1,"2018/06/01 00:25:00","CLOVER","-0.02",NA,NA,NA
"D","DISPATCH","UNIT_SCADA",1,"2018/06/01 00:25:00","CLUNY","8.905928",NA,NA,NA
"D","DISPATCH","UNIT_SCADA",1,"2018/06/01 00:25:00","CNUNDAWF","4.004672",NA,NA,NA
"D","DISPATCH","UNIT_SCADA",1,"2018/06/01 00:25:00","CULLRGWF","23.469999",NA,NA,NA
"D","DISPATCH","UNIT_SCADA",1,"2018/06/01 00:25:00","ERGT01","0",NA,NA,NA
"D","DISPATCH","UNIT_SCADA",1,"2018/06/01 00:25:00","GB01","0.051090",NA,NA,NA
"D","DISPATCH","UNIT_SCADA",1,"2018/06/01 00:25:00","GERMCRK","33.200001",NA,NA,NA
"D","DISPATCH","UNIT_SCADA",1,"2018/06/01 00:25:00","GRIFSF1","0",NA,NA,NA
"D","DISPATCH","UNIT_SCADA",1,"2018/06/01 00:25:00","HUGSF1","-0.0130",NA,NA,NA
"D","DISPATCH","UNIT_SCADA",1,"2018/06/01 00:25:00","INVICTA","0",NA,NA,NA
"D","DISPATCH","UNIT_SCADA",1,"2018/06/01 00:25:00","LKBONNY1","6.698202",NA,NA,NA
"D","DISPATCH","UNIT_SCADA",1,"2018/06/01 00:25:00","LRSF1","0.01",NA,NA,NA
"D","DISPATCH","UNIT_SCADA",1,"2018/06/01 00:25:00","MBAHNTH","43.912506",NA,NA,NA
"D","DISPATCH","UNIT_SCADA",1,"2018/06/01 00:25:00","MLSP1","0.370001",NA,NA,NA
"D","DISPATCH","UNIT_SCADA",1,"2018/06/01 00:25:00","MLWF1","5.9850",NA,NA,NA
"D","DISPATCH","UNIT_SCADA",1,"2018/06/01 00:25:00","MTMILLAR","50.891129",NA,NA,NA
"D","DISPATCH","UNIT_SCADA",1,"2018/06/01 00:25:00","PALOONA","12.83",NA,NA,NA
"D","DISPATCH","UNIT_SCADA",1,"2018/06/01 00:25:00","PIONEER","-0.90",NA,NA,NA
"D","DISPATCH","UNIT_SCADA",1,"2018/06/01 00:25:00","PORTWF","15.20",NA,NA,NA
"D","DISPATCH","UNIT_SCADA",1,"2018/06/01 00:25:00","REPULSE","0",NA,NA,NA
"D","DISPATCH","UNIT_SCADA",1,"2018/06/01 00:25:00","ROWALLAN","6.1983",NA,NA,NA
"D","DISPATCH","UNIT_SCADA",1,"2018/06/01 00:25:00","ROYALLA1","0",NA,NA,NA
"D","DISPATCH","UNIT_SCADA",1,"2018/06/01 00:25:00","RPCG","-0.30",NA,NA,NA
"D","DISPATCH","UNIT_SCADA",1,"2018/06/01 00:25:00","RUBICON","0",NA,NA,NA
"D","DISPATCH","UNIT_SCADA",1,"2018/06/01 00:25:00","SMCSF1","0",NA,NA,NA
"D","DISPATCH","UNIT_SCADA",1,"2018/06/01 00:25:00","STARHLWF","14.495773",NA,NA,NA
"D","DISPATCH","UNIT_SCADA",1,"2018/06/01 00:25:00","WAUBRAWF","41.554001",NA,NA,NA
"D","DISPATCH","UNIT_SCADA",1,"2018/06/01 00:25:00","WOOLNTH1","2.480016",NA,NA,NA
"D","DISPATCH","UNIT_SCADA",1,"2018/06/01 00:25:00","WPWF","47",NA,NA,NA
"D","DISPATCH","UNIT_SCADA",1,"2018/06/01 00:25:00","YAMBUKWF","5",NA,NA,NA
"D","DISPATCH","UNIT_SCADA",1,"2018/06/01 00:25:00","YSWF1","1.80",NA,NA,NA
"D","DISPATCH","UNIT_SCADA",1,"2018/06/01 00:30:00","BARCSF1","0.50",NA,NA,NA
"D","DISPATCH","UNIT_SCADA",1,"2018/06/01 00:30:00","BUTLERSG","9.199999",NA,NA,NA
"D","DISPATCH","UNIT_SCADA",1,"2018/06/01 00:30:00","CALL_A_4","0",NA,NA,NA
"D","DISPATCH","UNIT_SCADA",1,"2018/06/01 00:30:00","CAPTL_WF","69.7920",NA,NA,NA
"D","DISPATCH","UNIT_SCADA",1,"2018/06/01 00:30:00","CATHROCK","41.419998",NA,NA,NA
"D","DISPATCH","UNIT_SCADA",1,"2018/06/01 00:30:00","CHALLHWF","15.60",NA,NA,NA
"D","DISPATCH","UNIT_SCADA",1,"2018/06/01 00:30:00","CLOVER","-0.01",NA,NA,NA
"D","DISPATCH","UNIT_SCADA",1,"2018/06/01 00:30:00","CLUNY","8.815289",NA,NA,NA
"D","DISPATCH","UNIT_SCADA",1,"2018/06/01 00:30:00","CNUNDAWF","4.004672",NA,NA,NA
"D","DISPATCH","UNIT_SCADA",1,"2018/06/01 00:30:00","CULLRGWF","21.700001",NA,NA,NA
"D","DISPATCH","UNIT_SCADA",1,"2018/06/01 00:30:00","ERGT01","0",NA,NA,NA
"D","DISPATCH","UNIT_SCADA",1,"2018/06/01 00:30:00","GB01","0.051090",NA,NA,NA
"D","DISPATCH","UNIT_SCADA",1,"2018/06/01 00:30:00","GERMCRK","32.50",NA,NA,NA
"D","DISPATCH","UNIT_SCADA",1,"2018/06/01 00:30:00","GRIFSF1","0",NA,NA,NA
"D","DISPATCH","UNIT_SCADA",1,"2018/06/01 00:30:00","HUGSF1","-0.0130",NA,NA,NA
"D","DISPATCH","UNIT_SCADA",1,"2018/06/01 00:30:00","INVICTA","0",NA,NA,NA
"D","DISPATCH","UNIT_SCADA",1,"2018/06/01 00:30:00","LKBONNY1","6.340965",NA,NA,NA
"D","DISPATCH","UNIT_SCADA",1,"2018/06/01 00:30:00","LRSF1","0.01",NA,NA,NA
"D","DISPATCH","UNIT_SCADA",1,"2018/06/01 00:30:00","MBAHNTH","43.912506",NA,NA,NA
"D","DISPATCH","UNIT_SCADA",1,"2018/06/01 00:30:00","MLSP1","0.370001",NA,NA,NA
"D","DISPATCH","UNIT_SCADA",1,"2018/06/01 00:30:00","MLWF1","5.34",NA,NA,NA
"D","DISPATCH","UNIT_SCADA",1,"2018/06/01 00:30:00","MTMILLAR","54.701080",NA,NA,NA
"D","DISPATCH","UNIT_SCADA",1,"2018/06/01 00:30:00","PALOONA","12.38",NA,NA,NA
"D","DISPATCH","UNIT_SCADA",1,"2018/06/01 00:30:00","PIONEER","-0.90",NA,NA,NA
"D","DISPATCH","UNIT_SCADA",1,"2018/06/01 00:30:00","PORTWF","14.30",NA,NA,NA
"D","DISPATCH","UNIT_SCADA",1,"2018/06/01 00:30:00","REPULSE","0",NA,NA,NA
"D","DISPATCH","UNIT_SCADA",1,"2018/06/01 00:30:00","ROWALLAN","6.2196",NA,NA,NA
"D","DISPATCH","UNIT_SCADA",1,"2018/06/01 00:30:00","ROYALLA1","0",NA,NA,NA
"D","DISPATCH","UNIT_SCADA",1,"2018/06/01 00:30:00","RPCG","-0.30",NA,NA,NA
"D","DISPATCH","UNIT_SCADA",1,"2018/06/01 00:30:00","RUBICON","0",NA,NA,NA
"D","DISPATCH","UNIT_SCADA",1,"2018/06/01 00:30:00","SMCSF1","0",NA,NA,NA
"D","DISPATCH","UNIT_SCADA",1,"2018/06/01 00:30:00","STARHLWF","13.096181",NA,NA,NA
"D","DISPATCH","UNIT_SCADA",1,"2018/06/01 00:30:00","WAUBRAWF","41.287998",NA,NA,NA
"D","DISPATCH","UNIT_SCADA",1,"2018/06/01 00:30:00","WOOLNTH1","2.610015",NA,NA,NA
"D","DISPATCH","UNIT_SCADA",1,"2018/06/01 00:30:00","WPWF","47",NA,NA,NA
"D","DISPATCH","UNIT_SCADA",1,"2018/06/01 00:30:00","YAMBUKWF","4.90",NA,NA,NA
"D","DISPATCH","UNIT_SCADA",1,"2018/06/01 00:30:00","YSWF1","1.50",NA,NA,NA
"D","DISPATCH","UNIT_SCADA",1,"2018/06/01 00:35:00","BARCSF1","0.50",NA,NA,NA
"D","DISPATCH","UNIT_SCADA",1,"2018/06/01 00:35:00","BUTLERSG","9.199999",NA,NA,NA
"D","DISPATCH","UNIT_SCADA",1,"2018/06/01 00:35:00","CALL_A_4","0",NA,NA,NA
"D","DISPATCH","UNIT_SCADA",1,"2018/06/01 00:35:00","CAPTL_WF","61.284004",NA,NA,NA
"D","DISPATCH","UNIT_SCADA",1,"2018/06/01 00:35:00","CATHROCK","41.889999",NA,NA,NA
"D","DISPATCH","UNIT_SCADA",1,"2018/06/01 00:35:00","CHALLHWF","15.60",NA,NA,NA
"D","DISPATCH","UNIT_SCADA",1,"2018/06/01 00:35:00","CLOVER","-0.01",NA,NA,NA
"D","DISPATCH","UNIT_SCADA",1,"2018/06/01 00:35:00","CLUNY","9.186999",NA,NA,NA
"D","DISPATCH","UNIT_SCADA",1,"2018/06/01 00:35:00","CNUNDAWF","3.303854",NA,NA,NA
"D","DISPATCH","UNIT_SCADA",1,"2018/06/01 00:35:00","CULLRGWF","19.93",NA,NA,NA
"D","DISPATCH","UNIT_SCADA",1,"2018/06/01 00:35:00","ERGT01","0",NA,NA,NA
"D","DISPATCH","UNIT_SCADA",1,"2018/06/01 00:35:00","GB01","0.051090",NA,NA,NA
"D","DISPATCH","UNIT_SCADA",1,"2018/06/01 00:35:00","GERMCRK","34.299999",NA,NA,NA
"D","DISPATCH","UNIT_SCADA",1,"2018/06/01 00:35:00","GRIFSF1","0",NA,NA,NA
"D","DISPATCH","UNIT_SCADA",1,"2018/06/01 00:35:00","HUGSF1","-0.0130",NA,NA,NA
"D","DISPATCH","UNIT_SCADA",1,"2018/06/01 00:35:00","INVICTA","0",NA,NA,NA
"D","DISPATCH","UNIT_SCADA",1,"2018/06/01 00:35:00","LKBONNY1","5.626490",NA,NA,NA
"D","DISPATCH","UNIT_SCADA",1,"2018/06/01 00:35:00","LRSF1","0.01",NA,NA,NA
"D","DISPATCH","UNIT_SCADA",1,"2018/06/01 00:35:00","MBAHNTH","43.912506",NA,NA,NA
"D","DISPATCH","UNIT_SCADA",1,"2018/06/01 00:35:00","MLSP1","0.370001",NA,NA,NA
"D","DISPATCH","UNIT_SCADA",1,"2018/06/01 00:35:00","MLWF1","4.38",NA,NA,NA
"D","DISPATCH","UNIT_SCADA",1,"2018/06/01 00:35:00","MTMILLAR","53.726269",NA,NA,NA
"D","DISPATCH","UNIT_SCADA",1,"2018/06/01 00:35:00","PALOONA","12.02",NA,NA,NA
"D","DISPATCH","UNIT_SCADA",1,"2018/06/01 00:35:00","PIONEER","-0.90",NA,NA,NA
"D","DISPATCH","UNIT_SCADA",1,"2018/06/01 00:35:00","PORTWF","13.70",NA,NA,NA
"D","DISPATCH","UNIT_SCADA",1,"2018/06/01 00:35:00","REPULSE","0",NA,NA,NA
"D","DISPATCH","UNIT_SCADA",1,"2018/06/01 00:35:00","ROWALLAN","6.6598",NA,NA,NA
"D","DISPATCH","UNIT_SCADA",1,"2018/06/01 00:35:00","ROYALLA1","0",NA,NA,NA
"D","DISPATCH","UNIT_SCADA",1,"2018/06/01 00:35:00","RPCG","-0.30",NA,NA,NA
"D","DISPATCH","UNIT_SCADA",1,"2018/06/01 00:35:00","RUBICON","0",NA,NA,NA
"D","DISPATCH","UNIT_SCADA",1,"2018/06/01 00:35:00","SMCSF1","0",NA,NA,NA
"D","DISPATCH","UNIT_SCADA",1,"2018/06/01 00:35:00","STARHLWF","13.995918",NA,NA,NA
"D","DISPATCH","UNIT_SCADA",1,"2018/06/01 00:35:00","WAUBRAWF","41.691002",NA,NA,NA
"D","DISPATCH","UNIT_SCADA",1,"2018/06/01 00:35:00","WOOLNTH1","2.950016",NA,NA,NA
"D","DISPATCH","UNIT_SCADA",1,"2018/06/01 00:35:00","WPWF","45",NA,NA,NA
"D","DISPATCH","UNIT_SCADA",1,"2018/06/01 00:35:00","YAMBUKWF","5.10",NA,NA,NA
"D","DISPATCH","UNIT_SCADA",1,"2018/06/01 00:35:00","YSWF1","1.50",NA,NA,NA
"D","DISPATCH","UNIT_SCADA",1,"2018/06/01 00:40:00","BARCSF1","0.50",NA,NA,NA
"D","DISPATCH","UNIT_SCADA",1,"2018/06/01 00:40:00","BUTLERSG","9.199999",NA,NA,NA
"D","DISPATCH","UNIT_SCADA",1,"2018/06/01 00:40:00","CALL_A_4","0",NA,NA,NA
"D","DISPATCH","UNIT_SCADA",1,"2018/06/01 00:40:00","CAPTL_WF","61.211998",NA,NA,NA
"D","DISPATCH","UNIT_SCADA",1,"2018/06/01 00:40:00","CATHROCK","41.409996",NA,NA,NA
"D","DISPATCH","UNIT_SCADA",1,"2018/06/01 00:40:00","CHALLHWF","15.70",NA,NA,NA
"D","DISPATCH","UNIT_SCADA",1,"2018/06/01 00:40:00","CLOVER","0",NA,NA,NA
"D","DISPATCH","UNIT_SCADA",1,"2018/06/01 00:40:00","CLUNY","9.181506",NA,NA,NA
"D","DISPATCH","UNIT_SCADA",1,"2018/06/01 00:40:00","CNUNDAWF","2.703153",NA,NA,NA
"D","DISPATCH","UNIT_SCADA",1,"2018/06/01 00:40:00","CULLRGWF","18.01",NA,NA,NA
"D","DISPATCH","UNIT_SCADA",1,"2018/06/01 00:40:00","ERGT01","0",NA,NA,NA
"D","DISPATCH","UNIT_SCADA",1,"2018/06/01 00:40:00","GB01","0.051090",NA,NA,NA
"D","DISPATCH","UNIT_SCADA",1,"2018/06/01 00:40:00","GERMCRK","34.200001",NA,NA,NA
"D","DISPATCH","UNIT_SCADA",1,"2018/06/01 00:40:00","GRIFSF1","0",NA,NA,NA
"D","DISPATCH","UNIT_SCADA",1,"2018/06/01 00:40:00","HUGSF1","-0.0130",NA,NA,NA
"D","DISPATCH","UNIT_SCADA",1,"2018/06/01 00:40:00","INVICTA","0",NA,NA,NA
"D","DISPATCH","UNIT_SCADA",1,"2018/06/01 00:40:00","LKBONNY1","3.929612",NA,NA,NA
"D","DISPATCH","UNIT_SCADA",1,"2018/06/01 00:40:00","LRSF1","0.01",NA,NA,NA
"D","DISPATCH","UNIT_SCADA",1,"2018/06/01 00:40:00","MBAHNTH","43.912506",NA,NA,NA
"D","DISPATCH","UNIT_SCADA",1,"2018/06/01 00:40:00","MLSP1","0.370001",NA,NA,NA
"D","DISPATCH","UNIT_SCADA",1,"2018/06/01 00:40:00","MLWF1","4.7250",NA,NA,NA
"D","DISPATCH","UNIT_SCADA",1,"2018/06/01 00:40:00","MTMILLAR","55.132675",NA,NA,NA
"D","DISPATCH","UNIT_SCADA",1,"2018/06/01 00:40:00","PALOONA","13.15",NA,NA,NA
"D","DISPATCH","UNIT_SCADA",1,"2018/06/01 00:40:00","PIONEER","-0.90",NA,NA,NA
"D","DISPATCH","UNIT_SCADA",1,"2018/06/01 00:40:00","PORTWF","15.20",NA,NA,NA
"D","DISPATCH","UNIT_SCADA",1,"2018/06/01 00:40:00","REPULSE","0",NA,NA,NA
"D","DISPATCH","UNIT_SCADA",1,"2018/06/01 00:40:00","ROWALLAN","6.8373",NA,NA,NA
"D","DISPATCH","UNIT_SCADA",1,"2018/06/01 00:40:00","ROYALLA1","0",NA,NA,NA
"D","DISPATCH","UNIT_SCADA",1,"2018/06/01 00:40:00","RPCG","-0.30",NA,NA,NA
"D","DISPATCH","UNIT_SCADA",1,"2018/06/01 00:40:00","RUBICON","0",NA,NA,NA
"D","DISPATCH","UNIT_SCADA",1,"2018/06/01 00:40:00","SMCSF1","0",NA,NA,NA
"D","DISPATCH","UNIT_SCADA",1,"2018/06/01 00:40:00","STARHLWF","14.395802",NA,NA,NA
"D","DISPATCH","UNIT_SCADA",1,"2018/06/01 00:40:00","WAUBRAWF","41.832001",NA,NA,NA
"D","DISPATCH","UNIT_SCADA",1,"2018/06/01 00:40:00","WOOLNTH1","4.300015",NA,NA,NA
"D","DISPATCH","UNIT_SCADA",1,"2018/06/01 00:40:00","WPWF","44",NA,NA,NA
"D","DISPATCH","UNIT_SCADA",1,"2018/06/01 00:40:00","YAMBUKWF","5.60",NA,NA,NA
"D","DISPATCH","UNIT_SCADA",1,"2018/06/01 00:40:00","YSWF1","1.80",NA,NA,NA
"D","DISPATCH","UNIT_SCADA",1,"2018/06/01 00:45:00","BARCSF1","0.50",NA,NA,NA
"D","DISPATCH","UNIT_SCADA",1,"2018/06/01 00:45:00","BUTLERSG","9.199999",NA,NA,NA
"D","DISPATCH","UNIT_SCADA",1,"2018/06/01 00:45:00","CALL_A_4","0",NA,NA,NA
"D","DISPATCH","UNIT_SCADA",1,"2018/06/01 00:45:00","CAPTL_WF","59.380005",NA,NA,NA
"D","DISPATCH","UNIT_SCADA",1,"2018/06/01 00:45:00","CATHROCK","44.509998",NA,NA,NA
"D","DISPATCH","UNIT_SCADA",1,"2018/06/01 00:45:00","CHALLHWF","15.30",NA,NA,NA
"D","DISPATCH","UNIT_SCADA",1,"2018/06/01 00:45:00","CLOVER","-0.01",NA,NA,NA
"D","DISPATCH","UNIT_SCADA",1,"2018/06/01 00:45:00","CLUNY","9.210803",NA,NA,NA
"D","DISPATCH","UNIT_SCADA",1,"2018/06/01 00:45:00","CNUNDAWF","2.703153",NA,NA,NA
"D","DISPATCH","UNIT_SCADA",1,"2018/06/01 00:45:00","CULLRGWF","12.76",NA,NA,NA
"D","DISPATCH","UNIT_SCADA",1,"2018/06/01 00:45:00","ERGT01","0",NA,NA,NA
"D","DISPATCH","UNIT_SCADA",1,"2018/06/01 00:45:00","GB01","0.051090",NA,NA,NA
"D","DISPATCH","UNIT_SCADA",1,"2018/06/01 00:45:00","GERMCRK","25.299999",NA,NA,NA
"D","DISPATCH","UNIT_SCADA",1,"2018/06/01 00:45:00","GRIFSF1","0",NA,NA,NA
"D","DISPATCH","UNIT_SCADA",1,"2018/06/01 00:45:00","HUGSF1","-0.0130",NA,NA,NA
"D","DISPATCH","UNIT_SCADA",1,"2018/06/01 00:45:00","INVICTA","0",NA,NA,NA
"D","DISPATCH","UNIT_SCADA",1,"2018/06/01 00:45:00","LKBONNY1","3.036518",NA,NA,NA
"D","DISPATCH","UNIT_SCADA",1,"2018/06/01 00:45:00","LRSF1","0.01",NA,NA,NA
"D","DISPATCH","UNIT_SCADA",1,"2018/06/01 00:45:00","MBAHNTH","43.912506",NA,NA,NA
"D","DISPATCH","UNIT_SCADA",1,"2018/06/01 00:45:00","MLSP1","0.370001",NA,NA,NA
"D","DISPATCH","UNIT_SCADA",1,"2018/06/01 00:45:00","MLWF1","5.55",NA,NA,NA
"D","DISPATCH","UNIT_SCADA",1,"2018/06/01 00:45:00","MTMILLAR","50.027935",NA,NA,NA
"D","DISPATCH","UNIT_SCADA",1,"2018/06/01 00:45:00","PALOONA","13.15",NA,NA,NA
"D","DISPATCH","UNIT_SCADA",1,"2018/06/01 00:45:00","PIONEER","-0.90",NA,NA,NA
"D","DISPATCH","UNIT_SCADA",1,"2018/06/01 00:45:00","PORTWF","16.10",NA,NA,NA
"D","DISPATCH","UNIT_SCADA",1,"2018/06/01 00:45:00","REPULSE","0",NA,NA,NA
"D","DISPATCH","UNIT_SCADA",1,"2018/06/01 00:45:00","ROWALLAN","6.6740",NA,NA,NA
"D","DISPATCH","UNIT_SCADA",1,"2018/06/01 00:45:00","ROYALLA1","0",NA,NA,NA
"D","DISPATCH","UNIT_SCADA",1,"2018/06/01 00:45:00","RPCG","-0.30",NA,NA,NA
"D","DISPATCH","UNIT_SCADA",1,"2018/06/01 00:45:00","RUBICON","0",NA,NA,NA
"D","DISPATCH","UNIT_SCADA",1,"2018/06/01 00:45:00","SMCSF1","0",NA,NA,NA
"D","DISPATCH","UNIT_SCADA",1,"2018/06/01 00:45:00","STARHLWF","14.195861",NA,NA,NA
"D","DISPATCH","UNIT_SCADA",1,"2018/06/01 00:45:00","WAUBRAWF","42.514999",NA,NA,NA
"D","DISPATCH","UNIT_SCADA",1,"2018/06/01 00:45:00","WOOLNTH1","2.950015",NA,NA,NA
"D","DISPATCH","UNIT_SCADA",1,"2018/06/01 00:45:00","WPWF","43",NA,NA,NA
"D","DISPATCH","UNIT_SCADA",1,"2018/06/01 00:45:00","YAMBUKWF","5.80",NA,NA,NA
"D","DISPATCH","UNIT_SCADA",1,"2018/06/01 00:45:00","YSWF1","2",NA,NA,NA
"D","DISPATCH","UNIT_SCADA",1,"2018/06/01 00:50:00","BARCSF1","0.50",NA,NA,NA
"D","DISPATCH","UNIT_SCADA",1,"2018/06/01 00:50:00","BUTLERSG","9.199999",NA,NA,NA
"D","DISPATCH","UNIT_SCADA",1,"2018/06/01 00:50:00","CALL_A_4","0",NA,NA,NA
"D","DISPATCH","UNIT_SCADA",1,"2018/06/01 00:50:00","CAPTL_WF","61.607994",NA,NA,NA
"D","DISPATCH","UNIT_SCADA",1,"2018/06/01 00:50:00","CATHROCK","43.099998",NA,NA,NA
"D","DISPATCH","UNIT_SCADA",1,"2018/06/01 00:50:00","CHALLHWF","13",NA,NA,NA
"D","DISPATCH","UNIT_SCADA",1,"2018/06/01 00:50:00","CLOVER","0",NA,NA,NA
"D","DISPATCH","UNIT_SCADA",1,"2018/06/01 00:50:00","CLUNY","9.453422",NA,NA,NA
"D","DISPATCH","UNIT_SCADA",1,"2018/06/01 00:50:00","CNUNDAWF","2.302686",NA,NA,NA
"D","DISPATCH","UNIT_SCADA",1,"2018/06/01 00:50:00","CULLRGWF","15.01",NA,NA,NA
"D","DISPATCH","UNIT_SCADA",1,"2018/06/01 00:50:00","ERGT01","0",NA,NA,NA
"D","DISPATCH","UNIT_SCADA",1,"2018/06/01 00:50:00","GB01","0.051090",NA,NA,NA
"D","DISPATCH","UNIT_SCADA",1,"2018/06/01 00:50:00","GERMCRK","31.10",NA,NA,NA
"D","DISPATCH","UNIT_SCADA",1,"2018/06/01 00:50:00","GRIFSF1","0",NA,NA,NA
"D","DISPATCH","UNIT_SCADA",1,"2018/06/01 00:50:00","HUGSF1","-0.0130",NA,NA,NA
"D","DISPATCH","UNIT_SCADA",1,"2018/06/01 00:50:00","INVICTA","0",NA,NA,NA
"D","DISPATCH","UNIT_SCADA",1,"2018/06/01 00:50:00","LKBONNY1","3.215137",NA,NA,NA
"D","DISPATCH","UNIT_SCADA",1,"2018/06/01 00:50:00","LRSF1","0.01",NA,NA,NA
"D","DISPATCH","UNIT_SCADA",1,"2018/06/01 00:50:00","MBAHNTH","43.912506",NA,NA,NA
"D","DISPATCH","UNIT_SCADA",1,"2018/06/01 00:50:00","MLSP1","0.370001",NA,NA,NA
"D","DISPATCH","UNIT_SCADA",1,"2018/06/01 00:50:00","MLWF1","6.06",NA,NA,NA
"D","DISPATCH","UNIT_SCADA",1,"2018/06/01 00:50:00","MTMILLAR","50.950661",NA,NA,NA
"D","DISPATCH","UNIT_SCADA",1,"2018/06/01 00:50:00","PALOONA","13.15",NA,NA,NA
"D","DISPATCH","UNIT_SCADA",1,"2018/06/01 00:50:00","PIONEER","-0.90",NA,NA,NA
"D","DISPATCH","UNIT_SCADA",1,"2018/06/01 00:50:00","PORTWF","17",NA,NA,NA
"D","DISPATCH","UNIT_SCADA",1,"2018/06/01 00:50:00","REPULSE","0",NA,NA,NA
"D","DISPATCH","UNIT_SCADA",1,"2018/06/01 00:50:00","ROWALLAN","6.7663",NA,NA,NA
"D","DISPATCH","UNIT_SCADA",1,"2018/06/01 00:50:00","ROYALLA1","0",NA,NA,NA
"D","DISPATCH","UNIT_SCADA",1,"2018/06/01 00:50:00","RPCG","-0.30",NA,NA,NA
"D","DISPATCH","UNIT_SCADA",1,"2018/06/01 00:50:00","RUBICON","0",NA,NA,NA
"D","DISPATCH","UNIT_SCADA",1,"2018/06/01 00:50:00","SMCSF1","0",NA,NA,NA
"D","DISPATCH","UNIT_SCADA",1,"2018/06/01 00:50:00","STARHLWF","15.895365",NA,NA,NA
"D","DISPATCH","UNIT_SCADA",1,"2018/06/01 00:50:00","WAUBRAWF","43.882999",NA,NA,NA
"D","DISPATCH","UNIT_SCADA",1,"2018/06/01 00:50:00","WOOLNTH1","3.380015",NA,NA,NA
"D","DISPATCH","UNIT_SCADA",1,"2018/06/01 00:50:00","WPWF","42",NA,NA,NA
"D","DISPATCH","UNIT_SCADA",1,"2018/06/01 00:50:00","YAMBUKWF","6.40",NA,NA,NA
"D","DISPATCH","UNIT_SCADA",1,"2018/06/01 00:50:00","YSWF1","2.10",NA,NA,NA
"D","DISPATCH","UNIT_SCADA",1,"2018/06/01 00:55:00","BARCSF1","0.50",NA,NA,NA
"D","DISPATCH","UNIT_SCADA",1,"2018/06/01 00:55:00","BUTLERSG","9.199999",NA,NA,NA
"D","DISPATCH","UNIT_SCADA",1,"2018/06/01 00:55:00","CALL_A_4","0",NA,NA,NA
"D","DISPATCH","UNIT_SCADA",1,"2018/06/01 00:55:00","CAPTL_WF","61.479996",NA,NA,NA
"D","DISPATCH","UNIT_SCADA",1,"2018/06/01 00:55:00","CATHROCK","42.519997",NA,NA,NA
"D","DISPATCH","UNIT_SCADA",1,"2018/06/01 00:55:00","CHALLHWF","11.799999",NA,NA,NA
"D","DISPATCH","UNIT_SCADA",1,"2018/06/01 00:55:00","CLOVER","-0.01",NA,NA,NA
"D","DISPATCH","UNIT_SCADA",1,"2018/06/01 00:55:00","CLUNY","9.472649",NA,NA,NA
"D","DISPATCH","UNIT_SCADA",1,"2018/06/01 00:55:00","CNUNDAWF","1.501752",NA,NA,NA
"D","DISPATCH","UNIT_SCADA",1,"2018/06/01 00:55:00","CULLRGWF","16.57",NA,NA,NA
"D","DISPATCH","UNIT_SCADA",1,"2018/06/01 00:55:00","ERGT01","0",NA,NA,NA
"D","DISPATCH","UNIT_SCADA",1,"2018/06/01 00:55:00","GB01","0.053654",NA,NA,NA
"D","DISPATCH","UNIT_SCADA",1,"2018/06/01 00:55:00","GERMCRK","34.700001",NA,NA,NA
"D","DISPATCH","UNIT_SCADA",1,"2018/06/01 00:55:00","GRIFSF1","0",NA,NA,NA
"D","DISPATCH","UNIT_SCADA",1,"2018/06/01 00:55:00","HUGSF1","-0.0130",NA,NA,NA
"D","DISPATCH","UNIT_SCADA",1,"2018/06/01 00:55:00","INVICTA","0",NA,NA,NA
"D","DISPATCH","UNIT_SCADA",1,"2018/06/01 00:55:00","LKBONNY1","2.947209",NA,NA,NA
"D","DISPATCH","UNIT_SCADA",1,"2018/06/01 00:55:00","LRSF1","0.01",NA,NA,NA
"D","DISPATCH","UNIT_SCADA",1,"2018/06/01 00:55:00","MBAHNTH","44.981247",NA,NA,NA
"D","DISPATCH","UNIT_SCADA",1,"2018/06/01 00:55:00","MLSP1","0.370001",NA,NA,NA
"D","DISPATCH","UNIT_SCADA",1,"2018/06/01 00:55:00","MLWF1","5.5350",NA,NA,NA
"D","DISPATCH","UNIT_SCADA",1,"2018/06/01 00:55:00","MTMILLAR","50.786949",NA,NA,NA
"D","DISPATCH","UNIT_SCADA",1,"2018/06/01 00:55:00","PALOONA","13.059999",NA,NA,NA
"D","DISPATCH","UNIT_SCADA",1,"2018/06/01 00:55:00","PIONEER","-0.90",NA,NA,NA
"D","DISPATCH","UNIT_SCADA",1,"2018/06/01 00:55:00","PORTWF","20",NA,NA,NA
"D","DISPATCH","UNIT_SCADA",1,"2018/06/01 00:55:00","REPULSE","0",NA,NA,NA
"D","DISPATCH","UNIT_SCADA",1,"2018/06/01 00:55:00","ROWALLAN","6.6101",NA,NA,NA
"D","DISPATCH","UNIT_SCADA",1,"2018/06/01 00:55:00","ROYALLA1","0",NA,NA,NA
"D","DISPATCH","UNIT_SCADA",1,"2018/06/01 00:55:00","RPCG","-0.30",NA,NA,NA
"D","DISPATCH","UNIT_SCADA",1,"2018/06/01 00:55:00","RUBICON","0",NA,NA,NA
"D","DISPATCH","UNIT_SCADA",1,"2018/06/01 00:55:00","SMCSF1","0",NA,NA,NA
"D","DISPATCH","UNIT_SCADA",1,"2018/06/01 00:55:00","STARHLWF","12.496356",NA,NA,NA
"D","DISPATCH","UNIT_SCADA",1,"2018/06/01 00:55:00","WAUBRAWF","44.827999",NA,NA,NA
"D","DISPATCH","UNIT_SCADA",1,"2018/06/01 00:55:00","WOOLNTH1","4.080015",NA,NA,NA
"D","DISPATCH","UNIT_SCADA",1,"2018/06/01 00:55:00","WPWF","42",NA,NA,NA
"D","DISPATCH","UNIT_SCADA",1,"2018/06/01 00:55:00","YAMBUKWF","6.60",NA,NA,NA
"D","DISPATCH","UNIT_SCADA",1,"2018/06/01 00:55:00","YSWF1","2.30",NA,NA,NA
"D","DISPATCH","UNIT_SCADA",1,"2018/06/01 01:00:00","BARCSF1","0.50",NA,NA,NA
"D","DISPATCH","UNIT_SCADA",1,"2018/06/01 01:00:00","BUTLERSG","9.199999",NA,NA,NA
"D","DISPATCH","UNIT_SCADA",1,"2018/06/01 01:00:00","CALL_A_4","0",NA,NA,NA
"D","DISPATCH","UNIT_SCADA",1,"2018/06/01 01:00:00","CAPTL_WF","58.003998",NA,NA,NA
"D","DISPATCH","UNIT_SCADA",1,"2018/06/01 01:00:00","CATHROCK","39.739998",NA,NA,NA
"D","DISPATCH","UNIT_SCADA",1,"2018/06/01 01:00:00","CHALLHWF","10.700001",NA,NA,NA
"D","DISPATCH","UNIT_SCADA",1,"2018/06/01 01:00:00","CLOVER","-0.01",NA,NA,NA
"D","DISPATCH","UNIT_SCADA",1,"2018/06/01 01:00:00","CLUNY","9.253834",NA,NA,NA
"D","DISPATCH","UNIT_SCADA",1,"2018/06/01 01:00:00","CNUNDAWF","1.101285",NA,NA,NA
"D","DISPATCH","UNIT_SCADA",1,"2018/06/01 01:00:00","CULLRGWF","15.46",NA,NA,NA
"D","DISPATCH","UNIT_SCADA",1,"2018/06/01 01:00:00","ERGT01","0",NA,NA,NA
"D","DISPATCH","UNIT_SCADA",1,"2018/06/01 01:00:00","GB01","0.053654",NA,NA,NA
"D","DISPATCH","UNIT_SCADA",1,"2018/06/01 01:00:00","GERMCRK","31.700001",NA,NA,NA
"D","DISPATCH","UNIT_SCADA",1,"2018/06/01 01:00:00","GRIFSF1","0",NA,NA,NA
"D","DISPATCH","UNIT_SCADA",1,"2018/06/01 01:00:00","HUGSF1","-0.0130",NA,NA,NA
"D","DISPATCH","UNIT_SCADA",1,"2018/06/01 01:00:00","INVICTA","0",NA,NA,NA
"D","DISPATCH","UNIT_SCADA",1,"2018/06/01 01:00:00","LKBONNY1","3.572375",NA,NA,NA
"D","DISPATCH","UNIT_SCADA",1,"2018/06/01 01:00:00","LRSF1","0.01",NA,NA,NA
"D","DISPATCH","UNIT_SCADA",1,"2018/06/01 01:00:00","MBAHNTH","46.6875",NA,NA,NA
"D","DISPATCH","UNIT_SCADA",1,"2018/06/01 01:00:00","MLSP1","0.370001",NA,NA,NA
"D","DISPATCH","UNIT_SCADA",1,"2018/06/01 01:00:00","MLWF1","4.68",NA,NA,NA
"D","DISPATCH","UNIT_SCADA",1,"2018/06/01 01:00:00","MTMILLAR","53.532795",NA,NA,NA
"D","DISPATCH","UNIT_SCADA",1,"2018/06/01 01:00:00","PALOONA","13.059999",NA,NA,NA
"D","DISPATCH","UNIT_SCADA",1,"2018/06/01 01:00:00","PIONEER","-0.90",NA,NA,NA
"D","DISPATCH","UNIT_SCADA",1,"2018/06/01 01:00:00","PORTWF","20.60",NA,NA,NA
"D","DISPATCH","UNIT_SCADA",1,"2018/06/01 01:00:00","REPULSE","0",NA,NA,NA
"D","DISPATCH","UNIT_SCADA",1,"2018/06/01 01:00:00","ROWALLAN","6.5320",NA,NA,NA
"D","DISPATCH","UNIT_SCADA",1,"2018/06/01 01:00:00","ROYALLA1","0",NA,NA,NA
"D","DISPATCH","UNIT_SCADA",1,"2018/06/01 01:00:00","RPCG","-0.30",NA,NA,NA
"D","DISPATCH","UNIT_SCADA",1,"2018/06/01 01:00:00","RUBICON","0",NA,NA,NA
"D","DISPATCH","UNIT_SCADA",1,"2018/06/01 01:00:00","SMCSF1","0",NA,NA,NA
"D","DISPATCH","UNIT_SCADA",1,"2018/06/01 01:00:00","STARHLWF","12.696298",NA,NA,NA
"D","DISPATCH","UNIT_SCADA",1,"2018/06/01 01:00:00","WAUBRAWF","45.515999",NA,NA,NA
"D","DISPATCH","UNIT_SCADA",1,"2018/06/01 01:00:00","WOOLNTH1","4.240016",NA,NA,NA
"D","DISPATCH","UNIT_SCADA",1,"2018/06/01 01:00:00","WPWF","43",NA,NA,NA
"D","DISPATCH","UNIT_SCADA",1,"2018/06/01 01:00:00","YAMBUKWF","6.70",NA,NA,NA
"D","DISPATCH","UNIT_SCADA",1,"2018/06/01 01:00:00","YSWF1","2.20",NA,NA,NA
"D","DISPATCH","UNIT_SCADA",1,"2018/06/01 01:05:00","BARCSF1","0.50",NA,NA,NA
"D","DISPATCH","UNIT_SCADA",1,"2018/06/01 01:05:00","BUTLERSG","9.199999",NA,NA,NA
"D","DISPATCH","UNIT_SCADA",1,"2018/06/01 01:05:00","CALL_A_4","0",NA,NA,NA
"D","DISPATCH","UNIT_SCADA",1,"2018/06/01 01:05:00","CAPTL_WF","60.363998",NA,NA,NA
"D","DISPATCH","UNIT_SCADA",1,"2018/06/01 01:05:00","CATHROCK","42.859997",NA,NA,NA
"D","DISPATCH","UNIT_SCADA",1,"2018/06/01 01:05:00","CHALLHWF","10",NA,NA,NA
"D","DISPATCH","UNIT_SCADA",1,"2018/06/01 01:05:00","CLOVER","-0.01",NA,NA,NA
"D","DISPATCH","UNIT_SCADA",1,"2018/06/01 01:05:00","CLUNY","9.277637",NA,NA,NA
"D","DISPATCH","UNIT_SCADA",1,"2018/06/01 01:05:00","CNUNDAWF","0.700818",NA,NA,NA
"D","DISPATCH","UNIT_SCADA",1,"2018/06/01 01:05:00","CULLRGWF","18.049999",NA,NA,NA
"D","DISPATCH","UNIT_SCADA",1,"2018/06/01 01:05:00","ERGT01","0",NA,NA,NA
"D","DISPATCH","UNIT_SCADA",1,"2018/06/01 01:05:00","GB01","0.053654",NA,NA,NA
"D","DISPATCH","UNIT_SCADA",1,"2018/06/01 01:05:00","GERMCRK","31.50",NA,NA,NA
"D","DISPATCH","UNIT_SCADA",1,"2018/06/01 01:05:00","GRIFSF1","0",NA,NA,NA
"D","DISPATCH","UNIT_SCADA",1,"2018/06/01 01:05:00","HUGSF1","-0.0130",NA,NA,NA
"D","DISPATCH","UNIT_SCADA",1,"2018/06/01 01:05:00","INVICTA","0",NA,NA,NA
"D","DISPATCH","UNIT_SCADA",1,"2018/06/01 01:05:00","LKBONNY1","3.304446",NA,NA,NA
"D","DISPATCH","UNIT_SCADA",1,"2018/06/01 01:05:00","LRSF1","0.01",NA,NA,NA
"D","DISPATCH","UNIT_SCADA",1,"2018/06/01 01:05:00","MBAHNTH","46.6875",NA,NA,NA
"D","DISPATCH","UNIT_SCADA",1,"2018/06/01 01:05:00","MLSP1","0.370001",NA,NA,NA
"D","DISPATCH","UNIT_SCADA",1,"2018/06/01 01:05:00","MLWF1","3.8550",NA,NA,NA
"D","DISPATCH","UNIT_SCADA",1,"2018/06/01 01:05:00","MTMILLAR","49.841904",NA,NA,NA
"D","DISPATCH","UNIT_SCADA",1,"2018/06/01 01:05:00","PALOONA","13.059999",NA,NA,NA
"D","DISPATCH","UNIT_SCADA",1,"2018/06/01 01:05:00","PIONEER","-0.90",NA,NA,NA
"D","DISPATCH","UNIT_SCADA",1,"2018/06/01 01:05:00","PORTWF","20.299999",NA,NA,NA
"D","DISPATCH","UNIT_SCADA",1,"2018/06/01 01:05:00","REPULSE","0",NA,NA,NA
"D","DISPATCH","UNIT_SCADA",1,"2018/06/01 01:05:00","ROWALLAN","6.5959",NA,NA,NA
"D","DISPATCH","UNIT_SCADA",1,"2018/06/01 01:05:00","ROYALLA1","0",NA,NA,NA
"D","DISPATCH","UNIT_SCADA",1,"2018/06/01 01:05:00","RPCG","-0.30",NA,NA,NA
"D","DISPATCH","UNIT_SCADA",1,"2018/06/01 01:05:00","RUBICON","0",NA,NA,NA
"D","DISPATCH","UNIT_SCADA",1,"2018/06/01 01:05:00","SMCSF1","0",NA,NA,NA
"D","DISPATCH","UNIT_SCADA",1,"2018/06/01 01:05:00","STARHLWF","11.896531",NA,NA,NA
"D","DISPATCH","UNIT_SCADA",1,"2018/06/01 01:05:00","WAUBRAWF","45.250999",NA,NA,NA
"D","DISPATCH","UNIT_SCADA",1,"2018/06/01 01:05:00","WOOLNTH1","4.150015",NA,NA,NA
"D","DISPATCH","UNIT_SCADA",1,"2018/06/01 01:05:00","WPWF","41",NA,NA,NA
"D","DISPATCH","UNIT_SCADA",1,"2018/06/01 01:05:00","YAMBUKWF","6.80",NA,NA,NA
"D","DISPATCH","UNIT_SCADA",1,"2018/06/01 01:05:00","YSWF1","2.10",NA,NA,NA
"D","DISPATCH","UNIT_SCADA",1,"2018/06/01 01:10:00","BARCSF1","0.50",NA,NA,NA
"D","DISPATCH","UNIT_SCADA",1,"2018/06/01 01:10:00","BUTLERSG","9.199999",NA,NA,NA
"D","DISPATCH","UNIT_SCADA",1,"2018/06/01 01:10:00","CALL_A_4","0",NA,NA,NA
"D","DISPATCH","UNIT_SCADA",1,"2018/06/01 01:10:00","CAPTL_WF","60.487999",NA,NA,NA
"D","DISPATCH","UNIT_SCADA",1,"2018/06/01 01:10:00","CATHROCK","40.199997",NA,NA,NA
"D","DISPATCH","UNIT_SCADA",1,"2018/06/01 01:10:00","CHALLHWF","9.90",NA,NA,NA
"D","DISPATCH","UNIT_SCADA",1,"2018/06/01 01:10:00","CLOVER","0",NA,NA,NA
"D","DISPATCH","UNIT_SCADA",1,"2018/06/01 01:10:00","CLUNY","9.239185",NA,NA,NA
"D","DISPATCH","UNIT_SCADA",1,"2018/06/01 01:10:00","CNUNDAWF","1.101285",NA,NA,NA
"D","DISPATCH","UNIT_SCADA",1,"2018/06/01 01:10:00","CULLRGWF","17.50",NA,NA,NA
"D","DISPATCH","UNIT_SCADA",1,"2018/06/01 01:10:00","ERGT01","0",NA,NA,NA
"D","DISPATCH","UNIT_SCADA",1,"2018/06/01 01:10:00","GB01","0.053654",NA,NA,NA
"D","DISPATCH","UNIT_SCADA",1,"2018/06/01 01:10:00","GERMCRK","25.299999",NA,NA,NA
"D","DISPATCH","UNIT_SCADA",1,"2018/06/01 01:10:00","GRIFSF1","0",NA,NA,NA
"D","DISPATCH","UNIT_SCADA",1,"2018/06/01 01:10:00","HUGSF1","-0.0130",NA,NA,NA
"D","DISPATCH","UNIT_SCADA",1,"2018/06/01 01:10:00","INVICTA","0",NA,NA,NA
"D","DISPATCH","UNIT_SCADA",1,"2018/06/01 01:10:00","LKBONNY1","3.929612",NA,NA,NA
"D","DISPATCH","UNIT_SCADA",1,"2018/06/01 01:10:00","LRSF1","0.01",NA,NA,NA
"D","DISPATCH","UNIT_SCADA",1,"2018/06/01 01:10:00","MBAHNTH","46.6875",NA,NA,NA
"D","DISPATCH","UNIT_SCADA",1,"2018/06/01 01:10:00","MLSP1","0.370001",NA,NA,NA
"D","DISPATCH","UNIT_SCADA",1,"2018/06/01 01:10:00","MLWF1","4.59",NA,NA,NA
"D","DISPATCH","UNIT_SCADA",1,"2018/06/01 01:10:00","MTMILLAR","54.381104",NA,NA,NA
"D","DISPATCH","UNIT_SCADA",1,"2018/06/01 01:10:00","PALOONA","13.059999",NA,NA,NA
"D","DISPATCH","UNIT_SCADA",1,"2018/06/01 01:10:00","PIONEER","-0.90",NA,NA,NA
"D","DISPATCH","UNIT_SCADA",1,"2018/06/01 01:10:00","PORTWF","22.10",NA,NA,NA
"D","DISPATCH","UNIT_SCADA",1,"2018/06/01 01:10:00","REPULSE","0",NA,NA,NA
"D","DISPATCH","UNIT_SCADA",1,"2018/06/01 01:10:00","ROWALLAN","6.2835",NA,NA,NA
"D","DISPATCH","UNIT_SCADA",1,"2018/06/01 01:10:00","ROYALLA1","0",NA,NA,NA
"D","DISPATCH","UNIT_SCADA",1,"2018/06/01 01:10:00","RPCG","-0.30",NA,NA,NA
"D","DISPATCH","UNIT_SCADA",1,"2018/06/01 01:10:00","RUBICON","0",NA,NA,NA
"D","DISPATCH","UNIT_SCADA",1,"2018/06/01 01:10:00","SMCSF1","0",NA,NA,NA
"D","DISPATCH","UNIT_SCADA",1,"2018/06/01 01:10:00","STARHLWF","12.196444",NA,NA,NA
"D","DISPATCH","UNIT_SCADA",1,"2018/06/01 01:10:00","WAUBRAWF","46.866001",NA,NA,NA
"D","DISPATCH","UNIT_SCADA",1,"2018/06/01 01:10:00","WOOLNTH1","3.790015",NA,NA,NA
"D","DISPATCH","UNIT_SCADA",1,"2018/06/01 01:10:00","WPWF","42",NA,NA,NA
"D","DISPATCH","UNIT_SCADA",1,"2018/06/01 01:10:00","YAMBUKWF","6.90",NA,NA,NA
"D","DISPATCH","UNIT_SCADA",1,"2018/06/01 01:10:00","YSWF1","2.40",NA,NA,NA
"D","DISPATCH","UNIT_SCADA",1,"2018/06/01 01:15:00","BARCSF1","0.50",NA,NA,NA
"D","DISPATCH","UNIT_SCADA",1,"2018/06/01 01:15:00","BUTLERSG","9.199999",NA,NA,NA
"D","DISPATCH","UNIT_SCADA",1,"2018/06/01 01:15:00","CALL_A_4","0",NA,NA,NA
"D","DISPATCH","UNIT_SCADA",1,"2018/06/01 01:15:00","CAPTL_WF","59.512001",NA,NA,NA
"D","DISPATCH","UNIT_SCADA",1,"2018/06/01 01:15:00","CATHROCK","40.299999",NA,NA,NA
"D","DISPATCH","UNIT_SCADA",1,"2018/06/01 01:15:00","CHALLHWF","9.299999",NA,NA,NA
"D","DISPATCH","UNIT_SCADA",1,"2018/06/01 01:15:00","CLOVER","-0.01",NA,NA,NA
"D","DISPATCH","UNIT_SCADA",1,"2018/06/01 01:15:00","CLUNY","9.191577",NA,NA,NA
"D","DISPATCH","UNIT_SCADA",1,"2018/06/01 01:15:00","CNUNDAWF","1.101285",NA,NA,NA
"D","DISPATCH","UNIT_SCADA",1,"2018/06/01 01:15:00","CULLRGWF","17.27",NA,NA,NA
"D","DISPATCH","UNIT_SCADA",1,"2018/06/01 01:15:00","ERGT01","0",NA,NA,NA
"D","DISPATCH","UNIT_SCADA",1,"2018/06/01 01:15:00","GB01","0.053654",NA,NA,NA
"D","DISPATCH","UNIT_SCADA",1,"2018/06/01 01:15:00","GERMCRK","34.099998",NA,NA,NA
"D","DISPATCH","UNIT_SCADA",1,"2018/06/01 01:15:00","GRIFSF1","0",NA,NA,NA
"D","DISPATCH","UNIT_SCADA",1,"2018/06/01 01:15:00","HUGSF1","-0.0130",NA,NA,NA
"D","DISPATCH","UNIT_SCADA",1,"2018/06/01 01:15:00","INVICTA","0",NA,NA,NA
"D","DISPATCH","UNIT_SCADA",1,"2018/06/01 01:15:00","LKBONNY1","3.750993",NA,NA,NA
"D","DISPATCH","UNIT_SCADA",1,"2018/06/01 01:15:00","LRSF1","0.01",NA,NA,NA
"D","DISPATCH","UNIT_SCADA",1,"2018/06/01 01:15:00","MBAHNTH","45.056244",NA,NA,NA
"D","DISPATCH","UNIT_SCADA",1,"2018/06/01 01:15:00","MLSP1","0.370001",NA,NA,NA
"D","DISPATCH","UNIT_SCADA",1,"2018/06/01 01:15:00","MLWF1","4.4550",NA,NA,NA
"D","DISPATCH","UNIT_SCADA",1,"2018/06/01 01:15:00","MTMILLAR","52.907722",NA,NA,NA
"D","DISPATCH","UNIT_SCADA",1,"2018/06/01 01:15:00","PALOONA","13.059999",NA,NA,NA
"D","DISPATCH","UNIT_SCADA",1,"2018/06/01 01:15:00","PIONEER","-0.90",NA,NA,NA
"D","DISPATCH","UNIT_SCADA",1,"2018/06/01 01:15:00","PORTWF","25.200001",NA,NA,NA
"D","DISPATCH","UNIT_SCADA",1,"2018/06/01 01:15:00","REPULSE","0",NA,NA,NA
"D","DISPATCH","UNIT_SCADA",1,"2018/06/01 01:15:00","ROWALLAN","6.2409",NA,NA,NA
"D","DISPATCH","UNIT_SCADA",1,"2018/06/01 01:15:00","ROYALLA1","0",NA,NA,NA
"D","DISPATCH","UNIT_SCADA",1,"2018/06/01 01:15:00","RPCG","-0.30",NA,NA,NA
"D","DISPATCH","UNIT_SCADA",1,"2018/06/01 01:15:00","RUBICON","0",NA,NA,NA
"D","DISPATCH","UNIT_SCADA",1,"2018/06/01 01:15:00","SMCSF1","0",NA,NA,NA
"D","DISPATCH","UNIT_SCADA",1,"2018/06/01 01:15:00","STARHLWF","12.396385",NA,NA,NA
"D","DISPATCH","UNIT_SCADA",1,"2018/06/01 01:15:00","WAUBRAWF","51.2220",NA,NA,NA
"D","DISPATCH","UNIT_SCADA",1,"2018/06/01 01:15:00","WOOLNTH1","3.410016",NA,NA,NA
"D","DISPATCH","UNIT_SCADA",1,"2018/06/01 01:15:00","WPWF","40",NA,NA,NA
"D","DISPATCH","UNIT_SCADA",1,"2018/06/01 01:15:00","YAMBUKWF","6.30",NA,NA,NA
"D","DISPATCH","UNIT_SCADA",1,"2018/06/01 01:15:00","YSWF1","2.40",NA,NA,NA
"D","DISPATCH","UNIT_SCADA",1,"2018/06/01 01:20:00","BARCSF1","0.50",NA,NA,NA
"D","DISPATCH","UNIT_SCADA",1,"2018/06/01 01:20:00","BUTLERSG","9.199999",NA,NA,NA
"D","DISPATCH","UNIT_SCADA",1,"2018/06/01 01:20:00","CALL_A_4","0",NA,NA,NA
"D","DISPATCH","UNIT_SCADA",1,"2018/06/01 01:20:00","CAPTL_WF","55.311996",NA,NA,NA
"D","DISPATCH","UNIT_SCADA",1,"2018/06/01 01:20:00","CATHROCK","40.729996",NA,NA,NA
"D","DISPATCH","UNIT_SCADA",1,"2018/06/01 01:20:00","CHALLHWF","8.60",NA,NA,NA
"D","DISPATCH","UNIT_SCADA",1,"2018/06/01 01:20:00","CLOVER","-0.01",NA,NA,NA
"D","DISPATCH","UNIT_SCADA",1,"2018/06/01 01:20:00","CLUNY","9.038682",NA,NA,NA
"D","DISPATCH","UNIT_SCADA",1,"2018/06/01 01:20:00","CNUNDAWF","1.902219",NA,NA,NA
"D","DISPATCH","UNIT_SCADA",1,"2018/06/01 01:20:00","CULLRGWF","19.18",NA,NA,NA
"D","DISPATCH","UNIT_SCADA",1,"2018/06/01 01:20:00","ERGT01","0",NA,NA,NA
"D","DISPATCH","UNIT_SCADA",1,"2018/06/01 01:20:00","GB01","0.053654",NA,NA,NA
"D","DISPATCH","UNIT_SCADA",1,"2018/06/01 01:20:00","GERMCRK","29.10",NA,NA,NA
"D","DISPATCH","UNIT_SCADA",1,"2018/06/01 01:20:00","GRIFSF1","0",NA,NA,NA
"D","DISPATCH","UNIT_SCADA",1,"2018/06/01 01:20:00","HUGSF1","-0.0130",NA,NA,NA
"D","DISPATCH","UNIT_SCADA",1,"2018/06/01 01:20:00","INVICTA","0",NA,NA,NA
"D","DISPATCH","UNIT_SCADA",1,"2018/06/01 01:20:00","LKBONNY1","4.197540",NA,NA,NA
"D","DISPATCH","UNIT_SCADA",1,"2018/06/01 01:20:00","LRSF1","0.01",NA,NA,NA
"D","DISPATCH","UNIT_SCADA",1,"2018/06/01 01:20:00","MBAHNTH","45.056244",NA,NA,NA
"D","DISPATCH","UNIT_SCADA",1,"2018/06/01 01:20:00","MLSP1","0.370001",NA,NA,NA
"D","DISPATCH","UNIT_SCADA",1,"2018/06/01 01:20:00","MLWF1","4.05",NA,NA,NA
"D","DISPATCH","UNIT_SCADA",1,"2018/06/01 01:20:00","MTMILLAR","53.078873",NA,NA,NA
"D","DISPATCH","UNIT_SCADA",1,"2018/06/01 01:20:00","PALOONA","12.799999",NA,NA,NA
"D","DISPATCH","UNIT_SCADA",1,"2018/06/01 01:20:00","PIONEER","-0.90",NA,NA,NA
"D","DISPATCH","UNIT_SCADA",1,"2018/06/01 01:20:00","PORTWF","27.60",NA,NA,NA
"D","DISPATCH","UNIT_SCADA",1,"2018/06/01 01:20:00","REPULSE","0",NA,NA,NA
"D","DISPATCH","UNIT_SCADA",1,"2018/06/01 01:20:00","ROWALLAN","6.4326",NA,NA,NA
"D","DISPATCH","UNIT_SCADA",1,"2018/06/01 01:20:00","ROYALLA1","0",NA,NA,NA
"D","DISPATCH","UNIT_SCADA",1,"2018/06/01 01:35:00","BARCSF1","0.50",NA,NA,NA
"D","DISPATCH","UNIT_SCADA",1,"2018/06/01 01:35:00","BUTLERSG","9.199999",NA,NA,NA
"D","DISPATCH","UNIT_SCADA",1,"2018/06/01 01:35:00","CALL_A_4","0",NA,NA,NA
"D","DISPATCH","UNIT_SCADA",1,"2018/06/01 01:35:00","CAPTL_WF","55.572006",NA,NA,NA
"D","DISPATCH","UNIT_SCADA",1,"2018/06/01 01:35:00","CATHROCK","44.909996",NA,NA,NA
"D","DISPATCH","UNIT_SCADA",1,"2018/06/01 01:35:00","CHALLHWF","11.299999",NA,NA,NA
"D","DISPATCH","UNIT_SCADA",1,"2018/06/01 01:35:00","CLOVER","-0.01",NA,NA,NA
"D","DISPATCH","UNIT_SCADA",1,"2018/06/01 01:35:00","CLUNY","9.091783",NA,NA,NA
"D","DISPATCH","UNIT_SCADA",1,"2018/06/01 01:35:00","CNUNDAWF","2.202569",NA,NA,NA
"D","DISPATCH","UNIT_SCADA",1,"2018/06/01 01:35:00","CULLRGWF","16.700001",NA,NA,NA
"D","DISPATCH","UNIT_SCADA",1,"2018/06/01 01:35:00","ERGT01","0",NA,NA,NA
"D","DISPATCH","UNIT_SCADA",1,"2018/06/01 01:35:00","GB01","0.053654",NA,NA,NA
"D","DISPATCH","UNIT_SCADA",1,"2018/06/01 01:35:00","GERMCRK","31.700001",NA,NA,NA
"D","DISPATCH","UNIT_SCADA",1,"2018/06/01 01:35:00","GRIFSF1","0",NA,NA,NA
"D","DISPATCH","UNIT_SCADA",1,"2018/06/01 01:35:00","HUGSF1","-0.0130",NA,NA,NA
"D","DISPATCH","UNIT_SCADA",1,"2018/06/01 01:35:00","INVICTA","0",NA,NA,NA
"D","DISPATCH","UNIT_SCADA",1,"2018/06/01 01:35:00","LKBONNY1","4.554778",NA,NA,NA
"D","DISPATCH","UNIT_SCADA",1,"2018/06/01 01:35:00","LRSF1","0.01",NA,NA,NA
"D","DISPATCH","UNIT_SCADA",1,"2018/06/01 01:35:00","MBAHNTH","43.556259",NA,NA,NA
"D","DISPATCH","UNIT_SCADA",1,"2018/06/01 01:35:00","MLSP1","0.370001",NA,NA,NA
"D","DISPATCH","UNIT_SCADA",1,"2018/06/01 01:35:00","MLWF1","3.2250",NA,NA,NA
"D","DISPATCH","UNIT_SCADA",1,"2018/06/01 01:35:00","MTMILLAR","45.6078",NA,NA,NA
"D","DISPATCH","UNIT_SCADA",1,"2018/06/01 01:35:00","PALOONA","12.88",NA,NA,NA
"D","DISPATCH","UNIT_SCADA",1,"2018/06/01 01:35:00","PIONEER","-0.90",NA,NA,NA
"D","DISPATCH","UNIT_SCADA",1,"2018/06/01 01:35:00","PORTWF","31.799999",NA,NA,NA
"D","DISPATCH","UNIT_SCADA",1,"2018/06/01 01:35:00","REPULSE","0",NA,NA,NA
"D","DISPATCH","UNIT_SCADA",1,"2018/06/01 01:35:00","ROWALLAN","6.6385",NA,NA,NA
"D","DISPATCH","UNIT_SCADA",1,"2018/06/01 01:35:00","ROYALLA1","0",NA,NA,NA
"D","DISPATCH","UNIT_SCADA",1,"2018/06/01 01:35:00","RPCG","-0.30",NA,NA,NA
"D","DISPATCH","UNIT_SCADA",1,"2018/06/01 01:35:00","RUBICON","0",NA,NA,NA
"D","DISPATCH","UNIT_SCADA",1,"2018/06/01 01:35:00","SMCSF1","0",NA,NA,NA
"D","DISPATCH","UNIT_SCADA",1,"2018/06/01 01:35:00","STARHLWF","13.496064",NA,NA,NA
"D","DISPATCH","UNIT_SCADA",1,"2018/06/01 01:35:00","WAUBRAWF","53.7220",NA,NA,NA
"D","DISPATCH","UNIT_SCADA",1,"2018/06/01 01:35:00","WOOLNTH1","4.390016",NA,NA,NA
"D","DISPATCH","UNIT_SCADA",1,"2018/06/01 01:35:00","WPWF","47",NA,NA,NA
"D","DISPATCH","UNIT_SCADA",1,"2018/06/01 01:35:00","YAMBUKWF","5.70",NA,NA,NA
"D","DISPATCH","UNIT_SCADA",1,"2018/06/01 01:35:00","YSWF1","2.90",NA,NA,NA
"D","DISPATCH","UNIT_SCADA",1,"2018/06/01 01:20:00","RPCG","-0.30",NA,NA,NA
"D","DISPATCH","UNIT_SCADA",1,"2018/06/01 01:20:00","RUBICON","0",NA,NA,NA
"D","DISPATCH","UNIT_SCADA",1,"2018/06/01 01:20:00","SMCSF1","0",NA,NA,NA
"D","DISPATCH","UNIT_SCADA",1,"2018/06/01 01:20:00","STARHLWF","12.796268",NA,NA,NA
"D","DISPATCH","UNIT_SCADA",1,"2018/06/01 01:20:00","WAUBRAWF","60.7150",NA,NA,NA
"D","DISPATCH","UNIT_SCADA",1,"2018/06/01 01:20:00","WOOLNTH1","3.840015",NA,NA,NA
"D","DISPATCH","UNIT_SCADA",1,"2018/06/01 01:20:00","WPWF","42",NA,NA,NA
"D","DISPATCH","UNIT_SCADA",1,"2018/06/01 01:20:00","YAMBUKWF","6",NA,NA,NA
"D","DISPATCH","UNIT_SCADA",1,"2018/06/01 01:20:00","YSWF1","3.70",NA,NA,NA
"D","DISPATCH","UNIT_SCADA",1,"2018/06/01 01:25:00","BARCSF1","0.50",NA,NA,NA
"D","DISPATCH","UNIT_SCADA",1,"2018/06/01 01:25:00","BUTLERSG","9.199999",NA,NA,NA
"D","DISPATCH","UNIT_SCADA",1,"2018/06/01 01:25:00","CALL_A_4","0",NA,NA,NA
"D","DISPATCH","UNIT_SCADA",1,"2018/06/01 01:25:00","CAPTL_WF","53.087997",NA,NA,NA
"D","DISPATCH","UNIT_SCADA",1,"2018/06/01 01:25:00","CATHROCK","42.829998",NA,NA,NA
"D","DISPATCH","UNIT_SCADA",1,"2018/06/01 01:25:00","CHALLHWF","9.50",NA,NA,NA
"D","DISPATCH","UNIT_SCADA",1,"2018/06/01 01:25:00","CLOVER","-0.01",NA,NA,NA
"D","DISPATCH","UNIT_SCADA",1,"2018/06/01 01:25:00","CLUNY","9.148546",NA,NA,NA
"D","DISPATCH","UNIT_SCADA",1,"2018/06/01 01:25:00","CNUNDAWF","1.902219",NA,NA,NA
"D","DISPATCH","UNIT_SCADA",1,"2018/06/01 01:25:00","CULLRGWF","20.049999",NA,NA,NA
"D","DISPATCH","UNIT_SCADA",1,"2018/06/01 01:25:00","ERGT01","0",NA,NA,NA
"D","DISPATCH","UNIT_SCADA",1,"2018/06/01 01:25:00","GB01","0.053654",NA,NA,NA
"D","DISPATCH","UNIT_SCADA",1,"2018/06/01 01:25:00","GERMCRK","31",NA,NA,NA
"D","DISPATCH","UNIT_SCADA",1,"2018/06/01 01:25:00","GRIFSF1","0",NA,NA,NA
"D","DISPATCH","UNIT_SCADA",1,"2018/06/01 01:25:00","HUGSF1","-0.0130",NA,NA,NA
"D","DISPATCH","UNIT_SCADA",1,"2018/06/01 01:25:00","INVICTA","0",NA,NA,NA
"D","DISPATCH","UNIT_SCADA",1,"2018/06/01 01:25:00","LKBONNY1","3.572375",NA,NA,NA
"D","DISPATCH","UNIT_SCADA",1,"2018/06/01 01:25:00","LRSF1","0.01",NA,NA,NA
"D","DISPATCH","UNIT_SCADA",1,"2018/06/01 01:25:00","MBAHNTH","40.931244",NA,NA,NA
"D","DISPATCH","UNIT_SCADA",1,"2018/06/01 01:25:00","MLSP1","0.370001",NA,NA,NA
"D","DISPATCH","UNIT_SCADA",1,"2018/06/01 01:25:00","MLWF1","3.33",NA,NA,NA
"D","DISPATCH","UNIT_SCADA",1,"2018/06/01 01:25:00","MTMILLAR","49.685635",NA,NA,NA
"D","DISPATCH","UNIT_SCADA",1,"2018/06/01 01:25:00","PALOONA","12.799999",NA,NA,NA
"D","DISPATCH","UNIT_SCADA",1,"2018/06/01 01:25:00","PIONEER","-0.90",NA,NA,NA
"D","DISPATCH","UNIT_SCADA",1,"2018/06/01 01:25:00","PORTWF","29.700001",NA,NA,NA
"D","DISPATCH","UNIT_SCADA",1,"2018/06/01 01:25:00","REPULSE","0",NA,NA,NA
"D","DISPATCH","UNIT_SCADA",1,"2018/06/01 01:25:00","ROWALLAN","6.4113",NA,NA,NA
"D","DISPATCH","UNIT_SCADA",1,"2018/06/01 01:25:00","ROYALLA1","0",NA,NA,NA
"D","DISPATCH","UNIT_SCADA",1,"2018/06/01 01:25:00","RPCG","-0.30",NA,NA,NA
"D","DISPATCH","UNIT_SCADA",1,"2018/06/01 01:25:00","RUBICON","0",NA,NA,NA
"D","DISPATCH","UNIT_SCADA",1,"2018/06/01 01:25:00","SMCSF1","0",NA,NA,NA
"D","DISPATCH","UNIT_SCADA",1,"2018/06/01 01:25:00","STARHLWF","12.896239",NA,NA,NA
"D","DISPATCH","UNIT_SCADA",1,"2018/06/01 01:25:00","WAUBRAWF","68.822998",NA,NA,NA
"D","DISPATCH","UNIT_SCADA",1,"2018/06/01 01:25:00","WOOLNTH1","4.050015",NA,NA,NA
"D","DISPATCH","UNIT_SCADA",1,"2018/06/01 01:25:00","WPWF","43",NA,NA,NA
"D","DISPATCH","UNIT_SCADA",1,"2018/06/01 01:25:00","YAMBUKWF","5.90",NA,NA,NA
"D","DISPATCH","UNIT_SCADA",1,"2018/06/01 01:25:00","YSWF1","2.90",NA,NA,NA
"D","DISPATCH","UNIT_SCADA",1,"2018/06/01 01:30:00","BARCSF1","0.50",NA,NA,NA
"D","DISPATCH","UNIT_SCADA",1,"2018/06/01 01:30:00","BUTLERSG","9.199999",NA,NA,NA
"D","DISPATCH","UNIT_SCADA",1,"2018/06/01 01:30:00","CALL_A_4","0",NA,NA,NA
"D","DISPATCH","UNIT_SCADA",1,"2018/06/01 01:30:00","CAPTL_WF","52.559998",NA,NA,NA
"D","DISPATCH","UNIT_SCADA",1,"2018/06/01 01:30:00","CATHROCK","42.829998",NA,NA,NA
"D","DISPATCH","UNIT_SCADA",1,"2018/06/01 01:30:00","CHALLHWF","10.60",NA,NA,NA
"D","DISPATCH","UNIT_SCADA",1,"2018/06/01 01:30:00","CLOVER","0",NA,NA,NA
"D","DISPATCH","UNIT_SCADA",1,"2018/06/01 01:30:00","CLUNY","9.100939",NA,NA,NA
"D","DISPATCH","UNIT_SCADA",1,"2018/06/01 01:30:00","CNUNDAWF","2.202569",NA,NA,NA
"D","DISPATCH","UNIT_SCADA",1,"2018/06/01 01:30:00","CULLRGWF","17.65",NA,NA,NA
"D","DISPATCH","UNIT_SCADA",1,"2018/06/01 01:30:00","ERGT01","0",NA,NA,NA
"D","DISPATCH","UNIT_SCADA",1,"2018/06/01 01:30:00","GB01","0.053654",NA,NA,NA
"D","DISPATCH","UNIT_SCADA",1,"2018/06/01 01:30:00","GERMCRK","33",NA,NA,NA
"D","DISPATCH","UNIT_SCADA",1,"2018/06/01 01:30:00","GRIFSF1","0",NA,NA,NA
"D","DISPATCH","UNIT_SCADA",1,"2018/06/01 01:30:00","HUGSF1","-0.0130",NA,NA,NA
"D","DISPATCH","UNIT_SCADA",1,"2018/06/01 01:30:00","INVICTA","0",NA,NA,NA
"D","DISPATCH","UNIT_SCADA",1,"2018/06/01 01:30:00","LKBONNY1","4.108231",NA,NA,NA
"D","DISPATCH","UNIT_SCADA",1,"2018/06/01 01:30:00","LRSF1","0.01",NA,NA,NA
"D","DISPATCH","UNIT_SCADA",1,"2018/06/01 01:30:00","MBAHNTH","40.931244",NA,NA,NA
"D","DISPATCH","UNIT_SCADA",1,"2018/06/01 01:30:00","MLSP1","0.370001",NA,NA,NA
"D","DISPATCH","UNIT_SCADA",1,"2018/06/01 01:30:00","MLWF1","3.12",NA,NA,NA
"D","DISPATCH","UNIT_SCADA",1,"2018/06/01 01:30:00","MTMILLAR","49.827023",NA,NA,NA
"D","DISPATCH","UNIT_SCADA",1,"2018/06/01 01:30:00","PALOONA","12.88",NA,NA,NA
"D","DISPATCH","UNIT_SCADA",1,"2018/06/01 01:30:00","PIONEER","-0.90",NA,NA,NA
"D","DISPATCH","UNIT_SCADA",1,"2018/06/01 01:30:00","PORTWF","31.40",NA,NA,NA
"D","DISPATCH","UNIT_SCADA",1,"2018/06/01 01:30:00","REPULSE","0",NA,NA,NA
"D","DISPATCH","UNIT_SCADA",1,"2018/06/01 01:30:00","ROWALLAN","6.5462",NA,NA,NA
"D","DISPATCH","UNIT_SCADA",1,"2018/06/01 01:30:00","ROYALLA1","0",NA,NA,NA
"D","DISPATCH","UNIT_SCADA",1,"2018/06/01 01:30:00","RPCG","-0.30",NA,NA,NA
"D","DISPATCH","UNIT_SCADA",1,"2018/06/01 01:30:00","RUBICON","0",NA,NA,NA
"D","DISPATCH","UNIT_SCADA",1,"2018/06/01 01:30:00","SMCSF1","0",NA,NA,NA
"D","DISPATCH","UNIT_SCADA",1,"2018/06/01 01:30:00","STARHLWF","13.795977",NA,NA,NA
"D","DISPATCH","UNIT_SCADA",1,"2018/06/01 01:30:00","WAUBRAWF","61.078999",NA,NA,NA
"D","DISPATCH","UNIT_SCADA",1,"2018/06/01 01:30:00","WOOLNTH1","4.150015",NA,NA,NA
"D","DISPATCH","UNIT_SCADA",1,"2018/06/01 01:30:00","WPWF","47",NA,NA,NA
"D","DISPATCH","UNIT_SCADA",1,"2018/06/01 01:30:00","YAMBUKWF","5.40",NA,NA,NA
"D","DISPATCH","UNIT_SCADA",1,"2018/06/01 01:30:00","YSWF1","2.90",NA,NA,NA
"D","DISPATCH","UNIT_SCADA",1,"2018/06/01 01:40:00","BARCSF1","0.50",NA,NA,NA
"D","DISPATCH","UNIT_SCADA",1,"2018/06/01 01:40:00","BUTLERSG","9.199999",NA,NA,NA
"D","DISPATCH","UNIT_SCADA",1,"2018/06/01 01:40:00","CALL_A_4","0",NA,NA,NA
"D","DISPATCH","UNIT_SCADA",1,"2018/06/01 01:40:00","CAPTL_WF","58.984001",NA,NA,NA
"D","DISPATCH","UNIT_SCADA",1,"2018/06/01 01:40:00","CATHROCK","44.909996",NA,NA,NA
"D","DISPATCH","UNIT_SCADA",1,"2018/06/01 01:40:00","CHALLHWF","11.60",NA,NA,NA
"D","DISPATCH","UNIT_SCADA",1,"2018/06/01 01:40:00","CLOVER","-0.01",NA,NA,NA
"D","DISPATCH","UNIT_SCADA",1,"2018/06/01 01:40:00","CLUNY","9.124743",NA,NA,NA
"D","DISPATCH","UNIT_SCADA",1,"2018/06/01 01:40:00","CNUNDAWF","1.802102",NA,NA,NA
"D","DISPATCH","UNIT_SCADA",1,"2018/06/01 01:40:00","CULLRGWF","21.23",NA,NA,NA
"D","DISPATCH","UNIT_SCADA",1,"2018/06/01 01:40:00","ERGT01","0",NA,NA,NA
"D","DISPATCH","UNIT_SCADA",1,"2018/06/01 01:40:00","GB01","0.054909",NA,NA,NA
"D","DISPATCH","UNIT_SCADA",1,"2018/06/01 01:40:00","GERMCRK","31.200001",NA,NA,NA
"D","DISPATCH","UNIT_SCADA",1,"2018/06/01 01:40:00","GRIFSF1","0",NA,NA,NA
"D","DISPATCH","UNIT_SCADA",1,"2018/06/01 01:40:00","HUGSF1","-0.0130",NA,NA,NA
"D","DISPATCH","UNIT_SCADA",1,"2018/06/01 01:40:00","INVICTA","0",NA,NA,NA
"D","DISPATCH","UNIT_SCADA",1,"2018/06/01 01:40:00","LKBONNY1","4.286849",NA,NA,NA
"D","DISPATCH","UNIT_SCADA",1,"2018/06/01 01:40:00","LRSF1","0.01",NA,NA,NA
"D","DISPATCH","UNIT_SCADA",1,"2018/06/01 01:40:00","MBAHNTH","43.556259",NA,NA,NA
"D","DISPATCH","UNIT_SCADA",1,"2018/06/01 01:40:00","MLSP1","0.370001",NA,NA,NA
"D","DISPATCH","UNIT_SCADA",1,"2018/06/01 01:40:00","MLWF1","3.4350",NA,NA,NA
"D","DISPATCH","UNIT_SCADA",1,"2018/06/01 01:40:00","MTMILLAR","46.962116",NA,NA,NA
"D","DISPATCH","UNIT_SCADA",1,"2018/06/01 01:40:00","PALOONA","12.88",NA,NA,NA
"D","DISPATCH","UNIT_SCADA",1,"2018/06/01 01:40:00","PIONEER","-0.90",NA,NA,NA
"D","DISPATCH","UNIT_SCADA",1,"2018/06/01 01:40:00","PORTWF","33.299999",NA,NA,NA
"D","DISPATCH","UNIT_SCADA",1,"2018/06/01 01:40:00","REPULSE","0",NA,NA,NA
"D","DISPATCH","UNIT_SCADA",1,"2018/06/01 01:40:00","ROWALLAN","6.6456",NA,NA,NA
"D","DISPATCH","UNIT_SCADA",1,"2018/06/01 01:40:00","ROYALLA1","0",NA,NA,NA
"D","DISPATCH","UNIT_SCADA",1,"2018/06/01 01:40:00","RPCG","-0.30",NA,NA,NA
"D","DISPATCH","UNIT_SCADA",1,"2018/06/01 01:40:00","RUBICON","0",NA,NA,NA
"D","DISPATCH","UNIT_SCADA",1,"2018/06/01 01:40:00","SMCSF1","0",NA,NA,NA
"D","DISPATCH","UNIT_SCADA",1,"2018/06/01 01:40:00","STARHLWF","14.395802",NA,NA,NA
"D","DISPATCH","UNIT_SCADA",1,"2018/06/01 01:40:00","WAUBRAWF","51.730999",NA,NA,NA
"D","DISPATCH","UNIT_SCADA",1,"2018/06/01 01:40:00","WOOLNTH1","3.950015",NA,NA,NA
"D","DISPATCH","UNIT_SCADA",1,"2018/06/01 01:40:00","WPWF","47",NA,NA,NA
"D","DISPATCH","UNIT_SCADA",1,"2018/06/01 01:40:00","YAMBUKWF","6.90",NA,NA,NA
"D","DISPATCH","UNIT_SCADA",1,"2018/06/01 01:40:00","YSWF1","2.20",NA,NA,NA
"D","DISPATCH","UNIT_SCADA",1,"2018/06/01 01:45:00","BARCSF1","0.50",NA,NA,NA
"D","DISPATCH","UNIT_SCADA",1,"2018/06/01 01:45:00","BUTLERSG","9.199999",NA,NA,NA
"D","DISPATCH","UNIT_SCADA",1,"2018/06/01 01:45:00","CALL_A_4","0",NA,NA,NA
"D","DISPATCH","UNIT_SCADA",1,"2018/06/01 01:45:00","CAPTL_WF","65.803993",NA,NA,NA
"D","DISPATCH","UNIT_SCADA",1,"2018/06/01 01:45:00","CATHROCK","44.729996",NA,NA,NA
"D","DISPATCH","UNIT_SCADA",1,"2018/06/01 01:45:00","CHALLHWF","12.10",NA,NA,NA
"D","DISPATCH","UNIT_SCADA",1,"2018/06/01 01:45:00","CLOVER","-0.01",NA,NA,NA
"D","DISPATCH","UNIT_SCADA",1,"2018/06/01 01:45:00","CLUNY","9.100939",NA,NA,NA
"D","DISPATCH","UNIT_SCADA",1,"2018/06/01 01:45:00","CNUNDAWF","1.401635",NA,NA,NA
"D","DISPATCH","UNIT_SCADA",1,"2018/06/01 01:45:00","CULLRGWF","25.370001",NA,NA,NA
"D","DISPATCH","UNIT_SCADA",1,"2018/06/01 01:45:00","ERGT01","0",NA,NA,NA
"D","DISPATCH","UNIT_SCADA",1,"2018/06/01 01:45:00","GB01","0.054909",NA,NA,NA
"D","DISPATCH","UNIT_SCADA",1,"2018/06/01 01:45:00","GERMCRK","32.599998",NA,NA,NA
"D","DISPATCH","UNIT_SCADA",1,"2018/06/01 01:45:00","GRIFSF1","0",NA,NA,NA
"D","DISPATCH","UNIT_SCADA",1,"2018/06/01 01:45:00","HUGSF1","-0.0130",NA,NA,NA
"D","DISPATCH","UNIT_SCADA",1,"2018/06/01 01:45:00","INVICTA","0",NA,NA,NA
"D","DISPATCH","UNIT_SCADA",1,"2018/06/01 01:45:00","LKBONNY1","4.554778",NA,NA,NA
"D","DISPATCH","UNIT_SCADA",1,"2018/06/01 01:45:00","LRSF1","0.01",NA,NA,NA
"D","DISPATCH","UNIT_SCADA",1,"2018/06/01 01:45:00","MBAHNTH","43.556259",NA,NA,NA
"D","DISPATCH","UNIT_SCADA",1,"2018/06/01 01:45:00","MLSP1","0.370001",NA,NA,NA
"D","DISPATCH","UNIT_SCADA",1,"2018/06/01 01:45:00","MLWF1","2.8050",NA,NA,NA
"D","DISPATCH","UNIT_SCADA",1,"2018/06/01 01:45:00","MTMILLAR","45.272938",NA,NA,NA
"D","DISPATCH","UNIT_SCADA",1,"2018/06/01 01:45:00","PALOONA","12.82",NA,NA,NA
"D","DISPATCH","UNIT_SCADA",1,"2018/06/01 01:45:00","PIONEER","-0.90",NA,NA,NA
"D","DISPATCH","UNIT_SCADA",1,"2018/06/01 01:45:00","PORTWF","33.400002",NA,NA,NA
"D","DISPATCH","UNIT_SCADA",1,"2018/06/01 01:45:00","REPULSE","0",NA,NA,NA
"D","DISPATCH","UNIT_SCADA",1,"2018/06/01 01:45:00","ROWALLAN","6.6172",NA,NA,NA
"D","DISPATCH","UNIT_SCADA",1,"2018/06/01 01:45:00","ROYALLA1","0",NA,NA,NA
"D","DISPATCH","UNIT_SCADA",1,"2018/06/01 01:45:00","RPCG","-0.30",NA,NA,NA
"D","DISPATCH","UNIT_SCADA",1,"2018/06/01 01:45:00","RUBICON","0",NA,NA,NA
"D","DISPATCH","UNIT_SCADA",1,"2018/06/01 01:45:00","SMCSF1","0",NA,NA,NA
"D","DISPATCH","UNIT_SCADA",1,"2018/06/01 01:45:00","STARHLWF","13.895947",NA,NA,NA
"D","DISPATCH","UNIT_SCADA",1,"2018/06/01 01:45:00","WAUBRAWF","47.692001",NA,NA,NA
"D","DISPATCH","UNIT_SCADA",1,"2018/06/01 01:45:00","WOOLNTH1","3.810015",NA,NA,NA
"D","DISPATCH","UNIT_SCADA",1,"2018/06/01 01:45:00","WPWF","45",NA,NA,NA
"D","DISPATCH","UNIT_SCADA",1,"2018/06/01 01:45:00","YAMBUKWF","7.60",NA,NA,NA
"D","DISPATCH","UNIT_SCADA",1,"2018/06/01 01:45:00","YSWF1","2.60",NA,NA,NA
"D","DISPATCH","UNIT_SCADA",1,"2018/06/01 01:50:00","BARCSF1","0.50",NA,NA,NA
"D","DISPATCH","UNIT_SCADA",1,"2018/06/01 01:50:00","BUTLERSG","9.199999",NA,NA,NA
"D","DISPATCH","UNIT_SCADA",1,"2018/06/01 01:50:00","CALL_A_4","0",NA,NA,NA
"D","DISPATCH","UNIT_SCADA",1,"2018/06/01 01:50:00","CAPTL_WF","71.179993",NA,NA,NA
"D","DISPATCH","UNIT_SCADA",1,"2018/06/01 01:50:00","CATHROCK","44.729996",NA,NA,NA
"D","DISPATCH","UNIT_SCADA",1,"2018/06/01 01:50:00","CHALLHWF","12.70",NA,NA,NA
"D","DISPATCH","UNIT_SCADA",1,"2018/06/01 01:50:00","CLOVER","-0.01",NA,NA,NA
"D","DISPATCH","UNIT_SCADA",1,"2018/06/01 01:50:00","CLUNY","9.091783",NA,NA,NA
"D","DISPATCH","UNIT_SCADA",1,"2018/06/01 01:50:00","CNUNDAWF","1.802102",NA,NA,NA
"D","DISPATCH","UNIT_SCADA",1,"2018/06/01 01:50:00","CULLRGWF","22.940001",NA,NA,NA
"D","DISPATCH","UNIT_SCADA",1,"2018/06/01 01:50:00","ERGT01","0",NA,NA,NA
"D","DISPATCH","UNIT_SCADA",1,"2018/06/01 01:50:00","GB01","0.054909",NA,NA,NA
"D","DISPATCH","UNIT_SCADA",1,"2018/06/01 01:50:00","GERMCRK","33.400002",NA,NA,NA
"D","DISPATCH","UNIT_SCADA",1,"2018/06/01 01:50:00","GRIFSF1","0",NA,NA,NA
"D","DISPATCH","UNIT_SCADA",1,"2018/06/01 01:50:00","HUGSF1","-0.0130",NA,NA,NA
"D","DISPATCH","UNIT_SCADA",1,"2018/06/01 01:50:00","INVICTA","0",NA,NA,NA
"D","DISPATCH","UNIT_SCADA",1,"2018/06/01 01:50:00","LKBONNY1","4.376159",NA,NA,NA
"D","DISPATCH","UNIT_SCADA",1,"2018/06/01 01:50:00","LRSF1","0.01",NA,NA,NA
"D","DISPATCH","UNIT_SCADA",1,"2018/06/01 01:50:00","MBAHNTH","41.137497",NA,NA,NA
"D","DISPATCH","UNIT_SCADA",1,"2018/06/01 01:50:00","MLSP1","0.370001",NA,NA,NA
"D","DISPATCH","UNIT_SCADA",1,"2018/06/01 01:50:00","MLWF1","2.9250",NA,NA,NA
"D","DISPATCH","UNIT_SCADA",1,"2018/06/01 01:50:00","MTMILLAR","45.272938",NA,NA,NA
"D","DISPATCH","UNIT_SCADA",1,"2018/06/01 01:50:00","PALOONA","12.82",NA,NA,NA
"D","DISPATCH","UNIT_SCADA",1,"2018/06/01 01:50:00","PIONEER","-0.90",NA,NA,NA
"D","DISPATCH","UNIT_SCADA",1,"2018/06/01 01:50:00","PORTWF","34.200001",NA,NA,NA
"D","DISPATCH","UNIT_SCADA",1,"2018/06/01 01:50:00","REPULSE","0",NA,NA,NA
"D","DISPATCH","UNIT_SCADA",1,"2018/06/01 01:50:00","ROWALLAN","6.4113",NA,NA,NA
"D","DISPATCH","UNIT_SCADA",1,"2018/06/01 01:50:00","ROYALLA1","0",NA,NA,NA
"D","DISPATCH","UNIT_SCADA",1,"2018/06/01 01:50:00","RPCG","-0.30",NA,NA,NA
"D","DISPATCH","UNIT_SCADA",1,"2018/06/01 01:50:00","RUBICON","0",NA,NA,NA
"D","DISPATCH","UNIT_SCADA",1,"2018/06/01 01:50:00","SMCSF1","0",NA,NA,NA
"D","DISPATCH","UNIT_SCADA",1,"2018/06/01 01:50:00","STARHLWF","13.895947",NA,NA,NA
"D","DISPATCH","UNIT_SCADA",1,"2018/06/01 01:50:00","WAUBRAWF","47.470001",NA,NA,NA
"D","DISPATCH","UNIT_SCADA",1,"2018/06/01 01:50:00","WOOLNTH1","4.790015",NA,NA,NA
"D","DISPATCH","UNIT_SCADA",1,"2018/06/01 01:50:00","WPWF","45",NA,NA,NA
"D","DISPATCH","UNIT_SCADA",1,"2018/06/01 01:50:00","YAMBUKWF","7.30",NA,NA,NA
"D","DISPATCH","UNIT_SCADA",1,"2018/06/01 01:50:00","YSWF1","2.80",NA,NA,NA
"D","DISPATCH","UNIT_SCADA",1,"2018/06/01 01:55:00","BARCSF1","0.50",NA,NA,NA
"D","DISPATCH","UNIT_SCADA",1,"2018/06/01 01:55:00","BUTLERSG","9.199999",NA,NA,NA
"D","DISPATCH","UNIT_SCADA",1,"2018/06/01 01:55:00","CALL_A_4","0",NA,NA,NA
"D","DISPATCH","UNIT_SCADA",1,"2018/06/01 01:55:00","CAPTL_WF","72.811996",NA,NA,NA
"D","DISPATCH","UNIT_SCADA",1,"2018/06/01 01:55:00","CATHROCK","42.799999",NA,NA,NA
"D","DISPATCH","UNIT_SCADA",1,"2018/06/01 01:55:00","CHALLHWF","12.40",NA,NA,NA
"D","DISPATCH","UNIT_SCADA",1,"2018/06/01 01:55:00","CLOVER","-0.01",NA,NA,NA
"D","DISPATCH","UNIT_SCADA",1,"2018/06/01 01:55:00","CLUNY","9.091783",NA,NA,NA
"D","DISPATCH","UNIT_SCADA",1,"2018/06/01 01:55:00","CNUNDAWF","2.202569",NA,NA,NA
"D","DISPATCH","UNIT_SCADA",1,"2018/06/01 01:55:00","CULLRGWF","23.10",NA,NA,NA
"D","DISPATCH","UNIT_SCADA",1,"2018/06/01 01:55:00","ERGT01","0",NA,NA,NA
"D","DISPATCH","UNIT_SCADA",1,"2018/06/01 01:55:00","GB01","0.054909",NA,NA,NA
"D","DISPATCH","UNIT_SCADA",1,"2018/06/01 01:55:00","GERMCRK","33.299999",NA,NA,NA
"D","DISPATCH","UNIT_SCADA",1,"2018/06/01 01:55:00","GRIFSF1","0",NA,NA,NA
"D","DISPATCH","UNIT_SCADA",1,"2018/06/01 01:55:00","HUGSF1","-0.0130",NA,NA,NA
"D","DISPATCH","UNIT_SCADA",1,"2018/06/01 01:55:00","INVICTA","0",NA,NA,NA
"D","DISPATCH","UNIT_SCADA",1,"2018/06/01 01:55:00","LKBONNY1","3.840303",NA,NA,NA
"D","DISPATCH","UNIT_SCADA",1,"2018/06/01 01:55:00","LRSF1","0.01",NA,NA,NA
"D","DISPATCH","UNIT_SCADA",1,"2018/06/01 01:55:00","MBAHNTH","43.1250",NA,NA,NA
"D","DISPATCH","UNIT_SCADA",1,"2018/06/01 01:55:00","PALOONA","12.82",NA,NA,NA
"D","DISPATCH","UNIT_SCADA",1,"2018/06/01 01:55:00","MLSP1","0.370001",NA,NA,NA
"D","DISPATCH","UNIT_SCADA",1,"2018/06/01 01:55:00","MLWF1","2.91",NA,NA,NA
"D","DISPATCH","UNIT_SCADA",1,"2018/06/01 01:55:00","MTMILLAR","45.310146",NA,NA,NA
"D","DISPATCH","UNIT_SCADA",1,"2018/06/01 01:55:00","PIONEER","-0.90",NA,NA,NA
"D","DISPATCH","UNIT_SCADA",1,"2018/06/01 01:55:00","PORTWF","34.299999",NA,NA,NA
"D","DISPATCH","UNIT_SCADA",1,"2018/06/01 01:55:00","REPULSE","0",NA,NA,NA
"D","DISPATCH","UNIT_SCADA",1,"2018/06/01 01:55:00","ROWALLAN","6.4468",NA,NA,NA
"D","DISPATCH","UNIT_SCADA",1,"2018/06/01 01:55:00","ROYALLA1","0",NA,NA,NA
"D","DISPATCH","UNIT_SCADA",1,"2018/06/01 01:55:00","RPCG","-0.30",NA,NA,NA
"D","DISPATCH","UNIT_SCADA",1,"2018/06/01 01:55:00","RUBICON","0",NA,NA,NA
"D","DISPATCH","UNIT_SCADA",1,"2018/06/01 01:55:00","SMCSF1","0",NA,NA,NA
"D","DISPATCH","UNIT_SCADA",1,"2018/06/01 01:55:00","STARHLWF","12.196444",NA,NA,NA
"D","DISPATCH","UNIT_SCADA",1,"2018/06/01 01:55:00","WAUBRAWF","48.342999",NA,NA,NA
"D","DISPATCH","UNIT_SCADA",1,"2018/06/01 01:55:00","WOOLNTH1","5.530015",NA,NA,NA
"D","DISPATCH","UNIT_SCADA",1,"2018/06/01 01:55:00","WPWF","46",NA,NA,NA
"D","DISPATCH","UNIT_SCADA",1,"2018/06/01 01:55:00","YAMBUKWF","8.50",NA,NA,NA
"D","DISPATCH","UNIT_SCADA",1,"2018/06/01 01:55:00","YSWF1","2.70",NA,NA,NA
"D","DISPATCH","UNIT_SCADA",1,"2018/06/01 02:00:00","BARCSF1","0.50",NA,NA,NA
"D","DISPATCH","UNIT_SCADA",1,"2018/06/01 02:00:00","BUTLERSG","9.199999",NA,NA,NA
"D","DISPATCH","UNIT_SCADA",1,"2018/06/01 02:00:00","CALL_A_4","0",NA,NA,NA
"D","DISPATCH","UNIT_SCADA",1,"2018/06/01 02:00:00","CAPTL_WF","69.012001",NA,NA,NA
"D","DISPATCH","UNIT_SCADA",1,"2018/06/01 02:00:00","CATHROCK","42.859997",NA,NA,NA
"D","DISPATCH","UNIT_SCADA",1,"2018/06/01 02:00:00","CHALLHWF","10",NA,NA,NA
"D","DISPATCH","UNIT_SCADA",1,"2018/06/01 02:00:00","CLOVER","-0.01",NA,NA,NA
"D","DISPATCH","UNIT_SCADA",1,"2018/06/01 02:00:00","CLUNY","9.072556",NA,NA,NA
"D","DISPATCH","UNIT_SCADA",1,"2018/06/01 02:00:00","CNUNDAWF","2.603037",NA,NA,NA
"D","DISPATCH","UNIT_SCADA",1,"2018/06/01 02:00:00","CULLRGWF","21.58",NA,NA,NA
"D","DISPATCH","UNIT_SCADA",1,"2018/06/01 02:00:00","ERGT01","0",NA,NA,NA
"D","DISPATCH","UNIT_SCADA",1,"2018/06/01 02:00:00","GB01","0.054909",NA,NA,NA
"D","DISPATCH","UNIT_SCADA",1,"2018/06/01 02:00:00","GERMCRK","32.900002",NA,NA,NA
"D","DISPATCH","UNIT_SCADA",1,"2018/06/01 02:00:00","GRIFSF1","0",NA,NA,NA
"D","DISPATCH","UNIT_SCADA",1,"2018/06/01 02:00:00","HUGSF1","-0.0130",NA,NA,NA
"D","DISPATCH","UNIT_SCADA",1,"2018/06/01 02:00:00","INVICTA","0",NA,NA,NA
"D","DISPATCH","UNIT_SCADA",1,"2018/06/01 02:00:00","LKBONNY1","3.215137",NA,NA,NA
"D","DISPATCH","UNIT_SCADA",1,"2018/06/01 02:00:00","LRSF1","0.01",NA,NA,NA
"D","DISPATCH","UNIT_SCADA",1,"2018/06/01 02:00:00","MBAHNTH","43.1250",NA,NA,NA
"D","DISPATCH","UNIT_SCADA",1,"2018/06/01 02:00:00","MLSP1","0.370001",NA,NA,NA
"D","DISPATCH","UNIT_SCADA",1,"2018/06/01 02:00:00","MLWF1","2.3850",NA,NA,NA
"D","DISPATCH","UNIT_SCADA",1,"2018/06/01 02:00:00","MTMILLAR","45.198524",NA,NA,NA
"D","DISPATCH","UNIT_SCADA",1,"2018/06/01 02:00:00","PALOONA","12.82",NA,NA,NA
"D","DISPATCH","UNIT_SCADA",1,"2018/06/01 02:00:00","PIONEER","-0.90",NA,NA,NA
"D","DISPATCH","UNIT_SCADA",1,"2018/06/01 02:00:00","PORTWF","33.599998",NA,NA,NA
"D","DISPATCH","UNIT_SCADA",1,"2018/06/01 02:00:00","REPULSE","0",NA,NA,NA
"D","DISPATCH","UNIT_SCADA",1,"2018/06/01 02:00:00","ROWALLAN","6.7024",NA,NA,NA
"D","DISPATCH","UNIT_SCADA",1,"2018/06/01 02:00:00","ROYALLA1","0",NA,NA,NA
"D","DISPATCH","UNIT_SCADA",1,"2018/06/01 02:00:00","RPCG","-0.30",NA,NA,NA
"D","DISPATCH","UNIT_SCADA",1,"2018/06/01 02:00:00","RUBICON","0",NA,NA,NA
"D","DISPATCH","UNIT_SCADA",1,"2018/06/01 02:00:00","SMCSF1","0",NA,NA,NA
"D","DISPATCH","UNIT_SCADA",1,"2018/06/01 02:00:00","STARHLWF","11.896531",NA,NA,NA
"D","DISPATCH","UNIT_SCADA",1,"2018/06/01 02:00:00","WAUBRAWF","52.268002",NA,NA,NA
"D","DISPATCH","UNIT_SCADA",1,"2018/06/01 02:00:00","WOOLNTH1","4.570015",NA,NA,NA
"D","DISPATCH","UNIT_SCADA",1,"2018/06/01 02:00:00","WPWF","43",NA,NA,NA
"D","DISPATCH","UNIT_SCADA",1,"2018/06/01 02:00:00","YAMBUKWF","8.50",NA,NA,NA
"D","DISPATCH","UNIT_SCADA",1,"2018/06/01 02:00:00","YSWF1","3.50",NA,NA,NA
"D","DISPATCH","UNIT_SCADA",1,"2018/06/01 02:05:00","BARCSF1","0.50",NA,NA,NA
"D","DISPATCH","UNIT_SCADA",1,"2018/06/01 02:05:00","BUTLERSG","9.199999",NA,NA,NA
"D","DISPATCH","UNIT_SCADA",1,"2018/06/01 02:05:00","CALL_A_4","0",NA,NA,NA
"D","DISPATCH","UNIT_SCADA",1,"2018/06/01 02:05:00","CAPTL_WF","79.947998",NA,NA,NA
"D","DISPATCH","UNIT_SCADA",1,"2018/06/01 02:05:00","CATHROCK","42.859997",NA,NA,NA
"D","DISPATCH","UNIT_SCADA",1,"2018/06/01 02:20:00","BARCSF1","0.50",NA,NA,NA
"D","DISPATCH","UNIT_SCADA",1,"2018/06/01 02:20:00","BUTLERSG","9.199999",NA,NA,NA
"D","DISPATCH","UNIT_SCADA",1,"2018/06/01 02:20:00","CALL_A_4","0",NA,NA,NA
"D","DISPATCH","UNIT_SCADA",1,"2018/06/01 02:20:00","CAPTL_WF","76.552002",NA,NA,NA
"D","DISPATCH","UNIT_SCADA",1,"2018/06/01 02:20:00","CATHROCK","42.809998",NA,NA,NA
"D","DISPATCH","UNIT_SCADA",1,"2018/06/01 02:20:00","CHALLHWF","7.60",NA,NA,NA
"D","DISPATCH","UNIT_SCADA",1,"2018/06/01 02:20:00","CLOVER","-0.01",NA,NA,NA
"D","DISPATCH","UNIT_SCADA",1,"2018/06/01 02:20:00","CLUNY","9.100939",NA,NA,NA
"D","DISPATCH","UNIT_SCADA",1,"2018/06/01 02:20:00","CNUNDAWF","2.202569",NA,NA,NA
"D","DISPATCH","UNIT_SCADA",1,"2018/06/01 02:20:00","CULLRGWF","21.129999",NA,NA,NA
"D","DISPATCH","UNIT_SCADA",1,"2018/06/01 02:20:00","ERGT01","0",NA,NA,NA
"D","DISPATCH","UNIT_SCADA",1,"2018/06/01 02:20:00","GB01","0.054909",NA,NA,NA
"D","DISPATCH","UNIT_SCADA",1,"2018/06/01 02:20:00","GERMCRK","32.900002",NA,NA,NA
"D","DISPATCH","UNIT_SCADA",1,"2018/06/01 02:20:00","GRIFSF1","0",NA,NA,NA
"D","DISPATCH","UNIT_SCADA",1,"2018/06/01 02:20:00","HUGSF1","-0.0130",NA,NA,NA
"D","DISPATCH","UNIT_SCADA",1,"2018/06/01 02:20:00","INVICTA","0",NA,NA,NA
"D","DISPATCH","UNIT_SCADA",1,"2018/06/01 02:20:00","LKBONNY1","3.036518",NA,NA,NA
"D","DISPATCH","UNIT_SCADA",1,"2018/06/01 02:20:00","LRSF1","0.01",NA,NA,NA
"D","DISPATCH","UNIT_SCADA",1,"2018/06/01 02:20:00","MBAHNTH","43.1250",NA,NA,NA
"D","DISPATCH","UNIT_SCADA",1,"2018/06/01 02:20:00","MLSP1","0.370001",NA,NA,NA
"D","DISPATCH","UNIT_SCADA",1,"2018/06/01 02:20:00","MLWF1","1.7550",NA,NA,NA
"D","DISPATCH","UNIT_SCADA",1,"2018/06/01 02:20:00","MTMILLAR","45.451530",NA,NA,NA
"D","DISPATCH","UNIT_SCADA",1,"2018/06/01 02:20:00","PALOONA","12.82",NA,NA,NA
"D","DISPATCH","UNIT_SCADA",1,"2018/06/01 02:20:00","PIONEER","-0.90",NA,NA,NA
"D","DISPATCH","UNIT_SCADA",1,"2018/06/01 02:20:00","PORTWF","28.10",NA,NA,NA
"D","DISPATCH","UNIT_SCADA",1,"2018/06/01 02:20:00","REPULSE","0",NA,NA,NA
"D","DISPATCH","UNIT_SCADA",1,"2018/06/01 02:20:00","ROWALLAN","6.4539",NA,NA,NA
"D","DISPATCH","UNIT_SCADA",1,"2018/06/01 02:20:00","ROYALLA1","0",NA,NA,NA
"D","DISPATCH","UNIT_SCADA",1,"2018/06/01 02:20:00","RPCG","-0.30",NA,NA,NA
"D","DISPATCH","UNIT_SCADA",1,"2018/06/01 02:20:00","RUBICON","0",NA,NA,NA
"D","DISPATCH","UNIT_SCADA",1,"2018/06/01 02:20:00","SMCSF1","0",NA,NA,NA
"D","DISPATCH","UNIT_SCADA",1,"2018/06/01 02:20:00","STARHLWF","9.397260",NA,NA,NA
"D","DISPATCH","UNIT_SCADA",1,"2018/06/01 02:20:00","WAUBRAWF","48.5340",NA,NA,NA
"D","DISPATCH","UNIT_SCADA",1,"2018/06/01 02:20:00","WOOLNTH1","3.730016",NA,NA,NA
"D","DISPATCH","UNIT_SCADA",1,"2018/06/01 02:20:00","WPWF","45",NA,NA,NA
"D","DISPATCH","UNIT_SCADA",1,"2018/06/01 02:20:00","YAMBUKWF","11.20",NA,NA,NA
"D","DISPATCH","UNIT_SCADA",1,"2018/06/01 02:20:00","YSWF1","2.80",NA,NA,NA
"D","DISPATCH","UNIT_SCADA",1,"2018/06/01 02:05:00","CHALLHWF","8.90",NA,NA,NA
"D","DISPATCH","UNIT_SCADA",1,"2018/06/01 02:05:00","CLOVER","-0.01",NA,NA,NA
"D","DISPATCH","UNIT_SCADA",1,"2018/06/01 02:05:00","CLUNY","9.053330",NA,NA,NA
"D","DISPATCH","UNIT_SCADA",1,"2018/06/01 02:05:00","CNUNDAWF","2.603037",NA,NA,NA
"D","DISPATCH","UNIT_SCADA",1,"2018/06/01 02:05:00","CULLRGWF","21.959999",NA,NA,NA
"D","DISPATCH","UNIT_SCADA",1,"2018/06/01 02:05:00","ERGT01","0",NA,NA,NA
"D","DISPATCH","UNIT_SCADA",1,"2018/06/01 02:05:00","GB01","0.054909",NA,NA,NA
"D","DISPATCH","UNIT_SCADA",1,"2018/06/01 02:05:00","GERMCRK","33.099998",NA,NA,NA
"D","DISPATCH","UNIT_SCADA",1,"2018/06/01 02:05:00","GRIFSF1","0",NA,NA,NA
"D","DISPATCH","UNIT_SCADA",1,"2018/06/01 02:05:00","HUGSF1","-0.0130",NA,NA,NA
"D","DISPATCH","UNIT_SCADA",1,"2018/06/01 02:05:00","INVICTA","0",NA,NA,NA
"D","DISPATCH","UNIT_SCADA",1,"2018/06/01 02:05:00","LKBONNY1","3.393756",NA,NA,NA
"D","DISPATCH","UNIT_SCADA",1,"2018/06/01 02:05:00","LRSF1","0.01",NA,NA,NA
"D","DISPATCH","UNIT_SCADA",1,"2018/06/01 02:05:00","MBAHNTH","43.1250",NA,NA,NA
"D","DISPATCH","UNIT_SCADA",1,"2018/06/01 02:05:00","MLSP1","0.370001",NA,NA,NA
"D","DISPATCH","UNIT_SCADA",1,"2018/06/01 02:05:00","MLWF1","2.28",NA,NA,NA
"D","DISPATCH","UNIT_SCADA",1,"2018/06/01 02:05:00","MTMILLAR","44.417187",NA,NA,NA
"D","DISPATCH","UNIT_SCADA",1,"2018/06/01 02:05:00","PALOONA","12.82",NA,NA,NA
"D","DISPATCH","UNIT_SCADA",1,"2018/06/01 02:05:00","PIONEER","-0.90",NA,NA,NA
"D","DISPATCH","UNIT_SCADA",1,"2018/06/01 02:05:00","PORTWF","31.90",NA,NA,NA
"D","DISPATCH","UNIT_SCADA",1,"2018/06/01 02:05:00","REPULSE","0",NA,NA,NA
"D","DISPATCH","UNIT_SCADA",1,"2018/06/01 02:05:00","ROWALLAN","6.5746",NA,NA,NA
"D","DISPATCH","UNIT_SCADA",1,"2018/06/01 02:05:00","ROYALLA1","0",NA,NA,NA
"D","DISPATCH","UNIT_SCADA",1,"2018/06/01 02:05:00","RPCG","-0.30",NA,NA,NA
"D","DISPATCH","UNIT_SCADA",1,"2018/06/01 02:05:00","RUBICON","0",NA,NA,NA
"D","DISPATCH","UNIT_SCADA",1,"2018/06/01 02:05:00","SMCSF1","0",NA,NA,NA
"D","DISPATCH","UNIT_SCADA",1,"2018/06/01 02:05:00","STARHLWF","10.996794",NA,NA,NA
"D","DISPATCH","UNIT_SCADA",1,"2018/06/01 02:05:00","WAUBRAWF","51.0350",NA,NA,NA
"D","DISPATCH","UNIT_SCADA",1,"2018/06/01 02:05:00","WOOLNTH1","4.690015",NA,NA,NA
"D","DISPATCH","UNIT_SCADA",1,"2018/06/01 02:05:00","WPWF","40",NA,NA,NA
"D","DISPATCH","UNIT_SCADA",1,"2018/06/01 02:05:00","YAMBUKWF","9.40",NA,NA,NA
"D","DISPATCH","UNIT_SCADA",1,"2018/06/01 02:05:00","YSWF1","3.40",NA,NA,NA
"D","DISPATCH","UNIT_SCADA",1,"2018/06/01 02:10:00","BARCSF1","0.50",NA,NA,NA
"D","DISPATCH","UNIT_SCADA",1,"2018/06/01 02:10:00","BUTLERSG","9.199999",NA,NA,NA
"D","DISPATCH","UNIT_SCADA",1,"2018/06/01 02:10:00","CALL_A_4","0",NA,NA,NA
"D","DISPATCH","UNIT_SCADA",1,"2018/06/01 02:10:00","CAPTL_WF","78.9720",NA,NA,NA
"D","DISPATCH","UNIT_SCADA",1,"2018/06/01 02:10:00","CATHROCK","42.689999",NA,NA,NA
"D","DISPATCH","UNIT_SCADA",1,"2018/06/01 02:10:00","CHALLHWF","7.40",NA,NA,NA
"D","DISPATCH","UNIT_SCADA",1,"2018/06/01 02:10:00","CLOVER","0",NA,NA,NA
"D","DISPATCH","UNIT_SCADA",1,"2018/06/01 02:10:00","CLUNY","9.067979",NA,NA,NA
"D","DISPATCH","UNIT_SCADA",1,"2018/06/01 02:10:00","CNUNDAWF","2.603037",NA,NA,NA
"D","DISPATCH","UNIT_SCADA",1,"2018/06/01 02:10:00","CULLRGWF","18.68",NA,NA,NA
"D","DISPATCH","UNIT_SCADA",1,"2018/06/01 02:10:00","ERGT01","0",NA,NA,NA
"D","DISPATCH","UNIT_SCADA",1,"2018/06/01 02:10:00","GB01","0.054909",NA,NA,NA
"D","DISPATCH","UNIT_SCADA",1,"2018/06/01 02:10:00","GERMCRK","32.099998",NA,NA,NA
"D","DISPATCH","UNIT_SCADA",1,"2018/06/01 02:10:00","GRIFSF1","0",NA,NA,NA
"D","DISPATCH","UNIT_SCADA",1,"2018/06/01 02:10:00","HUGSF1","-0.0130",NA,NA,NA
"D","DISPATCH","UNIT_SCADA",1,"2018/06/01 02:10:00","INVICTA","0",NA,NA,NA
"D","DISPATCH","UNIT_SCADA",1,"2018/06/01 02:10:00","LKBONNY1","3.572375",NA,NA,NA
"D","DISPATCH","UNIT_SCADA",1,"2018/06/01 02:10:00","LRSF1","0.01",NA,NA,NA
"D","DISPATCH","UNIT_SCADA",1,"2018/06/01 02:10:00","MBAHNTH","43.1250",NA,NA,NA
"D","DISPATCH","UNIT_SCADA",1,"2018/06/01 02:10:00","MLSP1","0.370001",NA,NA,NA
"D","DISPATCH","UNIT_SCADA",1,"2018/06/01 02:10:00","MLWF1","2.1750",NA,NA,NA
"D","DISPATCH","UNIT_SCADA",1,"2018/06/01 02:10:00","MTMILLAR","45.615238",NA,NA,NA
"D","DISPATCH","UNIT_SCADA",1,"2018/06/01 02:10:00","PALOONA","12.82",NA,NA,NA
"D","DISPATCH","UNIT_SCADA",1,"2018/06/01 02:10:00","PIONEER","-0.90",NA,NA,NA
"D","DISPATCH","UNIT_SCADA",1,"2018/06/01 02:10:00","PORTWF","31.299999",NA,NA,NA
"D","DISPATCH","UNIT_SCADA",1,"2018/06/01 02:10:00","REPULSE","0",NA,NA,NA
"D","DISPATCH","UNIT_SCADA",1,"2018/06/01 02:10:00","ROWALLAN","6.5036",NA,NA,NA
"D","DISPATCH","UNIT_SCADA",1,"2018/06/01 02:10:00","ROYALLA1","0",NA,NA,NA
"D","DISPATCH","UNIT_SCADA",1,"2018/06/01 02:10:00","RPCG","-0.30",NA,NA,NA
"D","DISPATCH","UNIT_SCADA",1,"2018/06/01 02:10:00","RUBICON","0",NA,NA,NA
"D","DISPATCH","UNIT_SCADA",1,"2018/06/01 02:10:00","SMCSF1","0",NA,NA,NA
"D","DISPATCH","UNIT_SCADA",1,"2018/06/01 02:10:00","STARHLWF","11.096765",NA,NA,NA
"D","DISPATCH","UNIT_SCADA",1,"2018/06/01 02:10:00","WAUBRAWF","48.728001",NA,NA,NA
"D","DISPATCH","UNIT_SCADA",1,"2018/06/01 02:10:00","WOOLNTH1","4.100016",NA,NA,NA
"D","DISPATCH","UNIT_SCADA",1,"2018/06/01 02:10:00","WPWF","43",NA,NA,NA
"D","DISPATCH","UNIT_SCADA",1,"2018/06/01 02:10:00","YAMBUKWF","9.90",NA,NA,NA
"D","DISPATCH","UNIT_SCADA",1,"2018/06/01 02:10:00","YSWF1","3.40",NA,NA,NA
"D","DISPATCH","UNIT_SCADA",1,"2018/06/01 02:15:00","BARCSF1","0.50",NA,NA,NA
"D","DISPATCH","UNIT_SCADA",1,"2018/06/01 02:15:00","BUTLERSG","9.199999",NA,NA,NA
"D","DISPATCH","UNIT_SCADA",1,"2018/06/01 02:15:00","CALL_A_4","0",NA,NA,NA
"D","DISPATCH","UNIT_SCADA",1,"2018/06/01 02:15:00","CAPTL_WF","78.379997",NA,NA,NA
"D","DISPATCH","UNIT_SCADA",1,"2018/06/01 02:15:00","CATHROCK","42.809998",NA,NA,NA
"D","DISPATCH","UNIT_SCADA",1,"2018/06/01 02:15:00","CHALLHWF","7.60",NA,NA,NA
"D","DISPATCH","UNIT_SCADA",1,"2018/06/01 02:15:00","CLOVER","-0.01",NA,NA,NA
"D","DISPATCH","UNIT_SCADA",1,"2018/06/01 02:15:00","CLUNY","9.072556",NA,NA,NA
"D","DISPATCH","UNIT_SCADA",1,"2018/06/01 02:15:00","CNUNDAWF","2.202569",NA,NA,NA
"D","DISPATCH","UNIT_SCADA",1,"2018/06/01 02:15:00","CULLRGWF","18.92",NA,NA,NA
"D","DISPATCH","UNIT_SCADA",1,"2018/06/01 02:15:00","ERGT01","0",NA,NA,NA
"D","DISPATCH","UNIT_SCADA",1,"2018/06/01 02:15:00","GB01","0.054909",NA,NA,NA
"D","DISPATCH","UNIT_SCADA",1,"2018/06/01 02:15:00","GERMCRK","31.799999",NA,NA,NA
"D","DISPATCH","UNIT_SCADA",1,"2018/06/01 02:15:00","GRIFSF1","0",NA,NA,NA
"D","DISPATCH","UNIT_SCADA",1,"2018/06/01 02:15:00","HUGSF1","-0.0130",NA,NA,NA
"D","DISPATCH","UNIT_SCADA",1,"2018/06/01 02:15:00","INVICTA","0",NA,NA,NA
"D","DISPATCH","UNIT_SCADA",1,"2018/06/01 02:15:00","LKBONNY1","3.304446",NA,NA,NA
"D","DISPATCH","UNIT_SCADA",1,"2018/06/01 02:15:00","LRSF1","0.01",NA,NA,NA
"D","DISPATCH","UNIT_SCADA",1,"2018/06/01 02:15:00","MBAHNTH","43.1250",NA,NA,NA
"D","DISPATCH","UNIT_SCADA",1,"2018/06/01 02:15:00","MLSP1","0.370001",NA,NA,NA
"D","DISPATCH","UNIT_SCADA",1,"2018/06/01 02:15:00","MLWF1","2.07",NA,NA,NA
"D","DISPATCH","UNIT_SCADA",1,"2018/06/01 02:15:00","MTMILLAR","45.645004",NA,NA,NA
"D","DISPATCH","UNIT_SCADA",1,"2018/06/01 02:15:00","PALOONA","12.82",NA,NA,NA
"D","DISPATCH","UNIT_SCADA",1,"2018/06/01 02:15:00","PIONEER","-0.90",NA,NA,NA
"D","DISPATCH","UNIT_SCADA",1,"2018/06/01 02:15:00","PORTWF","31.60",NA,NA,NA
"D","DISPATCH","UNIT_SCADA",1,"2018/06/01 02:15:00","REPULSE","0",NA,NA,NA
"D","DISPATCH","UNIT_SCADA",1,"2018/06/01 02:15:00","ROWALLAN","6.39",NA,NA,NA
"D","DISPATCH","UNIT_SCADA",1,"2018/06/01 02:15:00","ROYALLA1","0",NA,NA,NA
"D","DISPATCH","UNIT_SCADA",1,"2018/06/01 02:15:00","RPCG","-0.30",NA,NA,NA
"D","DISPATCH","UNIT_SCADA",1,"2018/06/01 02:15:00","RUBICON","0",NA,NA,NA
"D","DISPATCH","UNIT_SCADA",1,"2018/06/01 02:15:00","SMCSF1","0",NA,NA,NA
"D","DISPATCH","UNIT_SCADA",1,"2018/06/01 02:15:00","STARHLWF","9.997085",NA,NA,NA
"D","DISPATCH","UNIT_SCADA",1,"2018/06/01 02:15:00","WAUBRAWF","46.609001",NA,NA,NA
"D","DISPATCH","UNIT_SCADA",1,"2018/06/01 02:15:00","WOOLNTH1","4.030015",NA,NA,NA
"D","DISPATCH","UNIT_SCADA",1,"2018/06/01 02:15:00","WPWF","45",NA,NA,NA
"D","DISPATCH","UNIT_SCADA",1,"2018/06/01 02:15:00","YAMBUKWF","10.90",NA,NA,NA
"D","DISPATCH","UNIT_SCADA",1,"2018/06/01 02:15:00","YSWF1","3.20",NA,NA,NA
"D","DISPATCH","UNIT_SCADA",1,"2018/06/01 02:25:00","BARCSF1","0.50",NA,NA,NA
"D","DISPATCH","UNIT_SCADA",1,"2018/06/01 02:25:00","BUTLERSG","9.199999",NA,NA,NA
"D","DISPATCH","UNIT_SCADA",1,"2018/06/01 02:25:00","CALL_A_4","0",NA,NA,NA
"D","DISPATCH","UNIT_SCADA",1,"2018/06/01 02:25:00","CAPTL_WF","75.040001",NA,NA,NA
"D","DISPATCH","UNIT_SCADA",1,"2018/06/01 02:25:00","CATHROCK","42.809998",NA,NA,NA
"D","DISPATCH","UNIT_SCADA",1,"2018/06/01 02:25:00","CHALLHWF","7.10",NA,NA,NA
"D","DISPATCH","UNIT_SCADA",1,"2018/06/01 02:25:00","CLOVER","0",NA,NA,NA
"D","DISPATCH","UNIT_SCADA",1,"2018/06/01 02:25:00","CLUNY","9.086289",NA,NA,NA
"D","DISPATCH","UNIT_SCADA",1,"2018/06/01 02:25:00","CNUNDAWF","2.202569",NA,NA,NA
"D","DISPATCH","UNIT_SCADA",1,"2018/06/01 02:25:00","CULLRGWF","23.389999",NA,NA,NA
"D","DISPATCH","UNIT_SCADA",1,"2018/06/01 02:25:00","ERGT01","0",NA,NA,NA
"D","DISPATCH","UNIT_SCADA",1,"2018/06/01 02:25:00","GB01","0.053551",NA,NA,NA
"D","DISPATCH","UNIT_SCADA",1,"2018/06/01 02:25:00","GERMCRK","32",NA,NA,NA
"D","DISPATCH","UNIT_SCADA",1,"2018/06/01 02:25:00","GRIFSF1","0",NA,NA,NA
"D","DISPATCH","UNIT_SCADA",1,"2018/06/01 02:25:00","HUGSF1","-0.0130",NA,NA,NA
"D","DISPATCH","UNIT_SCADA",1,"2018/06/01 02:25:00","INVICTA","0",NA,NA,NA
"D","DISPATCH","UNIT_SCADA",1,"2018/06/01 02:25:00","LKBONNY1","3.750993",NA,NA,NA
"D","DISPATCH","UNIT_SCADA",1,"2018/06/01 02:25:00","LRSF1","0.01",NA,NA,NA
"D","DISPATCH","UNIT_SCADA",1,"2018/06/01 02:25:00","MBAHNTH","44.943756",NA,NA,NA
"D","DISPATCH","UNIT_SCADA",1,"2018/06/01 02:25:00","MLSP1","0.370001",NA,NA,NA
"D","DISPATCH","UNIT_SCADA",1,"2018/06/01 02:25:00","MLWF1","1.7550",NA,NA,NA
"D","DISPATCH","UNIT_SCADA",1,"2018/06/01 02:25:00","MTMILLAR","45.652447",NA,NA,NA
"D","DISPATCH","UNIT_SCADA",1,"2018/06/01 02:25:00","PALOONA","12.639999",NA,NA,NA
"D","DISPATCH","UNIT_SCADA",1,"2018/06/01 02:25:00","PIONEER","-0.90",NA,NA,NA
"D","DISPATCH","UNIT_SCADA",1,"2018/06/01 02:25:00","PORTWF","27.799999",NA,NA,NA
"D","DISPATCH","UNIT_SCADA",1,"2018/06/01 02:25:00","REPULSE","0",NA,NA,NA
"D","DISPATCH","UNIT_SCADA",1,"2018/06/01 02:25:00","ROWALLAN","6.5675",NA,NA,NA
"D","DISPATCH","UNIT_SCADA",1,"2018/06/01 02:25:00","ROYALLA1","0",NA,NA,NA
"D","DISPATCH","UNIT_SCADA",1,"2018/06/01 02:25:00","RPCG","-0.30",NA,NA,NA
"D","DISPATCH","UNIT_SCADA",1,"2018/06/01 02:25:00","RUBICON","0",NA,NA,NA
"D","DISPATCH","UNIT_SCADA",1,"2018/06/01 02:25:00","SMCSF1","0",NA,NA,NA
"D","DISPATCH","UNIT_SCADA",1,"2018/06/01 02:25:00","STARHLWF","9.197318",NA,NA,NA
"D","DISPATCH","UNIT_SCADA",1,"2018/06/01 02:25:00","WAUBRAWF","45.375999",NA,NA,NA
"D","DISPATCH","UNIT_SCADA",1,"2018/06/01 02:25:00","WOOLNTH1","3.490016",NA,NA,NA
"D","DISPATCH","UNIT_SCADA",1,"2018/06/01 02:25:00","WPWF","41",NA,NA,NA
"D","DISPATCH","UNIT_SCADA",1,"2018/06/01 02:25:00","YAMBUKWF","11.30",NA,NA,NA
"D","DISPATCH","UNIT_SCADA",1,"2018/06/01 02:25:00","YSWF1","3.60",NA,NA,NA
"D","DISPATCH","UNIT_SCADA",1,"2018/06/01 02:30:00","BARCSF1","0.50",NA,NA,NA
"D","DISPATCH","UNIT_SCADA",1,"2018/06/01 02:30:00","BUTLERSG","9.199999",NA,NA,NA
"D","DISPATCH","UNIT_SCADA",1,"2018/06/01 02:30:00","CALL_A_4","0",NA,NA,NA
"D","DISPATCH","UNIT_SCADA",1,"2018/06/01 02:30:00","CAPTL_WF","71.372002",NA,NA,NA
"D","DISPATCH","UNIT_SCADA",1,"2018/06/01 02:30:00","CATHROCK","42.809998",NA,NA,NA
"D","DISPATCH","UNIT_SCADA",1,"2018/06/01 02:30:00","CHALLHWF","6.40",NA,NA,NA
"D","DISPATCH","UNIT_SCADA",1,"2018/06/01 02:30:00","CLOVER","-0.02",NA,NA,NA
"D","DISPATCH","UNIT_SCADA",1,"2018/06/01 02:30:00","CLUNY","9.077134",NA,NA,NA
"D","DISPATCH","UNIT_SCADA",1,"2018/06/01 02:30:00","CNUNDAWF","2.703153",NA,NA,NA
"D","DISPATCH","UNIT_SCADA",1,"2018/06/01 02:30:00","CULLRGWF","19.389999",NA,NA,NA
"D","DISPATCH","UNIT_SCADA",1,"2018/06/01 02:30:00","ERGT01","0",NA,NA,NA
"D","DISPATCH","UNIT_SCADA",1,"2018/06/01 02:30:00","GB01","0.053551",NA,NA,NA
"D","DISPATCH","UNIT_SCADA",1,"2018/06/01 02:30:00","GERMCRK","32.900002",NA,NA,NA
"D","DISPATCH","UNIT_SCADA",1,"2018/06/01 02:30:00","GRIFSF1","0",NA,NA,NA
"D","DISPATCH","UNIT_SCADA",1,"2018/06/01 02:30:00","HUGSF1","-0.0130",NA,NA,NA
"D","DISPATCH","UNIT_SCADA",1,"2018/06/01 02:30:00","INVICTA","0",NA,NA,NA
"D","DISPATCH","UNIT_SCADA",1,"2018/06/01 02:30:00","LKBONNY1","4.108231",NA,NA,NA
"D","DISPATCH","UNIT_SCADA",1,"2018/06/01 02:30:00","LRSF1","0.01",NA,NA,NA
"D","DISPATCH","UNIT_SCADA",1,"2018/06/01 02:30:00","MBAHNTH","46.237503",NA,NA,NA
"D","DISPATCH","UNIT_SCADA",1,"2018/06/01 02:30:00","MLSP1","0.370001",NA,NA,NA
"D","DISPATCH","UNIT_SCADA",1,"2018/06/01 02:30:00","MLWF1","1.5450",NA,NA,NA
"D","DISPATCH","UNIT_SCADA",1,"2018/06/01 02:30:00","MTMILLAR","45.518501",NA,NA,NA
"D","DISPATCH","UNIT_SCADA",1,"2018/06/01 02:30:00","PALOONA","12.849999",NA,NA,NA
"D","DISPATCH","UNIT_SCADA",1,"2018/06/01 02:30:00","PIONEER","-0.90",NA,NA,NA
"D","DISPATCH","UNIT_SCADA",1,"2018/06/01 02:30:00","PORTWF","28",NA,NA,NA
"D","DISPATCH","UNIT_SCADA",1,"2018/06/01 02:30:00","REPULSE","0",NA,NA,NA
"D","DISPATCH","UNIT_SCADA",1,"2018/06/01 02:30:00","ROWALLAN","6.6882",NA,NA,NA
"D","DISPATCH","UNIT_SCADA",1,"2018/06/01 02:30:00","ROYALLA1","0",NA,NA,NA
"D","DISPATCH","UNIT_SCADA",1,"2018/06/01 02:30:00","RPCG","-0.30",NA,NA,NA
"D","DISPATCH","UNIT_SCADA",1,"2018/06/01 02:30:00","RUBICON","0",NA,NA,NA
"D","DISPATCH","UNIT_SCADA",1,"2018/06/01 02:30:00","SMCSF1","0",NA,NA,NA
"D","DISPATCH","UNIT_SCADA",1,"2018/06/01 02:30:00","STARHLWF","9.297289",NA,NA,NA
"D","DISPATCH","UNIT_SCADA",1,"2018/06/01 02:30:00","WAUBRAWF","49.703999",NA,NA,NA
"D","DISPATCH","UNIT_SCADA",1,"2018/06/01 02:30:00","WOOLNTH1","3.990016",NA,NA,NA
"D","DISPATCH","UNIT_SCADA",1,"2018/06/01 02:30:00","WPWF","41",NA,NA,NA
"D","DISPATCH","UNIT_SCADA",1,"2018/06/01 02:30:00","YAMBUKWF","10.90",NA,NA,NA
"D","DISPATCH","UNIT_SCADA",1,"2018/06/01 02:30:00","YSWF1","3.40",NA,NA,NA
"D","DISPATCH","UNIT_SCADA",1,"2018/06/01 02:35:00","BARCSF1","0.50",NA,NA,NA
"D","DISPATCH","UNIT_SCADA",1,"2018/06/01 02:35:00","BUTLERSG","9.199999",NA,NA,NA
"D","DISPATCH","UNIT_SCADA",1,"2018/06/01 02:35:00","CALL_A_4","0",NA,NA,NA
"D","DISPATCH","UNIT_SCADA",1,"2018/06/01 02:35:00","CAPTL_WF","75.0280",NA,NA,NA
"D","DISPATCH","UNIT_SCADA",1,"2018/06/01 02:35:00","CATHROCK","41.589996",NA,NA,NA
"D","DISPATCH","UNIT_SCADA",1,"2018/06/01 02:35:00","CHALLHWF","5.80",NA,NA,NA
"D","DISPATCH","UNIT_SCADA",1,"2018/06/01 02:35:00","CLOVER","-0.01",NA,NA,NA
"D","DISPATCH","UNIT_SCADA",1,"2018/06/01 02:35:00","CLUNY","9.062486",NA,NA,NA
"D","DISPATCH","UNIT_SCADA",1,"2018/06/01 02:35:00","CNUNDAWF","3.103621",NA,NA,NA
"D","DISPATCH","UNIT_SCADA",1,"2018/06/01 02:35:00","CULLRGWF","18.719999",NA,NA,NA
"D","DISPATCH","UNIT_SCADA",1,"2018/06/01 02:35:00","ERGT01","0",NA,NA,NA
"D","DISPATCH","UNIT_SCADA",1,"2018/06/01 02:35:00","GB01","0.053551",NA,NA,NA
"D","DISPATCH","UNIT_SCADA",1,"2018/06/01 02:35:00","GERMCRK","32.50",NA,NA,NA
"D","DISPATCH","UNIT_SCADA",1,"2018/06/01 02:35:00","LKBONNY1","4.108231",NA,NA,NA
"D","DISPATCH","UNIT_SCADA",1,"2018/06/01 02:35:00","GRIFSF1","0",NA,NA,NA
"D","DISPATCH","UNIT_SCADA",1,"2018/06/01 02:35:00","HUGSF1","-0.0130",NA,NA,NA
"D","DISPATCH","UNIT_SCADA",1,"2018/06/01 02:35:00","INVICTA","0",NA,NA,NA
"D","DISPATCH","UNIT_SCADA",1,"2018/06/01 02:35:00","LRSF1","0.01",NA,NA,NA
"D","DISPATCH","UNIT_SCADA",1,"2018/06/01 02:35:00","MBAHNTH","46.237503",NA,NA,NA
"D","DISPATCH","UNIT_SCADA",1,"2018/06/01 02:35:00","MLSP1","0.370001",NA,NA,NA
"D","DISPATCH","UNIT_SCADA",1,"2018/06/01 02:35:00","MLWF1","1.86",NA,NA,NA
"D","DISPATCH","UNIT_SCADA",1,"2018/06/01 02:35:00","MTMILLAR","44.528809",NA,NA,NA
"D","DISPATCH","UNIT_SCADA",1,"2018/06/01 02:35:00","PALOONA","12.71",NA,NA,NA
"D","DISPATCH","UNIT_SCADA",1,"2018/06/01 02:35:00","PIONEER","-0.90",NA,NA,NA
"D","DISPATCH","UNIT_SCADA",1,"2018/06/01 02:35:00","PORTWF","29.40",NA,NA,NA
"D","DISPATCH","UNIT_SCADA",1,"2018/06/01 02:35:00","REPULSE","0",NA,NA,NA
"D","DISPATCH","UNIT_SCADA",1,"2018/06/01 02:35:00","ROWALLAN","6.4255",NA,NA,NA
"D","DISPATCH","UNIT_SCADA",1,"2018/06/01 02:35:00","ROYALLA1","0",NA,NA,NA
"D","DISPATCH","UNIT_SCADA",1,"2018/06/01 02:35:00","RPCG","-0.30",NA,NA,NA
"D","DISPATCH","UNIT_SCADA",1,"2018/06/01 02:35:00","RUBICON","0",NA,NA,NA
"D","DISPATCH","UNIT_SCADA",1,"2018/06/01 02:35:00","SMCSF1","0",NA,NA,NA
"D","DISPATCH","UNIT_SCADA",1,"2018/06/01 02:35:00","STARHLWF","9.297289",NA,NA,NA
"D","DISPATCH","UNIT_SCADA",1,"2018/06/01 02:35:00","WAUBRAWF","50.631001",NA,NA,NA
"D","DISPATCH","UNIT_SCADA",1,"2018/06/01 02:35:00","WOOLNTH1","4.550015",NA,NA,NA
"D","DISPATCH","UNIT_SCADA",1,"2018/06/01 02:35:00","WPWF","38",NA,NA,NA
"D","DISPATCH","UNIT_SCADA",1,"2018/06/01 02:35:00","YAMBUKWF","9.50",NA,NA,NA
"D","DISPATCH","UNIT_SCADA",1,"2018/06/01 02:35:00","YSWF1","3.40",NA,NA,NA
"D","DISPATCH","UNIT_SCADA",1,"2018/06/01 02:40:00","BARCSF1","0.50",NA,NA,NA
"D","DISPATCH","UNIT_SCADA",1,"2018/06/01 02:40:00","BUTLERSG","9.199999",NA,NA,NA
"D","DISPATCH","UNIT_SCADA",1,"2018/06/01 02:40:00","CALL_A_4","0",NA,NA,NA
"D","DISPATCH","UNIT_SCADA",1,"2018/06/01 02:40:00","CAPTL_WF","73.199997",NA,NA,NA
"D","DISPATCH","UNIT_SCADA",1,"2018/06/01 02:40:00","CATHROCK","41.619999",NA,NA,NA
"D","DISPATCH","UNIT_SCADA",1,"2018/06/01 02:40:00","CHALLHWF","5.30",NA,NA,NA
"D","DISPATCH","UNIT_SCADA",1,"2018/06/01 02:40:00","CLOVER","-0.01",NA,NA,NA
"D","DISPATCH","UNIT_SCADA",1,"2018/06/01 02:40:00","CLUNY","9.072556",NA,NA,NA
"D","DISPATCH","UNIT_SCADA",1,"2018/06/01 02:40:00","CNUNDAWF","3.904555",NA,NA,NA
"D","DISPATCH","UNIT_SCADA",1,"2018/06/01 02:40:00","CULLRGWF","19.309999",NA,NA,NA
"D","DISPATCH","UNIT_SCADA",1,"2018/06/01 02:40:00","ERGT01","0",NA,NA,NA
"D","DISPATCH","UNIT_SCADA",1,"2018/06/01 02:40:00","GB01","0.053551",NA,NA,NA
"D","DISPATCH","UNIT_SCADA",1,"2018/06/01 02:40:00","GERMCRK","31.40",NA,NA,NA
"D","DISPATCH","UNIT_SCADA",1,"2018/06/01 02:40:00","GRIFSF1","0",NA,NA,NA
"D","DISPATCH","UNIT_SCADA",1,"2018/06/01 02:40:00","HUGSF1","-0.0130",NA,NA,NA
"D","DISPATCH","UNIT_SCADA",1,"2018/06/01 02:40:00","INVICTA","0",NA,NA,NA
"D","DISPATCH","UNIT_SCADA",1,"2018/06/01 02:40:00","LKBONNY1","4.554778",NA,NA,NA
"D","DISPATCH","UNIT_SCADA",1,"2018/06/01 02:40:00","LRSF1","0.01",NA,NA,NA
"D","DISPATCH","UNIT_SCADA",1,"2018/06/01 02:40:00","MBAHNTH","48.956253",NA,NA,NA
"D","DISPATCH","UNIT_SCADA",1,"2018/06/01 02:40:00","MLSP1","0.370001",NA,NA,NA
"D","DISPATCH","UNIT_SCADA",1,"2018/06/01 02:40:00","MLWF1","2.16",NA,NA,NA
"D","DISPATCH","UNIT_SCADA",1,"2018/06/01 02:40:00","MTMILLAR","45.652447",NA,NA,NA
"D","DISPATCH","UNIT_SCADA",1,"2018/06/01 02:40:00","PALOONA","12.78",NA,NA,NA
"D","DISPATCH","UNIT_SCADA",1,"2018/06/01 02:40:00","PIONEER","-0.90",NA,NA,NA
"D","DISPATCH","UNIT_SCADA",1,"2018/06/01 02:40:00","PORTWF","33.200001",NA,NA,NA
"D","DISPATCH","UNIT_SCADA",1,"2018/06/01 02:40:00","REPULSE","0",NA,NA,NA
"D","DISPATCH","UNIT_SCADA",1,"2018/06/01 02:40:00","ROWALLAN","6.4113",NA,NA,NA
"D","DISPATCH","UNIT_SCADA",1,"2018/06/01 02:40:00","ROYALLA1","0",NA,NA,NA
"D","DISPATCH","UNIT_SCADA",1,"2018/06/01 02:40:00","RPCG","-0.30",NA,NA,NA
"D","DISPATCH","UNIT_SCADA",1,"2018/06/01 02:40:00","RUBICON","0",NA,NA,NA
"D","DISPATCH","UNIT_SCADA",1,"2018/06/01 02:40:00","SMCSF1","0",NA,NA,NA
"D","DISPATCH","UNIT_SCADA",1,"2018/06/01 02:40:00","STARHLWF","9.797143",NA,NA,NA
"D","DISPATCH","UNIT_SCADA",1,"2018/06/01 02:40:00","WAUBRAWF","50.6940",NA,NA,NA
"D","DISPATCH","UNIT_SCADA",1,"2018/06/01 02:40:00","WOOLNTH1","4.970016",NA,NA,NA
"D","DISPATCH","UNIT_SCADA",1,"2018/06/01 02:40:00","WPWF","38",NA,NA,NA
"D","DISPATCH","UNIT_SCADA",1,"2018/06/01 02:40:00","YAMBUKWF","8.30",NA,NA,NA
"D","DISPATCH","UNIT_SCADA",1,"2018/06/01 02:40:00","YSWF1","3.60",NA,NA,NA
"D","DISPATCH","UNIT_SCADA",1,"2018/06/01 02:45:00","BARCSF1","0.50",NA,NA,NA
"D","DISPATCH","UNIT_SCADA",1,"2018/06/01 02:45:00","BUTLERSG","9.199999",NA,NA,NA
"D","DISPATCH","UNIT_SCADA",1,"2018/06/01 02:45:00","CALL_A_4","0",NA,NA,NA
"D","DISPATCH","UNIT_SCADA",1,"2018/06/01 02:45:00","CAPTL_WF","72.351997",NA,NA,NA
"D","DISPATCH","UNIT_SCADA",1,"2018/06/01 02:45:00","CATHROCK","41.669998",NA,NA,NA
"D","DISPATCH","UNIT_SCADA",1,"2018/06/01 02:45:00","CHALLHWF","4.40",NA,NA,NA
"D","DISPATCH","UNIT_SCADA",1,"2018/06/01 02:45:00","CLOVER","0",NA,NA,NA
"D","DISPATCH","UNIT_SCADA",1,"2018/06/01 02:45:00","CLUNY","9.081712",NA,NA,NA
"D","DISPATCH","UNIT_SCADA",1,"2018/06/01 02:45:00","CNUNDAWF","4.705489",NA,NA,NA
"D","DISPATCH","UNIT_SCADA",1,"2018/06/01 02:45:00","CULLRGWF","17.200001",NA,NA,NA
"D","DISPATCH","UNIT_SCADA",1,"2018/06/01 02:45:00","ERGT01","0",NA,NA,NA
"D","DISPATCH","UNIT_SCADA",1,"2018/06/01 02:45:00","GB01","0.053551",NA,NA,NA
"D","DISPATCH","UNIT_SCADA",1,"2018/06/01 02:45:00","GERMCRK","33.099998",NA,NA,NA
"D","DISPATCH","UNIT_SCADA",1,"2018/06/01 02:45:00","GRIFSF1","0",NA,NA,NA
"D","DISPATCH","UNIT_SCADA",1,"2018/06/01 02:45:00","HUGSF1","-0.0130",NA,NA,NA
"D","DISPATCH","UNIT_SCADA",1,"2018/06/01 02:45:00","INVICTA","0",NA,NA,NA
"D","DISPATCH","UNIT_SCADA",1,"2018/06/01 02:45:00","LKBONNY1","5.090634",NA,NA,NA
"D","DISPATCH","UNIT_SCADA",1,"2018/06/01 02:45:00","LRSF1","0.01",NA,NA,NA
"D","DISPATCH","UNIT_SCADA",1,"2018/06/01 02:45:00","MBAHNTH","48.956253",NA,NA,NA
"D","DISPATCH","UNIT_SCADA",1,"2018/06/01 03:00:00","BARCSF1","0.50",NA,NA,NA
"D","DISPATCH","UNIT_SCADA",1,"2018/06/01 03:00:00","BUTLERSG","9.199999",NA,NA,NA
"D","DISPATCH","UNIT_SCADA",1,"2018/06/01 03:00:00","CALL_A_4","0",NA,NA,NA
"D","DISPATCH","UNIT_SCADA",1,"2018/06/01 03:00:00","CAPTL_WF","63.172005",NA,NA,NA
"D","DISPATCH","UNIT_SCADA",1,"2018/06/01 03:00:00","CATHROCK","39.859997",NA,NA,NA
"D","DISPATCH","UNIT_SCADA",1,"2018/06/01 03:00:00","CHALLHWF","2.30",NA,NA,NA
"D","DISPATCH","UNIT_SCADA",1,"2018/06/01 03:00:00","CLOVER","0",NA,NA,NA
"D","DISPATCH","UNIT_SCADA",1,"2018/06/01 03:00:00","CLUNY","9.081712",NA,NA,NA
"D","DISPATCH","UNIT_SCADA",1,"2018/06/01 03:00:00","CNUNDAWF","5.005839",NA,NA,NA
"D","DISPATCH","UNIT_SCADA",1,"2018/06/01 03:00:00","CULLRGWF","17.629999",NA,NA,NA
"D","DISPATCH","UNIT_SCADA",1,"2018/06/01 03:00:00","ERGT01","0",NA,NA,NA
"D","DISPATCH","UNIT_SCADA",1,"2018/06/01 03:00:00","GB01","0.053551",NA,NA,NA
"D","DISPATCH","UNIT_SCADA",1,"2018/06/01 03:00:00","GERMCRK","33",NA,NA,NA
"D","DISPATCH","UNIT_SCADA",1,"2018/06/01 03:00:00","GRIFSF1","0",NA,NA,NA
"D","DISPATCH","UNIT_SCADA",1,"2018/06/01 03:00:00","HUGSF1","-0.0130",NA,NA,NA
"D","DISPATCH","UNIT_SCADA",1,"2018/06/01 03:00:00","INVICTA","0",NA,NA,NA
"D","DISPATCH","UNIT_SCADA",1,"2018/06/01 03:00:00","LKBONNY1","6.073037",NA,NA,NA
"D","DISPATCH","UNIT_SCADA",1,"2018/06/01 03:00:00","LRSF1","0.01",NA,NA,NA
"D","DISPATCH","UNIT_SCADA",1,"2018/06/01 03:00:00","MBAHNTH","49.3125",NA,NA,NA
"D","DISPATCH","UNIT_SCADA",1,"2018/06/01 03:00:00","MLSP1","0.370001",NA,NA,NA
"D","DISPATCH","UNIT_SCADA",1,"2018/06/01 03:00:00","MLWF1","3.1350",NA,NA,NA
"D","DISPATCH","UNIT_SCADA",1,"2018/06/01 03:00:00","MTMILLAR","45.697094",NA,NA,NA
"D","DISPATCH","UNIT_SCADA",1,"2018/06/01 03:00:00","PALOONA","12.78",NA,NA,NA
"D","DISPATCH","UNIT_SCADA",1,"2018/06/01 03:00:00","PIONEER","-0.90",NA,NA,NA
"D","DISPATCH","UNIT_SCADA",1,"2018/06/01 03:00:00","PORTWF","35.200001",NA,NA,NA
"D","DISPATCH","UNIT_SCADA",1,"2018/06/01 03:00:00","REPULSE","0",NA,NA,NA
"D","DISPATCH","UNIT_SCADA",1,"2018/06/01 03:00:00","ROWALLAN","6.3687",NA,NA,NA
"D","DISPATCH","UNIT_SCADA",1,"2018/06/01 03:00:00","ROYALLA1","0",NA,NA,NA
"D","DISPATCH","UNIT_SCADA",1,"2018/06/01 03:00:00","RPCG","-0.30",NA,NA,NA
"D","DISPATCH","UNIT_SCADA",1,"2018/06/01 03:00:00","RUBICON","0",NA,NA,NA
"D","DISPATCH","UNIT_SCADA",1,"2018/06/01 03:00:00","SMCSF1","0",NA,NA,NA
"D","DISPATCH","UNIT_SCADA",1,"2018/06/01 03:00:00","STARHLWF","8.897406",NA,NA,NA
"D","DISPATCH","UNIT_SCADA",1,"2018/06/01 03:00:00","WAUBRAWF","50.8130",NA,NA,NA
"D","DISPATCH","UNIT_SCADA",1,"2018/06/01 03:00:00","WOOLNTH1","5.090015",NA,NA,NA
"D","DISPATCH","UNIT_SCADA",1,"2018/06/01 03:00:00","WPWF","34",NA,NA,NA
"D","DISPATCH","UNIT_SCADA",1,"2018/06/01 03:00:00","YAMBUKWF","5.90",NA,NA,NA
"D","DISPATCH","UNIT_SCADA",1,"2018/06/01 03:00:00","YSWF1","2.90",NA,NA,NA
"D","DISPATCH","UNIT_SCADA",1,"2018/06/01 02:45:00","MLSP1","0.370001",NA,NA,NA
"D","DISPATCH","UNIT_SCADA",1,"2018/06/01 02:45:00","MLWF1","2.3850",NA,NA,NA
"D","DISPATCH","UNIT_SCADA",1,"2018/06/01 02:45:00","MTMILLAR","45.659885",NA,NA,NA
"D","DISPATCH","UNIT_SCADA",1,"2018/06/01 02:45:00","PALOONA","12.78",NA,NA,NA
"D","DISPATCH","UNIT_SCADA",1,"2018/06/01 02:45:00","PIONEER","-0.90",NA,NA,NA
"D","DISPATCH","UNIT_SCADA",1,"2018/06/01 02:45:00","PORTWF","35",NA,NA,NA
"D","DISPATCH","UNIT_SCADA",1,"2018/06/01 02:45:00","REPULSE","0",NA,NA,NA
"D","DISPATCH","UNIT_SCADA",1,"2018/06/01 02:45:00","ROWALLAN","6.3616",NA,NA,NA
"D","DISPATCH","UNIT_SCADA",1,"2018/06/01 02:45:00","ROYALLA1","0",NA,NA,NA
"D","DISPATCH","UNIT_SCADA",1,"2018/06/01 02:45:00","RPCG","-0.30",NA,NA,NA
"D","DISPATCH","UNIT_SCADA",1,"2018/06/01 02:45:00","RUBICON","0",NA,NA,NA
"D","DISPATCH","UNIT_SCADA",1,"2018/06/01 02:45:00","SMCSF1","0",NA,NA,NA
"D","DISPATCH","UNIT_SCADA",1,"2018/06/01 02:45:00","STARHLWF","10.296997",NA,NA,NA
"D","DISPATCH","UNIT_SCADA",1,"2018/06/01 02:45:00","WAUBRAWF","50.844002",NA,NA,NA
"D","DISPATCH","UNIT_SCADA",1,"2018/06/01 02:45:00","WOOLNTH1","5.760015",NA,NA,NA
"D","DISPATCH","UNIT_SCADA",1,"2018/06/01 02:45:00","WPWF","38",NA,NA,NA
"D","DISPATCH","UNIT_SCADA",1,"2018/06/01 02:45:00","YAMBUKWF","8.30",NA,NA,NA
"D","DISPATCH","UNIT_SCADA",1,"2018/06/01 02:45:00","YSWF1","3.80",NA,NA,NA
"D","DISPATCH","UNIT_SCADA",1,"2018/06/01 02:50:00","BARCSF1","0.50",NA,NA,NA
"D","DISPATCH","UNIT_SCADA",1,"2018/06/01 02:50:00","BUTLERSG","9.199999",NA,NA,NA
"D","DISPATCH","UNIT_SCADA",1,"2018/06/01 02:50:00","CALL_A_4","0",NA,NA,NA
"D","DISPATCH","UNIT_SCADA",1,"2018/06/01 02:50:00","CAPTL_WF","71.099998",NA,NA,NA
"D","DISPATCH","UNIT_SCADA",1,"2018/06/01 02:50:00","CATHROCK","41.469997",NA,NA,NA
"D","DISPATCH","UNIT_SCADA",1,"2018/06/01 02:50:00","CHALLHWF","3.70",NA,NA,NA
"D","DISPATCH","UNIT_SCADA",1,"2018/06/01 02:50:00","CLOVER","-0.01",NA,NA,NA
"D","DISPATCH","UNIT_SCADA",1,"2018/06/01 02:50:00","CLUNY","9.067979",NA,NA,NA
"D","DISPATCH","UNIT_SCADA",1,"2018/06/01 02:50:00","CNUNDAWF","4.805606",NA,NA,NA
"D","DISPATCH","UNIT_SCADA",1,"2018/06/01 02:50:00","CULLRGWF","19.82",NA,NA,NA
"D","DISPATCH","UNIT_SCADA",1,"2018/06/01 02:50:00","ERGT01","0",NA,NA,NA
"D","DISPATCH","UNIT_SCADA",1,"2018/06/01 02:50:00","GB01","0.053551",NA,NA,NA
"D","DISPATCH","UNIT_SCADA",1,"2018/06/01 02:50:00","GERMCRK","33",NA,NA,NA
"D","DISPATCH","UNIT_SCADA",1,"2018/06/01 02:50:00","GRIFSF1","0",NA,NA,NA
"D","DISPATCH","UNIT_SCADA",1,"2018/06/01 02:50:00","HUGSF1","-0.0130",NA,NA,NA
"D","DISPATCH","UNIT_SCADA",1,"2018/06/01 02:50:00","INVICTA","0",NA,NA,NA
"D","DISPATCH","UNIT_SCADA",1,"2018/06/01 02:50:00","LKBONNY1","5.537180",NA,NA,NA
"D","DISPATCH","UNIT_SCADA",1,"2018/06/01 02:50:00","LRSF1","0.01",NA,NA,NA
"D","DISPATCH","UNIT_SCADA",1,"2018/06/01 02:50:00","MBAHNTH","47.681244",NA,NA,NA
"D","DISPATCH","UNIT_SCADA",1,"2018/06/01 02:50:00","MLSP1","0.370001",NA,NA,NA
"D","DISPATCH","UNIT_SCADA",1,"2018/06/01 02:50:00","MLWF1","2.5950",NA,NA,NA
"D","DISPATCH","UNIT_SCADA",1,"2018/06/01 02:50:00","MTMILLAR","45.6078",NA,NA,NA
"D","DISPATCH","UNIT_SCADA",1,"2018/06/01 02:50:00","PALOONA","12.78",NA,NA,NA
"D","DISPATCH","UNIT_SCADA",1,"2018/06/01 02:50:00","PIONEER","-0.90",NA,NA,NA
"D","DISPATCH","UNIT_SCADA",1,"2018/06/01 02:50:00","PORTWF","36.200001",NA,NA,NA
"D","DISPATCH","UNIT_SCADA",1,"2018/06/01 02:50:00","REPULSE","0",NA,NA,NA
"D","DISPATCH","UNIT_SCADA",1,"2018/06/01 02:50:00","ROWALLAN","6.4255",NA,NA,NA
"D","DISPATCH","UNIT_SCADA",1,"2018/06/01 02:50:00","ROYALLA1","0",NA,NA,NA
"D","DISPATCH","UNIT_SCADA",1,"2018/06/01 02:50:00","RPCG","-0.30",NA,NA,NA
"D","DISPATCH","UNIT_SCADA",1,"2018/06/01 02:50:00","RUBICON","0",NA,NA,NA
"D","DISPATCH","UNIT_SCADA",1,"2018/06/01 02:50:00","SMCSF1","0",NA,NA,NA
"D","DISPATCH","UNIT_SCADA",1,"2018/06/01 02:50:00","STARHLWF","10.396968",NA,NA,NA
"D","DISPATCH","UNIT_SCADA",1,"2018/06/01 02:50:00","WAUBRAWF","50.185001",NA,NA,NA
"D","DISPATCH","UNIT_SCADA",1,"2018/06/01 02:50:00","WOOLNTH1","5.200016",NA,NA,NA
"D","DISPATCH","UNIT_SCADA",1,"2018/06/01 02:50:00","WPWF","40",NA,NA,NA
"D","DISPATCH","UNIT_SCADA",1,"2018/06/01 02:50:00","YAMBUKWF","7.60",NA,NA,NA
"D","DISPATCH","UNIT_SCADA",1,"2018/06/01 02:50:00","YSWF1","4",NA,NA,NA
"D","DISPATCH","UNIT_SCADA",1,"2018/06/01 02:55:00","BARCSF1","0.50",NA,NA,NA
"D","DISPATCH","UNIT_SCADA",1,"2018/06/01 02:55:00","BUTLERSG","9.099998",NA,NA,NA
"D","DISPATCH","UNIT_SCADA",1,"2018/06/01 02:55:00","CALL_A_4","0",NA,NA,NA
"D","DISPATCH","UNIT_SCADA",1,"2018/06/01 02:55:00","CAPTL_WF","67.296005",NA,NA,NA
"D","DISPATCH","UNIT_SCADA",1,"2018/06/01 02:55:00","CATHROCK","40.539997",NA,NA,NA
"D","DISPATCH","UNIT_SCADA",1,"2018/06/01 02:55:00","CHALLHWF","3.30",NA,NA,NA
"D","DISPATCH","UNIT_SCADA",1,"2018/06/01 02:55:00","CLOVER","-0.01",NA,NA,NA
"D","DISPATCH","UNIT_SCADA",1,"2018/06/01 02:55:00","CLUNY","8.986496",NA,NA,NA
"D","DISPATCH","UNIT_SCADA",1,"2018/06/01 02:55:00","CNUNDAWF","5.306190",NA,NA,NA
"D","DISPATCH","UNIT_SCADA",1,"2018/06/01 02:55:00","CULLRGWF","15.59",NA,NA,NA
"D","DISPATCH","UNIT_SCADA",1,"2018/06/01 02:55:00","ERGT01","0",NA,NA,NA
"D","DISPATCH","UNIT_SCADA",1,"2018/06/01 02:55:00","GB01","0.053551",NA,NA,NA
"D","DISPATCH","UNIT_SCADA",1,"2018/06/01 02:55:00","GERMCRK","33.099998",NA,NA,NA
"D","DISPATCH","UNIT_SCADA",1,"2018/06/01 02:55:00","GRIFSF1","0",NA,NA,NA
"D","DISPATCH","UNIT_SCADA",1,"2018/06/01 02:55:00","HUGSF1","-0.0130",NA,NA,NA
"D","DISPATCH","UNIT_SCADA",1,"2018/06/01 02:55:00","INVICTA","0",NA,NA,NA
"D","DISPATCH","UNIT_SCADA",1,"2018/06/01 02:55:00","LKBONNY1","5.894418",NA,NA,NA
"D","DISPATCH","UNIT_SCADA",1,"2018/06/01 02:55:00","LRSF1","0.01",NA,NA,NA
"D","DISPATCH","UNIT_SCADA",1,"2018/06/01 02:55:00","MBAHNTH","47.681244",NA,NA,NA
"D","DISPATCH","UNIT_SCADA",1,"2018/06/01 02:55:00","MLSP1","0.370001",NA,NA,NA
"D","DISPATCH","UNIT_SCADA",1,"2018/06/01 02:55:00","MLWF1","2.9250",NA,NA,NA
"D","DISPATCH","UNIT_SCADA",1,"2018/06/01 02:55:00","MTMILLAR","45.667328",NA,NA,NA
"D","DISPATCH","UNIT_SCADA",1,"2018/06/01 02:55:00","PALOONA","12.78",NA,NA,NA
"D","DISPATCH","UNIT_SCADA",1,"2018/06/01 02:55:00","PIONEER","-0.90",NA,NA,NA
"D","DISPATCH","UNIT_SCADA",1,"2018/06/01 02:55:00","PORTWF","35.200001",NA,NA,NA
"D","DISPATCH","UNIT_SCADA",1,"2018/06/01 02:55:00","REPULSE","0",NA,NA,NA
"D","DISPATCH","UNIT_SCADA",1,"2018/06/01 02:55:00","ROWALLAN","6.39",NA,NA,NA
"D","DISPATCH","UNIT_SCADA",1,"2018/06/01 02:55:00","ROYALLA1","0",NA,NA,NA
"D","DISPATCH","UNIT_SCADA",1,"2018/06/01 02:55:00","RPCG","-0.30",NA,NA,NA
"D","DISPATCH","UNIT_SCADA",1,"2018/06/01 02:55:00","RUBICON","0",NA,NA,NA
"D","DISPATCH","UNIT_SCADA",1,"2018/06/01 02:55:00","SMCSF1","0",NA,NA,NA
"D","DISPATCH","UNIT_SCADA",1,"2018/06/01 02:55:00","STARHLWF","10.097055",NA,NA,NA
"D","DISPATCH","UNIT_SCADA",1,"2018/06/01 02:55:00","WAUBRAWF","50.2840",NA,NA,NA
"D","DISPATCH","UNIT_SCADA",1,"2018/06/01 02:55:00","WOOLNTH1","5.210015",NA,NA,NA
"D","DISPATCH","UNIT_SCADA",1,"2018/06/01 02:55:00","WPWF","32",NA,NA,NA
"D","DISPATCH","UNIT_SCADA",1,"2018/06/01 02:55:00","YAMBUKWF","6.40",NA,NA,NA
"D","DISPATCH","UNIT_SCADA",1,"2018/06/01 02:55:00","YSWF1","3.70",NA,NA,NA
"D","DISPATCH","UNIT_SCADA",1,"2018/06/01 03:05:00","BARCSF1","0.50",NA,NA,NA
"D","DISPATCH","UNIT_SCADA",1,"2018/06/01 03:05:00","BUTLERSG","9.199999",NA,NA,NA
"D","DISPATCH","UNIT_SCADA",1,"2018/06/01 03:05:00","CALL_A_4","0",NA,NA,NA
"D","DISPATCH","UNIT_SCADA",1,"2018/06/01 03:05:00","CAPTL_WF","61.407997",NA,NA,NA
"D","DISPATCH","UNIT_SCADA",1,"2018/06/01 03:05:00","CATHROCK","38.569996",NA,NA,NA
"D","DISPATCH","UNIT_SCADA",1,"2018/06/01 03:05:00","CHALLHWF","2.50",NA,NA,NA
"D","DISPATCH","UNIT_SCADA",1,"2018/06/01 03:05:00","CLOVER","-0.01",NA,NA,NA
"D","DISPATCH","UNIT_SCADA",1,"2018/06/01 03:05:00","CLUNY","9.110094",NA,NA,NA
"D","DISPATCH","UNIT_SCADA",1,"2018/06/01 03:05:00","CNUNDAWF","5.005839",NA,NA,NA
"D","DISPATCH","UNIT_SCADA",1,"2018/06/01 03:05:00","CULLRGWF","17.25",NA,NA,NA
"D","DISPATCH","UNIT_SCADA",1,"2018/06/01 03:05:00","ERGT01","0",NA,NA,NA
"D","DISPATCH","UNIT_SCADA",1,"2018/06/01 03:05:00","GB01","0.053551",NA,NA,NA
"D","DISPATCH","UNIT_SCADA",1,"2018/06/01 03:05:00","GERMCRK","33.099998",NA,NA,NA
"D","DISPATCH","UNIT_SCADA",1,"2018/06/01 03:05:00","GRIFSF1","0",NA,NA,NA
"D","DISPATCH","UNIT_SCADA",1,"2018/06/01 03:05:00","HUGSF1","-0.0130",NA,NA,NA
"D","DISPATCH","UNIT_SCADA",1,"2018/06/01 03:05:00","INVICTA","0",NA,NA,NA
"D","DISPATCH","UNIT_SCADA",1,"2018/06/01 03:05:00","LKBONNY1","7.055439",NA,NA,NA
"D","DISPATCH","UNIT_SCADA",1,"2018/06/01 03:05:00","LRSF1","0.01",NA,NA,NA
"D","DISPATCH","UNIT_SCADA",1,"2018/06/01 03:05:00","MBAHNTH","50.737503",NA,NA,NA
"D","DISPATCH","UNIT_SCADA",1,"2018/06/01 03:05:00","MLSP1","0.370001",NA,NA,NA
"D","DISPATCH","UNIT_SCADA",1,"2018/06/01 03:05:00","MLWF1","3.8550",NA,NA,NA
"D","DISPATCH","UNIT_SCADA",1,"2018/06/01 03:05:00","MTMILLAR","46.002186",NA,NA,NA
"D","DISPATCH","UNIT_SCADA",1,"2018/06/01 03:05:00","PALOONA","12.78",NA,NA,NA
"D","DISPATCH","UNIT_SCADA",1,"2018/06/01 03:05:00","PIONEER","-0.90",NA,NA,NA
"D","DISPATCH","UNIT_SCADA",1,"2018/06/01 03:05:00","PORTWF","37.900002",NA,NA,NA
"D","DISPATCH","UNIT_SCADA",1,"2018/06/01 03:05:00","REPULSE","0",NA,NA,NA
"D","DISPATCH","UNIT_SCADA",1,"2018/06/01 03:05:00","ROWALLAN","6.4610",NA,NA,NA
"D","DISPATCH","UNIT_SCADA",1,"2018/06/01 03:05:00","ROYALLA1","0",NA,NA,NA
"D","DISPATCH","UNIT_SCADA",1,"2018/06/01 03:05:00","RPCG","-0.30",NA,NA,NA
"D","DISPATCH","UNIT_SCADA",1,"2018/06/01 03:05:00","RUBICON","0",NA,NA,NA
"D","DISPATCH","UNIT_SCADA",1,"2018/06/01 03:05:00","SMCSF1","0",NA,NA,NA
"D","DISPATCH","UNIT_SCADA",1,"2018/06/01 03:05:00","STARHLWF","8.097639",NA,NA,NA
"D","DISPATCH","UNIT_SCADA",1,"2018/06/01 03:05:00","WAUBRAWF","50.6380",NA,NA,NA
"D","DISPATCH","UNIT_SCADA",1,"2018/06/01 03:05:00","WOOLNTH1","4.630015",NA,NA,NA
"D","DISPATCH","UNIT_SCADA",1,"2018/06/01 03:05:00","WPWF","36",NA,NA,NA
"D","DISPATCH","UNIT_SCADA",1,"2018/06/01 03:05:00","YAMBUKWF","5.60",NA,NA,NA
"D","DISPATCH","UNIT_SCADA",1,"2018/06/01 03:05:00","YSWF1","2.50",NA,NA,NA
"D","DISPATCH","UNIT_SCADA",1,"2018/06/01 03:10:00","BARCSF1","0.50",NA,NA,NA
"D","DISPATCH","UNIT_SCADA",1,"2018/06/01 03:10:00","BUTLERSG","9.199999",NA,NA,NA
"D","DISPATCH","UNIT_SCADA",1,"2018/06/01 03:10:00","CALL_A_4","0",NA,NA,NA
"D","DISPATCH","UNIT_SCADA",1,"2018/06/01 03:10:00","CAPTL_WF","60.880005",NA,NA,NA
"D","DISPATCH","UNIT_SCADA",1,"2018/06/01 03:10:00","CATHROCK","38.679996",NA,NA,NA
"D","DISPATCH","UNIT_SCADA",1,"2018/06/01 03:10:00","CHALLHWF","1.80",NA,NA,NA
"D","DISPATCH","UNIT_SCADA",1,"2018/06/01 03:10:00","CLOVER","0",NA,NA,NA
"D","DISPATCH","UNIT_SCADA",1,"2018/06/01 03:10:00","CLUNY","9.081712",NA,NA,NA
"D","DISPATCH","UNIT_SCADA",1,"2018/06/01 03:10:00","CNUNDAWF","4.605372",NA,NA,NA
"D","DISPATCH","UNIT_SCADA",1,"2018/06/01 03:10:00","CULLRGWF","17.58",NA,NA,NA
"D","DISPATCH","UNIT_SCADA",1,"2018/06/01 03:10:00","ERGT01","0",NA,NA,NA
"D","DISPATCH","UNIT_SCADA",1,"2018/06/01 03:10:00","GB01","0.056229",NA,NA,NA
"D","DISPATCH","UNIT_SCADA",1,"2018/06/01 03:10:00","GERMCRK","32.799999",NA,NA,NA
"D","DISPATCH","UNIT_SCADA",1,"2018/06/01 03:10:00","GRIFSF1","0",NA,NA,NA
"D","DISPATCH","UNIT_SCADA",1,"2018/06/01 03:10:00","HUGSF1","-0.0130",NA,NA,NA
"D","DISPATCH","UNIT_SCADA",1,"2018/06/01 03:10:00","INVICTA","0",NA,NA,NA
"D","DISPATCH","UNIT_SCADA",1,"2018/06/01 03:10:00","LKBONNY1","7.234058",NA,NA,NA
"D","DISPATCH","UNIT_SCADA",1,"2018/06/01 03:10:00","LRSF1","0.01",NA,NA,NA
"D","DISPATCH","UNIT_SCADA",1,"2018/06/01 03:10:00","MBAHNTH","53.306259",NA,NA,NA
"D","DISPATCH","UNIT_SCADA",1,"2018/06/01 03:10:00","MLSP1","0.370001",NA,NA,NA
"D","DISPATCH","UNIT_SCADA",1,"2018/06/01 03:10:00","MLWF1","4.26",NA,NA,NA
"D","DISPATCH","UNIT_SCADA",1,"2018/06/01 03:10:00","MTMILLAR","45.972424",NA,NA,NA
"D","DISPATCH","UNIT_SCADA",1,"2018/06/01 03:10:00","PALOONA","12.78",NA,NA,NA
"D","DISPATCH","UNIT_SCADA",1,"2018/06/01 03:10:00","PIONEER","-0.90",NA,NA,NA
"D","DISPATCH","UNIT_SCADA",1,"2018/06/01 03:10:00","PORTWF","40.400002",NA,NA,NA
"D","DISPATCH","UNIT_SCADA",1,"2018/06/01 03:10:00","REPULSE","0",NA,NA,NA
"D","DISPATCH","UNIT_SCADA",1,"2018/06/01 03:10:00","ROWALLAN","6.4468",NA,NA,NA
"D","DISPATCH","UNIT_SCADA",1,"2018/06/01 03:10:00","ROYALLA1","0",NA,NA,NA
"D","DISPATCH","UNIT_SCADA",1,"2018/06/01 03:10:00","RPCG","-0.30",NA,NA,NA
"D","DISPATCH","UNIT_SCADA",1,"2018/06/01 03:10:00","RUBICON","0",NA,NA,NA
"D","DISPATCH","UNIT_SCADA",1,"2018/06/01 03:10:00","SMCSF1","0",NA,NA,NA
"D","DISPATCH","UNIT_SCADA",1,"2018/06/01 03:10:00","STARHLWF","8.797435",NA,NA,NA
"D","DISPATCH","UNIT_SCADA",1,"2018/06/01 03:10:00","WAUBRAWF","47.931999",NA,NA,NA
"D","DISPATCH","UNIT_SCADA",1,"2018/06/01 03:10:00","WOOLNTH1","3.810015",NA,NA,NA
"D","DISPATCH","UNIT_SCADA",1,"2018/06/01 03:10:00","WPWF","35",NA,NA,NA
"D","DISPATCH","UNIT_SCADA",1,"2018/06/01 03:10:00","YAMBUKWF","4.80",NA,NA,NA
"D","DISPATCH","UNIT_SCADA",1,"2018/06/01 03:10:00","YSWF1","2.20",NA,NA,NA
"D","DISPATCH","UNIT_SCADA",1,"2018/06/01 03:15:00","BARCSF1","0.50",NA,NA,NA
"D","DISPATCH","UNIT_SCADA",1,"2018/06/01 03:15:00","BUTLERSG","9.199999",NA,NA,NA
"D","DISPATCH","UNIT_SCADA",1,"2018/06/01 03:15:00","CALL_A_4","0",NA,NA,NA
"D","DISPATCH","UNIT_SCADA",1,"2018/06/01 03:15:00","CAPTL_WF","61.4720",NA,NA,NA
"D","DISPATCH","UNIT_SCADA",1,"2018/06/01 03:15:00","CATHROCK","37.059998",NA,NA,NA
"D","DISPATCH","UNIT_SCADA",1,"2018/06/01 03:15:00","CHALLHWF","1.50",NA,NA,NA
"D","DISPATCH","UNIT_SCADA",1,"2018/06/01 03:15:00","CLOVER","0",NA,NA,NA
"D","DISPATCH","UNIT_SCADA",1,"2018/06/01 03:15:00","ERGT01","0",NA,NA,NA
"D","DISPATCH","UNIT_SCADA",1,"2018/06/01 03:15:00","CLUNY","9.077134",NA,NA,NA
"D","DISPATCH","UNIT_SCADA",1,"2018/06/01 03:15:00","CNUNDAWF","4.605372",NA,NA,NA
"D","DISPATCH","UNIT_SCADA",1,"2018/06/01 03:15:00","CULLRGWF","15.43",NA,NA,NA
"D","DISPATCH","UNIT_SCADA",1,"2018/06/01 03:15:00","GB01","0.056229",NA,NA,NA
"D","DISPATCH","UNIT_SCADA",1,"2018/06/01 03:15:00","GERMCRK","33.200001",NA,NA,NA
"D","DISPATCH","UNIT_SCADA",1,"2018/06/01 03:15:00","GRIFSF1","0",NA,NA,NA
"D","DISPATCH","UNIT_SCADA",1,"2018/06/01 03:15:00","HUGSF1","-0.0130",NA,NA,NA
"D","DISPATCH","UNIT_SCADA",1,"2018/06/01 03:15:00","INVICTA","0",NA,NA,NA
"D","DISPATCH","UNIT_SCADA",1,"2018/06/01 03:15:00","LKBONNY1","7.144749",NA,NA,NA
"D","DISPATCH","UNIT_SCADA",1,"2018/06/01 03:15:00","LRSF1","0.01",NA,NA,NA
"D","DISPATCH","UNIT_SCADA",1,"2018/06/01 03:15:00","MBAHNTH","53.306259",NA,NA,NA
"D","DISPATCH","UNIT_SCADA",1,"2018/06/01 03:15:00","MLSP1","0.370001",NA,NA,NA
"D","DISPATCH","UNIT_SCADA",1,"2018/06/01 03:15:00","MLWF1","4.3650",NA,NA,NA
"D","DISPATCH","UNIT_SCADA",1,"2018/06/01 03:15:00","MTMILLAR","48.658737",NA,NA,NA
"D","DISPATCH","UNIT_SCADA",1,"2018/06/01 03:15:00","PALOONA","12.599999",NA,NA,NA
"D","DISPATCH","UNIT_SCADA",1,"2018/06/01 03:15:00","PIONEER","-0.90",NA,NA,NA
"D","DISPATCH","UNIT_SCADA",1,"2018/06/01 03:15:00","PORTWF","41.900002",NA,NA,NA
"D","DISPATCH","UNIT_SCADA",1,"2018/06/01 03:15:00","REPULSE","0",NA,NA,NA
"D","DISPATCH","UNIT_SCADA",1,"2018/06/01 03:15:00","ROWALLAN","6.39",NA,NA,NA
"D","DISPATCH","UNIT_SCADA",1,"2018/06/01 03:15:00","ROYALLA1","0",NA,NA,NA
"D","DISPATCH","UNIT_SCADA",1,"2018/06/01 03:15:00","RPCG","-0.30",NA,NA,NA
"D","DISPATCH","UNIT_SCADA",1,"2018/06/01 03:15:00","RUBICON","0",NA,NA,NA
"D","DISPATCH","UNIT_SCADA",1,"2018/06/01 03:15:00","SMCSF1","0",NA,NA,NA
"D","DISPATCH","UNIT_SCADA",1,"2018/06/01 03:15:00","STARHLWF","8.597493",NA,NA,NA
"D","DISPATCH","UNIT_SCADA",1,"2018/06/01 03:15:00","WAUBRAWF","42.877998",NA,NA,NA
"D","DISPATCH","UNIT_SCADA",1,"2018/06/01 03:15:00","WOOLNTH1","3.020015",NA,NA,NA
"D","DISPATCH","UNIT_SCADA",1,"2018/06/01 03:15:00","WPWF","32",NA,NA,NA
"D","DISPATCH","UNIT_SCADA",1,"2018/06/01 03:15:00","YAMBUKWF","5.20",NA,NA,NA
"D","DISPATCH","UNIT_SCADA",1,"2018/06/01 03:15:00","YSWF1","1.90",NA,NA,NA
"D","DISPATCH","UNIT_SCADA",1,"2018/06/01 03:20:00","BARCSF1","0.50",NA,NA,NA
"D","DISPATCH","UNIT_SCADA",1,"2018/06/01 03:20:00","BUTLERSG","9.199999",NA,NA,NA
"D","DISPATCH","UNIT_SCADA",1,"2018/06/01 03:20:00","CALL_A_4","0",NA,NA,NA
"D","DISPATCH","UNIT_SCADA",1,"2018/06/01 03:20:00","CAPTL_WF","46.396004",NA,NA,NA
"D","DISPATCH","UNIT_SCADA",1,"2018/06/01 03:20:00","CATHROCK","37.189999",NA,NA,NA
"D","DISPATCH","UNIT_SCADA",1,"2018/06/01 03:20:00","CHALLHWF","1.30",NA,NA,NA
"D","DISPATCH","UNIT_SCADA",1,"2018/06/01 03:20:00","CLOVER","-0.02",NA,NA,NA
"D","DISPATCH","UNIT_SCADA",1,"2018/06/01 03:20:00","CLUNY","9.044175",NA,NA,NA
"D","DISPATCH","UNIT_SCADA",1,"2018/06/01 03:20:00","CNUNDAWF","4.605372",NA,NA,NA
"D","DISPATCH","UNIT_SCADA",1,"2018/06/01 03:20:00","CULLRGWF","11.66",NA,NA,NA
"D","DISPATCH","UNIT_SCADA",1,"2018/06/01 03:20:00","ERGT01","0",NA,NA,NA
"D","DISPATCH","UNIT_SCADA",1,"2018/06/01 03:20:00","GB01","0.056229",NA,NA,NA
"D","DISPATCH","UNIT_SCADA",1,"2018/06/01 03:20:00","GERMCRK","32.400002",NA,NA,NA
"D","DISPATCH","UNIT_SCADA",1,"2018/06/01 03:20:00","GRIFSF1","0",NA,NA,NA
"D","DISPATCH","UNIT_SCADA",1,"2018/06/01 03:20:00","HUGSF1","-0.0130",NA,NA,NA
"D","DISPATCH","UNIT_SCADA",1,"2018/06/01 03:20:00","INVICTA","0",NA,NA,NA
"D","DISPATCH","UNIT_SCADA",1,"2018/06/01 03:20:00","LKBONNY1","6.608893",NA,NA,NA
"D","DISPATCH","UNIT_SCADA",1,"2018/06/01 03:20:00","LRSF1","0.01",NA,NA,NA
"D","DISPATCH","UNIT_SCADA",1,"2018/06/01 03:20:00","MBAHNTH","53.306259",NA,NA,NA
"D","DISPATCH","UNIT_SCADA",1,"2018/06/01 03:20:00","MLSP1","0.370001",NA,NA,NA
"D","DISPATCH","UNIT_SCADA",1,"2018/06/01 03:20:00","MLWF1","3.66",NA,NA,NA
"D","DISPATCH","UNIT_SCADA",1,"2018/06/01 03:20:00","MTMILLAR","48.658737",NA,NA,NA
"D","DISPATCH","UNIT_SCADA",1,"2018/06/01 03:20:00","PALOONA","12.69",NA,NA,NA
"D","DISPATCH","UNIT_SCADA",1,"2018/06/01 03:20:00","PIONEER","-0.90",NA,NA,NA
"D","DISPATCH","UNIT_SCADA",1,"2018/06/01 03:20:00","PORTWF","45.299999",NA,NA,NA
"D","DISPATCH","UNIT_SCADA",1,"2018/06/01 03:20:00","REPULSE","0",NA,NA,NA
"D","DISPATCH","UNIT_SCADA",1,"2018/06/01 03:20:00","ROWALLAN","6.5107",NA,NA,NA
"D","DISPATCH","UNIT_SCADA",1,"2018/06/01 03:20:00","ROYALLA1","0",NA,NA,NA
"D","DISPATCH","UNIT_SCADA",1,"2018/06/01 03:20:00","RPCG","-0.30",NA,NA,NA
"D","DISPATCH","UNIT_SCADA",1,"2018/06/01 03:20:00","RUBICON","0",NA,NA,NA
"D","DISPATCH","UNIT_SCADA",1,"2018/06/01 03:20:00","SMCSF1","0",NA,NA,NA
"D","DISPATCH","UNIT_SCADA",1,"2018/06/01 03:20:00","STARHLWF","7.697755",NA,NA,NA
"D","DISPATCH","UNIT_SCADA",1,"2018/06/01 03:20:00","WAUBRAWF","38.806999",NA,NA,NA
"D","DISPATCH","UNIT_SCADA",1,"2018/06/01 03:20:00","WOOLNTH1","2.220015",NA,NA,NA
"D","DISPATCH","UNIT_SCADA",1,"2018/06/01 03:20:00","WPWF","32",NA,NA,NA
"D","DISPATCH","UNIT_SCADA",1,"2018/06/01 03:20:00","YAMBUKWF","4.60",NA,NA,NA
"D","DISPATCH","UNIT_SCADA",1,"2018/06/01 03:20:00","YSWF1","2.40",NA,NA,NA
"D","DISPATCH","UNIT_SCADA",1,"2018/06/01 03:25:00","BARCSF1","0.50",NA,NA,NA
"D","DISPATCH","UNIT_SCADA",1,"2018/06/01 03:25:00","BUTLERSG","9.199999",NA,NA,NA
"D","DISPATCH","UNIT_SCADA",1,"2018/06/01 03:25:00","CALL_A_4","0",NA,NA,NA
"D","DISPATCH","UNIT_SCADA",1,"2018/06/01 03:25:00","CAPTL_WF","39.323997",NA,NA,NA
"D","DISPATCH","UNIT_SCADA",1,"2018/06/01 03:25:00","CATHROCK","34.489998",NA,NA,NA
"D","DISPATCH","UNIT_SCADA",1,"2018/06/01 03:25:00","CHALLHWF","1.90",NA,NA,NA
"D","DISPATCH","UNIT_SCADA",1,"2018/06/01 03:25:00","CLOVER","-0.01",NA,NA,NA
"D","DISPATCH","UNIT_SCADA",1,"2018/06/01 03:25:00","CLUNY","9.077134",NA,NA,NA
"D","DISPATCH","UNIT_SCADA",1,"2018/06/01 03:25:00","CNUNDAWF","5.005839",NA,NA,NA
"D","DISPATCH","UNIT_SCADA",1,"2018/06/01 03:25:00","CULLRGWF","10.81",NA,NA,NA
"D","DISPATCH","UNIT_SCADA",1,"2018/06/01 03:25:00","ERGT01","0",NA,NA,NA
"D","DISPATCH","UNIT_SCADA",1,"2018/06/01 03:25:00","GB01","0.056229",NA,NA,NA
"D","DISPATCH","UNIT_SCADA",1,"2018/06/01 03:25:00","GERMCRK","32.200001",NA,NA,NA
"D","DISPATCH","UNIT_SCADA",1,"2018/06/01 03:25:00","GRIFSF1","0",NA,NA,NA
"D","DISPATCH","UNIT_SCADA",1,"2018/06/01 03:25:00","HUGSF1","-0.0130",NA,NA,NA
"D","DISPATCH","UNIT_SCADA",1,"2018/06/01 03:25:00","INVICTA","0",NA,NA,NA
"D","DISPATCH","UNIT_SCADA",1,"2018/06/01 03:25:00","LKBONNY1","5.983727",NA,NA,NA
"D","DISPATCH","UNIT_SCADA",1,"2018/06/01 03:25:00","LRSF1","0.01",NA,NA,NA
"D","DISPATCH","UNIT_SCADA",1,"2018/06/01 03:25:00","MBAHNTH","55.668747",NA,NA,NA
"D","DISPATCH","UNIT_SCADA",1,"2018/06/01 03:25:00","MLSP1","0.370001",NA,NA,NA
"D","DISPATCH","UNIT_SCADA",1,"2018/06/01 03:25:00","MLWF1","2.73",NA,NA,NA
"D","DISPATCH","UNIT_SCADA",1,"2018/06/01 03:25:00","MTMILLAR","50.466972",NA,NA,NA
"D","DISPATCH","UNIT_SCADA",1,"2018/06/01 03:25:00","PALOONA","12.69",NA,NA,NA
"D","DISPATCH","UNIT_SCADA",1,"2018/06/01 03:25:00","PIONEER","-0.90",NA,NA,NA
"D","DISPATCH","UNIT_SCADA",1,"2018/06/01 03:25:00","PORTWF","46.200001",NA,NA,NA
"D","DISPATCH","UNIT_SCADA",1,"2018/06/01 03:25:00","REPULSE","0",NA,NA,NA
"D","DISPATCH","UNIT_SCADA",1,"2018/06/01 03:25:00","ROWALLAN","6.6669",NA,NA,NA
"D","DISPATCH","UNIT_SCADA",1,"2018/06/01 03:25:00","ROYALLA1","0",NA,NA,NA
"D","DISPATCH","UNIT_SCADA",1,"2018/06/01 03:25:00","RPCG","-0.30",NA,NA,NA
"D","DISPATCH","UNIT_SCADA",1,"2018/06/01 03:25:00","RUBICON","0",NA,NA,NA
"D","DISPATCH","UNIT_SCADA",1,"2018/06/01 03:25:00","SMCSF1","0",NA,NA,NA
"D","DISPATCH","UNIT_SCADA",1,"2018/06/01 03:25:00","STARHLWF","8.297581",NA,NA,NA
"D","DISPATCH","UNIT_SCADA",1,"2018/06/01 03:25:00","WAUBRAWF","36.428001",NA,NA,NA
"D","DISPATCH","UNIT_SCADA",1,"2018/06/01 03:40:00","BARCSF1","0.50",NA,NA,NA
"D","DISPATCH","UNIT_SCADA",1,"2018/06/01 03:40:00","BUTLERSG","9.199999",NA,NA,NA
"D","DISPATCH","UNIT_SCADA",1,"2018/06/01 03:40:00","CALL_A_4","0",NA,NA,NA
"D","DISPATCH","UNIT_SCADA",1,"2018/06/01 03:40:00","CAPTL_WF","31.851997",NA,NA,NA
"D","DISPATCH","UNIT_SCADA",1,"2018/06/01 03:40:00","CATHROCK","34.789997",NA,NA,NA
"D","DISPATCH","UNIT_SCADA",1,"2018/06/01 03:40:00","CHALLHWF","1.80",NA,NA,NA
"D","DISPATCH","UNIT_SCADA",1,"2018/06/01 03:40:00","CLOVER","-0.01",NA,NA,NA
"D","DISPATCH","UNIT_SCADA",1,"2018/06/01 03:40:00","CLUNY","9.057908",NA,NA,NA
"D","DISPATCH","UNIT_SCADA",1,"2018/06/01 03:40:00","CNUNDAWF","4.705489",NA,NA,NA
"D","DISPATCH","UNIT_SCADA",1,"2018/06/01 03:40:00","CULLRGWF","11.97",NA,NA,NA
"D","DISPATCH","UNIT_SCADA",1,"2018/06/01 03:40:00","ERGT01","0",NA,NA,NA
"D","DISPATCH","UNIT_SCADA",1,"2018/06/01 03:40:00","GB01","0.056229",NA,NA,NA
"D","DISPATCH","UNIT_SCADA",1,"2018/06/01 03:40:00","GERMCRK","33",NA,NA,NA
"D","DISPATCH","UNIT_SCADA",1,"2018/06/01 03:40:00","GRIFSF1","0",NA,NA,NA
"D","DISPATCH","UNIT_SCADA",1,"2018/06/01 03:40:00","HUGSF1","-0.0130",NA,NA,NA
"D","DISPATCH","UNIT_SCADA",1,"2018/06/01 03:40:00","INVICTA","0",NA,NA,NA
"D","DISPATCH","UNIT_SCADA",1,"2018/06/01 03:40:00","LKBONNY1","6.876821",NA,NA,NA
"D","DISPATCH","UNIT_SCADA",1,"2018/06/01 03:40:00","LRSF1","0.01",NA,NA,NA
"D","DISPATCH","UNIT_SCADA",1,"2018/06/01 03:40:00","MBAHNTH","55.668747",NA,NA,NA
"D","DISPATCH","UNIT_SCADA",1,"2018/06/01 03:40:00","MLSP1","0.370001",NA,NA,NA
"D","DISPATCH","UNIT_SCADA",1,"2018/06/01 03:40:00","MLWF1","2.1150",NA,NA,NA
"D","DISPATCH","UNIT_SCADA",1,"2018/06/01 03:40:00","MTMILLAR","48.242023",NA,NA,NA
"D","DISPATCH","UNIT_SCADA",1,"2018/06/01 03:40:00","PALOONA","12.679999",NA,NA,NA
"D","DISPATCH","UNIT_SCADA",1,"2018/06/01 03:40:00","PIONEER","-0.90",NA,NA,NA
"D","DISPATCH","UNIT_SCADA",1,"2018/06/01 03:40:00","PORTWF","42.799999",NA,NA,NA
"D","DISPATCH","UNIT_SCADA",1,"2018/06/01 03:40:00","REPULSE","0",NA,NA,NA
"D","DISPATCH","UNIT_SCADA",1,"2018/06/01 03:40:00","ROWALLAN","6.3758",NA,NA,NA
"D","DISPATCH","UNIT_SCADA",1,"2018/06/01 03:40:00","ROYALLA1","0",NA,NA,NA
"D","DISPATCH","UNIT_SCADA",1,"2018/06/01 03:40:00","RPCG","-0.30",NA,NA,NA
"D","DISPATCH","UNIT_SCADA",1,"2018/06/01 03:40:00","RUBICON","0",NA,NA,NA
"D","DISPATCH","UNIT_SCADA",1,"2018/06/01 03:40:00","SMCSF1","0",NA,NA,NA
"D","DISPATCH","UNIT_SCADA",1,"2018/06/01 03:40:00","STARHLWF","7.797726",NA,NA,NA
"D","DISPATCH","UNIT_SCADA",1,"2018/06/01 03:40:00","WAUBRAWF","36.8340",NA,NA,NA
"D","DISPATCH","UNIT_SCADA",1,"2018/06/01 03:40:00","WOOLNTH1","-0.839985",NA,NA,NA
"D","DISPATCH","UNIT_SCADA",1,"2018/06/01 03:40:00","WPWF","32",NA,NA,NA
"D","DISPATCH","UNIT_SCADA",1,"2018/06/01 03:40:00","YAMBUKWF","7.40",NA,NA,NA
"D","DISPATCH","UNIT_SCADA",1,"2018/06/01 03:40:00","YSWF1","2",NA,NA,NA
"D","DISPATCH","UNIT_SCADA",1,"2018/06/01 03:25:00","WOOLNTH1","1.390015",NA,NA,NA
"D","DISPATCH","UNIT_SCADA",1,"2018/06/01 03:25:00","WPWF","33",NA,NA,NA
"D","DISPATCH","UNIT_SCADA",1,"2018/06/01 03:25:00","YAMBUKWF","4.50",NA,NA,NA
"D","DISPATCH","UNIT_SCADA",1,"2018/06/01 03:25:00","YSWF1","2",NA,NA,NA
"D","DISPATCH","UNIT_SCADA",1,"2018/06/01 03:30:00","BARCSF1","0.50",NA,NA,NA
"D","DISPATCH","UNIT_SCADA",1,"2018/06/01 03:30:00","BUTLERSG","9.199999",NA,NA,NA
"D","DISPATCH","UNIT_SCADA",1,"2018/06/01 03:30:00","CALL_A_4","0",NA,NA,NA
"D","DISPATCH","UNIT_SCADA",1,"2018/06/01 03:30:00","CAPTL_WF","39.776001",NA,NA,NA
"D","DISPATCH","UNIT_SCADA",1,"2018/06/01 03:30:00","CATHROCK","34.789997",NA,NA,NA
"D","DISPATCH","UNIT_SCADA",1,"2018/06/01 03:30:00","CHALLHWF","3.40",NA,NA,NA
"D","DISPATCH","UNIT_SCADA",1,"2018/06/01 03:30:00","CLOVER","-0.01",NA,NA,NA
"D","DISPATCH","UNIT_SCADA",1,"2018/06/01 03:30:00","CLUNY","9.067979",NA,NA,NA
"D","DISPATCH","UNIT_SCADA",1,"2018/06/01 03:30:00","CNUNDAWF","4.305022",NA,NA,NA
"D","DISPATCH","UNIT_SCADA",1,"2018/06/01 03:30:00","CULLRGWF","11.89",NA,NA,NA
"D","DISPATCH","UNIT_SCADA",1,"2018/06/01 03:30:00","ERGT01","0",NA,NA,NA
"D","DISPATCH","UNIT_SCADA",1,"2018/06/01 03:30:00","GB01","0.056229",NA,NA,NA
"D","DISPATCH","UNIT_SCADA",1,"2018/06/01 03:30:00","GERMCRK","33.200001",NA,NA,NA
"D","DISPATCH","UNIT_SCADA",1,"2018/06/01 03:30:00","GRIFSF1","0",NA,NA,NA
"D","DISPATCH","UNIT_SCADA",1,"2018/06/01 03:30:00","HUGSF1","-0.0130",NA,NA,NA
"D","DISPATCH","UNIT_SCADA",1,"2018/06/01 03:30:00","INVICTA","0",NA,NA,NA
"D","DISPATCH","UNIT_SCADA",1,"2018/06/01 03:30:00","LKBONNY1","5.805109",NA,NA,NA
"D","DISPATCH","UNIT_SCADA",1,"2018/06/01 03:30:00","LRSF1","0.01",NA,NA,NA
"D","DISPATCH","UNIT_SCADA",1,"2018/06/01 03:30:00","MBAHNTH","55.668747",NA,NA,NA
"D","DISPATCH","UNIT_SCADA",1,"2018/06/01 03:30:00","MLSP1","0.370001",NA,NA,NA
"D","DISPATCH","UNIT_SCADA",1,"2018/06/01 03:30:00","MLWF1","2.94",NA,NA,NA
"D","DISPATCH","UNIT_SCADA",1,"2018/06/01 03:30:00","MTMILLAR","50.571152",NA,NA,NA
"D","DISPATCH","UNIT_SCADA",1,"2018/06/01 03:30:00","PALOONA","12.77",NA,NA,NA
"D","DISPATCH","UNIT_SCADA",1,"2018/06/01 03:30:00","PIONEER","-0.90",NA,NA,NA
"D","DISPATCH","UNIT_SCADA",1,"2018/06/01 03:30:00","PORTWF","46.700001",NA,NA,NA
"D","DISPATCH","UNIT_SCADA",1,"2018/06/01 03:30:00","REPULSE","0",NA,NA,NA
"D","DISPATCH","UNIT_SCADA",1,"2018/06/01 03:30:00","ROWALLAN","6.5888",NA,NA,NA
"D","DISPATCH","UNIT_SCADA",1,"2018/06/01 03:30:00","ROYALLA1","0",NA,NA,NA
"D","DISPATCH","UNIT_SCADA",1,"2018/06/01 03:30:00","RPCG","-0.30",NA,NA,NA
"D","DISPATCH","UNIT_SCADA",1,"2018/06/01 03:30:00","RUBICON","0",NA,NA,NA
"D","DISPATCH","UNIT_SCADA",1,"2018/06/01 03:30:00","SMCSF1","0",NA,NA,NA
"D","DISPATCH","UNIT_SCADA",1,"2018/06/01 03:30:00","STARHLWF","7.797726",NA,NA,NA
"D","DISPATCH","UNIT_SCADA",1,"2018/06/01 03:30:00","WAUBRAWF","35.089001",NA,NA,NA
"D","DISPATCH","UNIT_SCADA",1,"2018/06/01 03:30:00","WOOLNTH1","0.020015",NA,NA,NA
"D","DISPATCH","UNIT_SCADA",1,"2018/06/01 03:30:00","WPWF","32",NA,NA,NA
"D","DISPATCH","UNIT_SCADA",1,"2018/06/01 03:30:00","YAMBUKWF","5.30",NA,NA,NA
"D","DISPATCH","UNIT_SCADA",1,"2018/06/01 03:30:00","YSWF1","1.60",NA,NA,NA
"D","DISPATCH","UNIT_SCADA",1,"2018/06/01 03:35:00","BARCSF1","0.50",NA,NA,NA
"D","DISPATCH","UNIT_SCADA",1,"2018/06/01 03:35:00","BUTLERSG","9.199999",NA,NA,NA
"D","DISPATCH","UNIT_SCADA",1,"2018/06/01 03:35:00","CALL_A_4","0",NA,NA,NA
"D","DISPATCH","UNIT_SCADA",1,"2018/06/01 03:35:00","CAPTL_WF","34.671997",NA,NA,NA
"D","DISPATCH","UNIT_SCADA",1,"2018/06/01 03:35:00","CATHROCK","34.789997",NA,NA,NA
"D","DISPATCH","UNIT_SCADA",1,"2018/06/01 03:35:00","CHALLHWF","3.10",NA,NA,NA
"D","DISPATCH","UNIT_SCADA",1,"2018/06/01 03:35:00","CLOVER","0",NA,NA,NA
"D","DISPATCH","UNIT_SCADA",1,"2018/06/01 03:35:00","CLUNY","9.072556",NA,NA,NA
"D","DISPATCH","UNIT_SCADA",1,"2018/06/01 03:35:00","CNUNDAWF","3.904555",NA,NA,NA
"D","DISPATCH","UNIT_SCADA",1,"2018/06/01 03:35:00","CULLRGWF","11.65",NA,NA,NA
"D","DISPATCH","UNIT_SCADA",1,"2018/06/01 03:35:00","ERGT01","0",NA,NA,NA
"D","DISPATCH","UNIT_SCADA",1,"2018/06/01 03:35:00","GB01","0.056229",NA,NA,NA
"D","DISPATCH","UNIT_SCADA",1,"2018/06/01 03:35:00","GERMCRK","32.799999",NA,NA,NA
"D","DISPATCH","UNIT_SCADA",1,"2018/06/01 03:35:00","GRIFSF1","0",NA,NA,NA
"D","DISPATCH","UNIT_SCADA",1,"2018/06/01 03:35:00","HUGSF1","-0.0130",NA,NA,NA
"D","DISPATCH","UNIT_SCADA",1,"2018/06/01 03:35:00","INVICTA","0",NA,NA,NA
"D","DISPATCH","UNIT_SCADA",1,"2018/06/01 03:35:00","LKBONNY1","6.162346",NA,NA,NA
"D","DISPATCH","UNIT_SCADA",1,"2018/06/01 03:35:00","LRSF1","0.01",NA,NA,NA
"D","DISPATCH","UNIT_SCADA",1,"2018/06/01 03:35:00","MBAHNTH","55.668747",NA,NA,NA
"D","DISPATCH","UNIT_SCADA",1,"2018/06/01 03:35:00","MLSP1","0.370001",NA,NA,NA
"D","DISPATCH","UNIT_SCADA",1,"2018/06/01 03:35:00","MLWF1","2.52",NA,NA,NA
"D","DISPATCH","UNIT_SCADA",1,"2018/06/01 03:35:00","MTMILLAR","49.157303",NA,NA,NA
"D","DISPATCH","UNIT_SCADA",1,"2018/06/01 03:35:00","PALOONA","12.77",NA,NA,NA
"D","DISPATCH","UNIT_SCADA",1,"2018/06/01 03:35:00","PIONEER","-0.90",NA,NA,NA
"D","DISPATCH","UNIT_SCADA",1,"2018/06/01 03:35:00","PORTWF","42.799999",NA,NA,NA
"D","DISPATCH","UNIT_SCADA",1,"2018/06/01 03:35:00","REPULSE","0",NA,NA,NA
"D","DISPATCH","UNIT_SCADA",1,"2018/06/01 03:35:00","ROWALLAN","6.4894",NA,NA,NA
"D","DISPATCH","UNIT_SCADA",1,"2018/06/01 03:35:00","ROYALLA1","0",NA,NA,NA
"D","DISPATCH","UNIT_SCADA",1,"2018/06/01 03:35:00","RPCG","-0.30",NA,NA,NA
"D","DISPATCH","UNIT_SCADA",1,"2018/06/01 03:35:00","RUBICON","0",NA,NA,NA
"D","DISPATCH","UNIT_SCADA",1,"2018/06/01 03:35:00","SMCSF1","0",NA,NA,NA
"D","DISPATCH","UNIT_SCADA",1,"2018/06/01 03:35:00","STARHLWF","8.597493",NA,NA,NA
"D","DISPATCH","UNIT_SCADA",1,"2018/06/01 03:35:00","WAUBRAWF","36.755001",NA,NA,NA
"D","DISPATCH","UNIT_SCADA",1,"2018/06/01 03:35:00","WOOLNTH1","-0.539985",NA,NA,NA
"D","DISPATCH","UNIT_SCADA",1,"2018/06/01 03:35:00","WPWF","31",NA,NA,NA
"D","DISPATCH","UNIT_SCADA",1,"2018/06/01 03:35:00","YAMBUKWF","5.90",NA,NA,NA
"D","DISPATCH","UNIT_SCADA",1,"2018/06/01 03:35:00","YSWF1","1.50",NA,NA,NA
"D","DISPATCH","UNIT_SCADA",1,"2018/06/01 03:45:00","BARCSF1","0.50",NA,NA,NA
"D","DISPATCH","UNIT_SCADA",1,"2018/06/01 03:45:00","BUTLERSG","9.199999",NA,NA,NA
"D","DISPATCH","UNIT_SCADA",1,"2018/06/01 03:45:00","CALL_A_4","0",NA,NA,NA
"D","DISPATCH","UNIT_SCADA",1,"2018/06/01 03:45:00","CAPTL_WF","29.747993",NA,NA,NA
"D","DISPATCH","UNIT_SCADA",1,"2018/06/01 03:45:00","CATHROCK","38.849998",NA,NA,NA
"D","DISPATCH","UNIT_SCADA",1,"2018/06/01 03:45:00","CHALLHWF","1.50",NA,NA,NA
"D","DISPATCH","UNIT_SCADA",1,"2018/06/01 03:45:00","CLOVER","-0.02",NA,NA,NA
"D","DISPATCH","UNIT_SCADA",1,"2018/06/01 03:45:00","CLUNY","9.053330",NA,NA,NA
"D","DISPATCH","UNIT_SCADA",1,"2018/06/01 03:45:00","CNUNDAWF","5.206073",NA,NA,NA
"D","DISPATCH","UNIT_SCADA",1,"2018/06/01 03:45:00","CULLRGWF","8.80",NA,NA,NA
"D","DISPATCH","UNIT_SCADA",1,"2018/06/01 03:45:00","ERGT01","0",NA,NA,NA
"D","DISPATCH","UNIT_SCADA",1,"2018/06/01 03:45:00","GB01","0.056229",NA,NA,NA
"D","DISPATCH","UNIT_SCADA",1,"2018/06/01 03:45:00","GERMCRK","33.299999",NA,NA,NA
"D","DISPATCH","UNIT_SCADA",1,"2018/06/01 03:45:00","GRIFSF1","0",NA,NA,NA
"D","DISPATCH","UNIT_SCADA",1,"2018/06/01 03:45:00","HUGSF1","-0.0130",NA,NA,NA
"D","DISPATCH","UNIT_SCADA",1,"2018/06/01 03:45:00","INVICTA","0",NA,NA,NA
"D","DISPATCH","UNIT_SCADA",1,"2018/06/01 03:45:00","LKBONNY1","8.305771",NA,NA,NA
"D","DISPATCH","UNIT_SCADA",1,"2018/06/01 03:45:00","LRSF1","0.01",NA,NA,NA
"D","DISPATCH","UNIT_SCADA",1,"2018/06/01 03:45:00","MBAHNTH","55.668747",NA,NA,NA
"D","DISPATCH","UNIT_SCADA",1,"2018/06/01 03:45:00","MLSP1","0.370001",NA,NA,NA
"D","DISPATCH","UNIT_SCADA",1,"2018/06/01 03:45:00","MLWF1","2.22",NA,NA,NA
"D","DISPATCH","UNIT_SCADA",1,"2018/06/01 03:45:00","MTMILLAR","46.217987",NA,NA,NA
"D","DISPATCH","UNIT_SCADA",1,"2018/06/01 03:45:00","PALOONA","12.679999",NA,NA,NA
"D","DISPATCH","UNIT_SCADA",1,"2018/06/01 03:45:00","PIONEER","-0.90",NA,NA,NA
"D","DISPATCH","UNIT_SCADA",1,"2018/06/01 03:45:00","PORTWF","40.799999",NA,NA,NA
"D","DISPATCH","UNIT_SCADA",1,"2018/06/01 03:45:00","REPULSE","0",NA,NA,NA
"D","DISPATCH","UNIT_SCADA",1,"2018/06/01 03:45:00","ROWALLAN","6.5604",NA,NA,NA
"D","DISPATCH","UNIT_SCADA",1,"2018/06/01 03:45:00","ROYALLA1","0",NA,NA,NA
"D","DISPATCH","UNIT_SCADA",1,"2018/06/01 03:45:00","RPCG","-0.30",NA,NA,NA
"D","DISPATCH","UNIT_SCADA",1,"2018/06/01 03:45:00","RUBICON","0",NA,NA,NA
"D","DISPATCH","UNIT_SCADA",1,"2018/06/01 03:45:00","SMCSF1","0",NA,NA,NA
"D","DISPATCH","UNIT_SCADA",1,"2018/06/01 03:45:00","STARHLWF","9.597201",NA,NA,NA
"D","DISPATCH","UNIT_SCADA",1,"2018/06/01 03:45:00","WAUBRAWF","30.728001",NA,NA,NA
"D","DISPATCH","UNIT_SCADA",1,"2018/06/01 03:45:00","WOOLNTH1","-0.809985",NA,NA,NA
"D","DISPATCH","UNIT_SCADA",1,"2018/06/01 03:45:00","WPWF","37",NA,NA,NA
"D","DISPATCH","UNIT_SCADA",1,"2018/06/01 03:45:00","YAMBUKWF","7.10",NA,NA,NA
"D","DISPATCH","UNIT_SCADA",1,"2018/06/01 03:45:00","YSWF1","1.70",NA,NA,NA
"D","DISPATCH","UNIT_SCADA",1,"2018/06/01 03:50:00","BARCSF1","0.50",NA,NA,NA
"D","DISPATCH","UNIT_SCADA",1,"2018/06/01 03:50:00","BUTLERSG","9.199999",NA,NA,NA
"D","DISPATCH","UNIT_SCADA",1,"2018/06/01 03:50:00","CALL_A_4","0",NA,NA,NA
"D","DISPATCH","UNIT_SCADA",1,"2018/06/01 03:50:00","CAPTL_WF","28.639999",NA,NA,NA
"D","DISPATCH","UNIT_SCADA",1,"2018/06/01 03:50:00","CATHROCK","38.699997",NA,NA,NA
"D","DISPATCH","UNIT_SCADA",1,"2018/06/01 03:50:00","CHALLHWF","0.70",NA,NA,NA
"D","DISPATCH","UNIT_SCADA",1,"2018/06/01 03:50:00","CLOVER","-0.01",NA,NA,NA
"D","DISPATCH","UNIT_SCADA",1,"2018/06/01 03:50:00","CLUNY","9.062486",NA,NA,NA
"D","DISPATCH","UNIT_SCADA",1,"2018/06/01 03:50:00","CNUNDAWF","6.807941",NA,NA,NA
"D","DISPATCH","UNIT_SCADA",1,"2018/06/01 03:50:00","CULLRGWF","7.18",NA,NA,NA
"D","DISPATCH","UNIT_SCADA",1,"2018/06/01 03:50:00","ERGT01","0",NA,NA,NA
"D","DISPATCH","UNIT_SCADA",1,"2018/06/01 03:50:00","GB01","0.056229",NA,NA,NA
"D","DISPATCH","UNIT_SCADA",1,"2018/06/01 03:50:00","GERMCRK","33.099998",NA,NA,NA
"D","DISPATCH","UNIT_SCADA",1,"2018/06/01 03:50:00","GRIFSF1","0",NA,NA,NA
"D","DISPATCH","UNIT_SCADA",1,"2018/06/01 03:50:00","HUGSF1","-0.0130",NA,NA,NA
"D","DISPATCH","UNIT_SCADA",1,"2018/06/01 03:50:00","INVICTA","0",NA,NA,NA
"D","DISPATCH","UNIT_SCADA",1,"2018/06/01 03:50:00","LKBONNY1","9.824030",NA,NA,NA
"D","DISPATCH","UNIT_SCADA",1,"2018/06/01 03:50:00","LRSF1","0.01",NA,NA,NA
"D","DISPATCH","UNIT_SCADA",1,"2018/06/01 03:50:00","MBAHNTH","55.668747",NA,NA,NA
"D","DISPATCH","UNIT_SCADA",1,"2018/06/01 03:50:00","MLSP1","0.370001",NA,NA,NA
"D","DISPATCH","UNIT_SCADA",1,"2018/06/01 03:50:00","MLWF1","2.43",NA,NA,NA
"D","DISPATCH","UNIT_SCADA",1,"2018/06/01 03:50:00","MTMILLAR","46.262634",NA,NA,NA
"D","DISPATCH","UNIT_SCADA",1,"2018/06/01 03:50:00","PALOONA","12.719999",NA,NA,NA
"D","DISPATCH","UNIT_SCADA",1,"2018/06/01 03:50:00","PIONEER","-0.90",NA,NA,NA
"D","DISPATCH","UNIT_SCADA",1,"2018/06/01 03:50:00","PORTWF","40",NA,NA,NA
"D","DISPATCH","UNIT_SCADA",1,"2018/06/01 03:50:00","REPULSE","0",NA,NA,NA
"D","DISPATCH","UNIT_SCADA",1,"2018/06/01 03:50:00","ROWALLAN","6.5320",NA,NA,NA
"D","DISPATCH","UNIT_SCADA",1,"2018/06/01 03:50:00","ROYALLA1","0",NA,NA,NA
"D","DISPATCH","UNIT_SCADA",1,"2018/06/01 03:50:00","RPCG","-0.30",NA,NA,NA
"D","DISPATCH","UNIT_SCADA",1,"2018/06/01 03:50:00","RUBICON","0",NA,NA,NA
"D","DISPATCH","UNIT_SCADA",1,"2018/06/01 03:50:00","SMCSF1","0",NA,NA,NA
"D","DISPATCH","UNIT_SCADA",1,"2018/06/01 03:50:00","STARHLWF","9.797143",NA,NA,NA
"D","DISPATCH","UNIT_SCADA",1,"2018/06/01 03:50:00","WAUBRAWF","26.4550",NA,NA,NA
"D","DISPATCH","UNIT_SCADA",1,"2018/06/01 03:50:00","WOOLNTH1","-0.769985",NA,NA,NA
"D","DISPATCH","UNIT_SCADA",1,"2018/06/01 03:50:00","WPWF","35",NA,NA,NA
"D","DISPATCH","UNIT_SCADA",1,"2018/06/01 03:50:00","YAMBUKWF","7.40",NA,NA,NA
"D","DISPATCH","UNIT_SCADA",1,"2018/06/01 03:50:00","YSWF1","1.30",NA,NA,NA
"D","DISPATCH","UNIT_SCADA",1,"2018/06/01 03:55:00","BARCSF1","0.50",NA,NA,NA
"D","DISPATCH","UNIT_SCADA",1,"2018/06/01 03:55:00","CATHROCK","38.969997",NA,NA,NA
"D","DISPATCH","UNIT_SCADA",1,"2018/06/01 03:55:00","BUTLERSG","9.199999",NA,NA,NA
"D","DISPATCH","UNIT_SCADA",1,"2018/06/01 03:55:00","CALL_A_4","0",NA,NA,NA
"D","DISPATCH","UNIT_SCADA",1,"2018/06/01 03:55:00","CAPTL_WF","26.340004",NA,NA,NA
"D","DISPATCH","UNIT_SCADA",1,"2018/06/01 03:55:00","CHALLHWF","1.10",NA,NA,NA
"D","DISPATCH","UNIT_SCADA",1,"2018/06/01 03:55:00","CLOVER","-0.01",NA,NA,NA
"D","DISPATCH","UNIT_SCADA",1,"2018/06/01 03:55:00","CLUNY","9.057908",NA,NA,NA
"D","DISPATCH","UNIT_SCADA",1,"2018/06/01 03:55:00","CNUNDAWF","7.408642",NA,NA,NA
"D","DISPATCH","UNIT_SCADA",1,"2018/06/01 03:55:00","CULLRGWF","6.86",NA,NA,NA
"D","DISPATCH","UNIT_SCADA",1,"2018/06/01 03:55:00","ERGT01","0",NA,NA,NA
"D","DISPATCH","UNIT_SCADA",1,"2018/06/01 03:55:00","GB01","0.054981",NA,NA,NA
"D","DISPATCH","UNIT_SCADA",1,"2018/06/01 03:55:00","GERMCRK","33.400002",NA,NA,NA
"D","DISPATCH","UNIT_SCADA",1,"2018/06/01 03:55:00","GRIFSF1","0",NA,NA,NA
"D","DISPATCH","UNIT_SCADA",1,"2018/06/01 03:55:00","HUGSF1","-0.0130",NA,NA,NA
"D","DISPATCH","UNIT_SCADA",1,"2018/06/01 03:55:00","INVICTA","0",NA,NA,NA
"D","DISPATCH","UNIT_SCADA",1,"2018/06/01 03:55:00","LKBONNY1","10.181268",NA,NA,NA
"D","DISPATCH","UNIT_SCADA",1,"2018/06/01 03:55:00","LRSF1","0.01",NA,NA,NA
"D","DISPATCH","UNIT_SCADA",1,"2018/06/01 03:55:00","MBAHNTH","55.668747",NA,NA,NA
"D","DISPATCH","UNIT_SCADA",1,"2018/06/01 03:55:00","MLSP1","0.370001",NA,NA,NA
"D","DISPATCH","UNIT_SCADA",1,"2018/06/01 03:55:00","MLWF1","3.0450",NA,NA,NA
"D","DISPATCH","UNIT_SCADA",1,"2018/06/01 03:55:00","MTMILLAR","46.2924",NA,NA,NA
"D","DISPATCH","UNIT_SCADA",1,"2018/06/01 03:55:00","PALOONA","12.719999",NA,NA,NA
"D","DISPATCH","UNIT_SCADA",1,"2018/06/01 03:55:00","PIONEER","-0.90",NA,NA,NA
"D","DISPATCH","UNIT_SCADA",1,"2018/06/01 03:55:00","PORTWF","39.099998",NA,NA,NA
"D","DISPATCH","UNIT_SCADA",1,"2018/06/01 03:55:00","REPULSE","0",NA,NA,NA
"D","DISPATCH","UNIT_SCADA",1,"2018/06/01 03:55:00","ROWALLAN","6.5391",NA,NA,NA
"D","DISPATCH","UNIT_SCADA",1,"2018/06/01 03:55:00","ROYALLA1","0",NA,NA,NA
"D","DISPATCH","UNIT_SCADA",1,"2018/06/01 03:55:00","RPCG","-0.30",NA,NA,NA
"D","DISPATCH","UNIT_SCADA",1,"2018/06/01 03:55:00","RUBICON","0",NA,NA,NA
"D","DISPATCH","UNIT_SCADA",1,"2018/06/01 03:55:00","SMCSF1","0",NA,NA,NA
"D","DISPATCH","UNIT_SCADA",1,"2018/06/01 03:55:00","STARHLWF","10.796851",NA,NA,NA
"D","DISPATCH","UNIT_SCADA",1,"2018/06/01 03:55:00","WAUBRAWF","21.7360",NA,NA,NA
"D","DISPATCH","UNIT_SCADA",1,"2018/06/01 03:55:00","WOOLNTH1","-0.759985",NA,NA,NA
"D","DISPATCH","UNIT_SCADA",1,"2018/06/01 03:55:00","WPWF","38",NA,NA,NA
"D","DISPATCH","UNIT_SCADA",1,"2018/06/01 03:55:00","YAMBUKWF","8.20",NA,NA,NA
"D","DISPATCH","UNIT_SCADA",1,"2018/06/01 03:55:00","YSWF1","1.50",NA,NA,NA
"D","DISPATCH","UNIT_SCADA",1,"2018/06/01 04:00:00","BARCSF1","0.50",NA,NA,NA
"D","DISPATCH","UNIT_SCADA",1,"2018/06/01 04:00:00","BUTLERSG","9.199999",NA,NA,NA
"D","DISPATCH","UNIT_SCADA",1,"2018/06/01 04:00:00","CALL_A_4","0",NA,NA,NA
"D","DISPATCH","UNIT_SCADA",1,"2018/06/01 04:00:00","CAPTL_WF","27.851997",NA,NA,NA
"D","DISPATCH","UNIT_SCADA",1,"2018/06/01 04:00:00","CATHROCK","38.809998",NA,NA,NA
"D","DISPATCH","UNIT_SCADA",1,"2018/06/01 04:00:00","CHALLHWF","2.10",NA,NA,NA
"D","DISPATCH","UNIT_SCADA",1,"2018/06/01 04:00:00","CLOVER","-0.01",NA,NA,NA
"D","DISPATCH","UNIT_SCADA",1,"2018/06/01 04:00:00","CLUNY","9.057908",NA,NA,NA
"D","DISPATCH","UNIT_SCADA",1,"2018/06/01 04:00:00","CNUNDAWF","8.109460",NA,NA,NA
"D","DISPATCH","UNIT_SCADA",1,"2018/06/01 04:00:00","CULLRGWF","6.01",NA,NA,NA
"D","DISPATCH","UNIT_SCADA",1,"2018/06/01 04:00:00","ERGT01","0",NA,NA,NA
"D","DISPATCH","UNIT_SCADA",1,"2018/06/01 04:00:00","GB01","0.054981",NA,NA,NA
"D","DISPATCH","UNIT_SCADA",1,"2018/06/01 04:00:00","GERMCRK","31.40",NA,NA,NA
"D","DISPATCH","UNIT_SCADA",1,"2018/06/01 04:00:00","GRIFSF1","0",NA,NA,NA
"D","DISPATCH","UNIT_SCADA",1,"2018/06/01 04:00:00","HUGSF1","-0.0130",NA,NA,NA
"D","DISPATCH","UNIT_SCADA",1,"2018/06/01 04:00:00","INVICTA","0",NA,NA,NA
"D","DISPATCH","UNIT_SCADA",1,"2018/06/01 04:00:00","LKBONNY1","10.627814",NA,NA,NA
"D","DISPATCH","UNIT_SCADA",1,"2018/06/01 04:00:00","LRSF1","0.01",NA,NA,NA
"D","DISPATCH","UNIT_SCADA",1,"2018/06/01 04:00:00","MBAHNTH","55.668747",NA,NA,NA
"D","DISPATCH","UNIT_SCADA",1,"2018/06/01 04:00:00","MLSP1","0.370001",NA,NA,NA
"D","DISPATCH","UNIT_SCADA",1,"2018/06/01 04:00:00","MLWF1","3.57",NA,NA,NA
"D","DISPATCH","UNIT_SCADA",1,"2018/06/01 04:00:00","MTMILLAR","46.180779",NA,NA,NA
"D","DISPATCH","UNIT_SCADA",1,"2018/06/01 04:00:00","PALOONA","12.719999",NA,NA,NA
"D","DISPATCH","UNIT_SCADA",1,"2018/06/01 04:00:00","PIONEER","-0.90",NA,NA,NA
"D","DISPATCH","UNIT_SCADA",1,"2018/06/01 04:00:00","PORTWF","41.799999",NA,NA,NA
"D","DISPATCH","UNIT_SCADA",1,"2018/06/01 04:00:00","REPULSE","0",NA,NA,NA
"D","DISPATCH","UNIT_SCADA",1,"2018/06/01 04:00:00","ROWALLAN","6.5888",NA,NA,NA
"D","DISPATCH","UNIT_SCADA",1,"2018/06/01 04:00:00","ROYALLA1","0",NA,NA,NA
"D","DISPATCH","UNIT_SCADA",1,"2018/06/01 04:00:00","RPCG","-0.30",NA,NA,NA
"D","DISPATCH","UNIT_SCADA",1,"2018/06/01 04:00:00","RUBICON","0",NA,NA,NA
"D","DISPATCH","UNIT_SCADA",1,"2018/06/01 04:00:00","SMCSF1","0",NA,NA,NA
"D","DISPATCH","UNIT_SCADA",1,"2018/06/01 04:00:00","STARHLWF","10.696880",NA,NA,NA
"D","DISPATCH","UNIT_SCADA",1,"2018/06/01 04:00:00","WAUBRAWF","18.646999",NA,NA,NA
"D","DISPATCH","UNIT_SCADA",1,"2018/06/01 04:00:00","WOOLNTH1","-0.769985",NA,NA,NA
"D","DISPATCH","UNIT_SCADA",1,"2018/06/01 04:00:00","WPWF","36",NA,NA,NA
"D","DISPATCH","UNIT_SCADA",1,"2018/06/01 04:00:00","YAMBUKWF","8.40",NA,NA,NA
"D","DISPATCH","UNIT_SCADA",1,"2018/06/01 04:00:00","YSWF1","1.20",NA,NA,NA
"D","DISPATCH","UNIT_SCADA",1,"2018/06/01 04:05:00","BARCSF1","0.50",NA,NA,NA
"D","DISPATCH","UNIT_SCADA",1,"2018/06/01 04:05:00","BUTLERSG","9.199999",NA,NA,NA
"D","DISPATCH","UNIT_SCADA",1,"2018/06/01 04:05:00","CALL_A_4","0",NA,NA,NA
"D","DISPATCH","UNIT_SCADA",1,"2018/06/01 04:05:00","CAPTL_WF","24.899994",NA,NA,NA
"D","DISPATCH","UNIT_SCADA",1,"2018/06/01 04:05:00","CATHROCK","38.899998",NA,NA,NA
"D","DISPATCH","UNIT_SCADA",1,"2018/06/01 04:05:00","CHALLHWF","2.50",NA,NA,NA
"D","DISPATCH","UNIT_SCADA",1,"2018/06/01 04:05:00","CLOVER","-0.01",NA,NA,NA
"D","DISPATCH","UNIT_SCADA",1,"2018/06/01 04:05:00","CLUNY","9.062486",NA,NA,NA
"D","DISPATCH","UNIT_SCADA",1,"2018/06/01 04:05:00","CNUNDAWF","8.209577",NA,NA,NA
"D","DISPATCH","UNIT_SCADA",1,"2018/06/01 04:05:00","CULLRGWF","5.01",NA,NA,NA
"D","DISPATCH","UNIT_SCADA",1,"2018/06/01 04:05:00","ERGT01","0",NA,NA,NA
"D","DISPATCH","UNIT_SCADA",1,"2018/06/01 04:05:00","GB01","0.054981",NA,NA,NA
"D","DISPATCH","UNIT_SCADA",1,"2018/06/01 04:05:00","GERMCRK","33.50",NA,NA,NA
"D","DISPATCH","UNIT_SCADA",1,"2018/06/01 04:05:00","GRIFSF1","0",NA,NA,NA
"D","DISPATCH","UNIT_SCADA",1,"2018/06/01 04:05:00","HUGSF1","-0.0130",NA,NA,NA
"D","DISPATCH","UNIT_SCADA",1,"2018/06/01 04:05:00","INVICTA","0",NA,NA,NA
"D","DISPATCH","UNIT_SCADA",1,"2018/06/01 04:05:00","LKBONNY1","10.806433",NA,NA,NA
"D","DISPATCH","UNIT_SCADA",1,"2018/06/01 04:05:00","LRSF1","0.01",NA,NA,NA
"D","DISPATCH","UNIT_SCADA",1,"2018/06/01 04:05:00","MBAHNTH","55.668747",NA,NA,NA
"D","DISPATCH","UNIT_SCADA",1,"2018/06/01 04:05:00","MLSP1","0.370001",NA,NA,NA
"D","DISPATCH","UNIT_SCADA",1,"2018/06/01 04:05:00","MLWF1","3.7650",NA,NA,NA
"D","DISPATCH","UNIT_SCADA",1,"2018/06/01 04:05:00","MTMILLAR","42.906601",NA,NA,NA
"D","DISPATCH","UNIT_SCADA",1,"2018/06/01 04:05:00","PALOONA","12.719999",NA,NA,NA
"D","DISPATCH","UNIT_SCADA",1,"2018/06/01 04:05:00","PIONEER","-0.90",NA,NA,NA
"D","DISPATCH","UNIT_SCADA",1,"2018/06/01 04:05:00","PORTWF","44.299999",NA,NA,NA
"D","DISPATCH","UNIT_SCADA",1,"2018/06/01 04:05:00","REPULSE","0",NA,NA,NA
"D","DISPATCH","UNIT_SCADA",1,"2018/06/01 04:05:00","ROWALLAN","6.4468",NA,NA,NA
"D","DISPATCH","UNIT_SCADA",1,"2018/06/01 04:05:00","ROYALLA1","0",NA,NA,NA
"D","DISPATCH","UNIT_SCADA",1,"2018/06/01 04:05:00","RPCG","-0.30",NA,NA,NA
"D","DISPATCH","UNIT_SCADA",1,"2018/06/01 04:05:00","RUBICON","0",NA,NA,NA
"D","DISPATCH","UNIT_SCADA",1,"2018/06/01 04:05:00","SMCSF1","0",NA,NA,NA
"D","DISPATCH","UNIT_SCADA",1,"2018/06/01 04:05:00","STARHLWF","10.296997",NA,NA,NA
"D","DISPATCH","UNIT_SCADA",1,"2018/06/01 04:05:00","WAUBRAWF","19.8050",NA,NA,NA
"D","DISPATCH","UNIT_SCADA",1,"2018/06/01 04:05:00","WOOLNTH1","-0.749985",NA,NA,NA
"D","DISPATCH","UNIT_SCADA",1,"2018/06/01 04:05:00","WPWF","37",NA,NA,NA
"D","DISPATCH","UNIT_SCADA",1,"2018/06/01 04:05:00","YAMBUKWF","8.20",NA,NA,NA
"D","DISPATCH","UNIT_SCADA",1,"2018/06/01 04:05:00","YSWF1","1.10",NA,NA,NA
"D","DISPATCH","UNIT_SCADA",1,"2018/06/01 04:10:00","BARCSF1","0.50",NA,NA,NA
"D","DISPATCH","UNIT_SCADA",1,"2018/06/01 04:10:00","BUTLERSG","9.199999",NA,NA,NA
"D","DISPATCH","UNIT_SCADA",1,"2018/06/01 04:10:00","CALL_A_4","0",NA,NA,NA
"D","DISPATCH","UNIT_SCADA",1,"2018/06/01 04:10:00","CAPTL_WF","22.279999",NA,NA,NA
"D","DISPATCH","UNIT_SCADA",1,"2018/06/01 04:10:00","CATHROCK","38.679996",NA,NA,NA
"D","DISPATCH","UNIT_SCADA",1,"2018/06/01 04:10:00","CHALLHWF","3.50",NA,NA,NA
"D","DISPATCH","UNIT_SCADA",1,"2018/06/01 04:10:00","CLOVER","-0.01",NA,NA,NA
"D","DISPATCH","UNIT_SCADA",1,"2018/06/01 04:10:00","CLUNY","9.062486",NA,NA,NA
"D","DISPATCH","UNIT_SCADA",1,"2018/06/01 04:10:00","CNUNDAWF","8.109460",NA,NA,NA
"D","DISPATCH","UNIT_SCADA",1,"2018/06/01 04:10:00","CULLRGWF","3.59",NA,NA,NA
"D","DISPATCH","UNIT_SCADA",1,"2018/06/01 04:25:00","BARCSF1","0.50",NA,NA,NA
"D","DISPATCH","UNIT_SCADA",1,"2018/06/01 04:25:00","BUTLERSG","9.199999",NA,NA,NA
"D","DISPATCH","UNIT_SCADA",1,"2018/06/01 04:25:00","CALL_A_4","0",NA,NA,NA
"D","DISPATCH","UNIT_SCADA",1,"2018/06/01 04:25:00","CAPTL_WF","29.360001",NA,NA,NA
"D","DISPATCH","UNIT_SCADA",1,"2018/06/01 04:25:00","CATHROCK","39.849998",NA,NA,NA
"D","DISPATCH","UNIT_SCADA",1,"2018/06/01 04:25:00","CHALLHWF","4.50",NA,NA,NA
"D","DISPATCH","UNIT_SCADA",1,"2018/06/01 04:25:00","CLOVER","-0.01",NA,NA,NA
"D","DISPATCH","UNIT_SCADA",1,"2018/06/01 04:25:00","CLUNY","9.048753",NA,NA,NA
"D","DISPATCH","UNIT_SCADA",1,"2018/06/01 04:25:00","CNUNDAWF","9.310862",NA,NA,NA
"D","DISPATCH","UNIT_SCADA",1,"2018/06/01 04:25:00","CULLRGWF","2.46",NA,NA,NA
"D","DISPATCH","UNIT_SCADA",1,"2018/06/01 04:25:00","ERGT01","0",NA,NA,NA
"D","DISPATCH","UNIT_SCADA",1,"2018/06/01 04:25:00","GB01","0.054981",NA,NA,NA
"D","DISPATCH","UNIT_SCADA",1,"2018/06/01 04:25:00","GERMCRK","33.200001",NA,NA,NA
"D","DISPATCH","UNIT_SCADA",1,"2018/06/01 04:25:00","GRIFSF1","0",NA,NA,NA
"D","DISPATCH","UNIT_SCADA",1,"2018/06/01 04:25:00","HUGSF1","-0.0130",NA,NA,NA
"D","DISPATCH","UNIT_SCADA",1,"2018/06/01 04:25:00","INVICTA","0",NA,NA,NA
"D","DISPATCH","UNIT_SCADA",1,"2018/06/01 04:25:00","LKBONNY1","13.575024",NA,NA,NA
"D","DISPATCH","UNIT_SCADA",1,"2018/06/01 04:25:00","LRSF1","0.01",NA,NA,NA
"D","DISPATCH","UNIT_SCADA",1,"2018/06/01 04:25:00","MBAHNTH","55.668747",NA,NA,NA
"D","DISPATCH","UNIT_SCADA",1,"2018/06/01 04:25:00","MLSP1","0.370001",NA,NA,NA
"D","DISPATCH","UNIT_SCADA",1,"2018/06/01 04:25:00","MLWF1","2.6550",NA,NA,NA
"D","DISPATCH","UNIT_SCADA",1,"2018/06/01 04:25:00","MTMILLAR","44.037682",NA,NA,NA
"D","DISPATCH","UNIT_SCADA",1,"2018/06/01 04:25:00","PALOONA","12.70",NA,NA,NA
"D","DISPATCH","UNIT_SCADA",1,"2018/06/01 04:25:00","PIONEER","-0.90",NA,NA,NA
"D","DISPATCH","UNIT_SCADA",1,"2018/06/01 04:25:00","PORTWF","47.799999",NA,NA,NA
"D","DISPATCH","UNIT_SCADA",1,"2018/06/01 04:25:00","REPULSE","0",NA,NA,NA
"D","DISPATCH","UNIT_SCADA",1,"2018/06/01 04:25:00","ROWALLAN","6.3829",NA,NA,NA
"D","DISPATCH","UNIT_SCADA",1,"2018/06/01 04:25:00","ROYALLA1","0",NA,NA,NA
"D","DISPATCH","UNIT_SCADA",1,"2018/06/01 04:25:00","RPCG","-0.30",NA,NA,NA
"D","DISPATCH","UNIT_SCADA",1,"2018/06/01 04:25:00","RUBICON","0",NA,NA,NA
"D","DISPATCH","UNIT_SCADA",1,"2018/06/01 04:25:00","SMCSF1","0",NA,NA,NA
"D","DISPATCH","UNIT_SCADA",1,"2018/06/01 04:25:00","STARHLWF","9.597201",NA,NA,NA
"D","DISPATCH","UNIT_SCADA",1,"2018/06/01 04:25:00","WAUBRAWF","20.5070",NA,NA,NA
"D","DISPATCH","UNIT_SCADA",1,"2018/06/01 04:25:00","WOOLNTH1","-0.669985",NA,NA,NA
"D","DISPATCH","UNIT_SCADA",1,"2018/06/01 04:25:00","WPWF","30",NA,NA,NA
"D","DISPATCH","UNIT_SCADA",1,"2018/06/01 04:25:00","YAMBUKWF","8.50",NA,NA,NA
"D","DISPATCH","UNIT_SCADA",1,"2018/06/01 04:25:00","YSWF1","2.20",NA,NA,NA
"D","DISPATCH","UNIT_SCADA",1,"2018/06/01 04:10:00","ERGT01","0",NA,NA,NA
"D","DISPATCH","UNIT_SCADA",1,"2018/06/01 04:10:00","GB01","0.054981",NA,NA,NA
"D","DISPATCH","UNIT_SCADA",1,"2018/06/01 04:10:00","GERMCRK","33",NA,NA,NA
"D","DISPATCH","UNIT_SCADA",1,"2018/06/01 04:10:00","GRIFSF1","0",NA,NA,NA
"D","DISPATCH","UNIT_SCADA",1,"2018/06/01 04:10:00","HUGSF1","-0.0130",NA,NA,NA
"D","DISPATCH","UNIT_SCADA",1,"2018/06/01 04:10:00","INVICTA","0",NA,NA,NA
"D","DISPATCH","UNIT_SCADA",1,"2018/06/01 04:10:00","LKBONNY1","10.717124",NA,NA,NA
"D","DISPATCH","UNIT_SCADA",1,"2018/06/01 04:10:00","LRSF1","0.01",NA,NA,NA
"D","DISPATCH","UNIT_SCADA",1,"2018/06/01 04:10:00","MBAHNTH","55.668747",NA,NA,NA
"D","DISPATCH","UNIT_SCADA",1,"2018/06/01 04:10:00","MLSP1","0.370001",NA,NA,NA
"D","DISPATCH","UNIT_SCADA",1,"2018/06/01 04:10:00","MLWF1","4.3950",NA,NA,NA
"D","DISPATCH","UNIT_SCADA",1,"2018/06/01 04:10:00","MTMILLAR","44.082329",NA,NA,NA
"D","DISPATCH","UNIT_SCADA",1,"2018/06/01 04:10:00","PALOONA","12.719999",NA,NA,NA
"D","DISPATCH","UNIT_SCADA",1,"2018/06/01 04:10:00","PIONEER","-0.90",NA,NA,NA
"D","DISPATCH","UNIT_SCADA",1,"2018/06/01 04:10:00","PORTWF","44.200001",NA,NA,NA
"D","DISPATCH","UNIT_SCADA",1,"2018/06/01 04:10:00","REPULSE","0",NA,NA,NA
"D","DISPATCH","UNIT_SCADA",1,"2018/06/01 04:10:00","ROWALLAN","6.4610",NA,NA,NA
"D","DISPATCH","UNIT_SCADA",1,"2018/06/01 04:10:00","ROYALLA1","0",NA,NA,NA
"D","DISPATCH","UNIT_SCADA",1,"2018/06/01 04:10:00","RPCG","-0.30",NA,NA,NA
"D","DISPATCH","UNIT_SCADA",1,"2018/06/01 04:10:00","RUBICON","0",NA,NA,NA
"D","DISPATCH","UNIT_SCADA",1,"2018/06/01 04:10:00","SMCSF1","0",NA,NA,NA
"D","DISPATCH","UNIT_SCADA",1,"2018/06/01 04:10:00","STARHLWF","10.296997",NA,NA,NA
"D","DISPATCH","UNIT_SCADA",1,"2018/06/01 04:10:00","WAUBRAWF","19.934999",NA,NA,NA
"D","DISPATCH","UNIT_SCADA",1,"2018/06/01 04:10:00","WOOLNTH1","-0.799985",NA,NA,NA
"D","DISPATCH","UNIT_SCADA",1,"2018/06/01 04:10:00","WPWF","39",NA,NA,NA
"D","DISPATCH","UNIT_SCADA",1,"2018/06/01 04:10:00","YAMBUKWF","8.60",NA,NA,NA
"D","DISPATCH","UNIT_SCADA",1,"2018/06/01 04:10:00","YSWF1","1.50",NA,NA,NA
"D","DISPATCH","UNIT_SCADA",1,"2018/06/01 04:15:00","BARCSF1","0.50",NA,NA,NA
"D","DISPATCH","UNIT_SCADA",1,"2018/06/01 04:15:00","BUTLERSG","9.199999",NA,NA,NA
"D","DISPATCH","UNIT_SCADA",1,"2018/06/01 04:15:00","CALL_A_4","0",NA,NA,NA
"D","DISPATCH","UNIT_SCADA",1,"2018/06/01 04:15:00","CAPTL_WF","14.480003",NA,NA,NA
"D","DISPATCH","UNIT_SCADA",1,"2018/06/01 04:15:00","CATHROCK","39.809998",NA,NA,NA
"D","DISPATCH","UNIT_SCADA",1,"2018/06/01 04:15:00","CHALLHWF","4.40",NA,NA,NA
"D","DISPATCH","UNIT_SCADA",1,"2018/06/01 04:15:00","CLOVER","-0.01",NA,NA,NA
"D","DISPATCH","UNIT_SCADA",1,"2018/06/01 04:15:00","CLUNY","9.005722",NA,NA,NA
"D","DISPATCH","UNIT_SCADA",1,"2018/06/01 04:15:00","CNUNDAWF","7.708993",NA,NA,NA
"D","DISPATCH","UNIT_SCADA",1,"2018/06/01 04:15:00","CULLRGWF","2.84",NA,NA,NA
"D","DISPATCH","UNIT_SCADA",1,"2018/06/01 04:15:00","ERGT01","0",NA,NA,NA
"D","DISPATCH","UNIT_SCADA",1,"2018/06/01 04:15:00","GB01","0.054981",NA,NA,NA
"D","DISPATCH","UNIT_SCADA",1,"2018/06/01 04:15:00","GERMCRK","33.099998",NA,NA,NA
"D","DISPATCH","UNIT_SCADA",1,"2018/06/01 04:15:00","GRIFSF1","0",NA,NA,NA
"D","DISPATCH","UNIT_SCADA",1,"2018/06/01 04:15:00","HUGSF1","-0.0130",NA,NA,NA
"D","DISPATCH","UNIT_SCADA",1,"2018/06/01 04:15:00","INVICTA","0",NA,NA,NA
"D","DISPATCH","UNIT_SCADA",1,"2018/06/01 04:15:00","LKBONNY1","11.342289",NA,NA,NA
"D","DISPATCH","UNIT_SCADA",1,"2018/06/01 04:15:00","LRSF1","0.01",NA,NA,NA
"D","DISPATCH","UNIT_SCADA",1,"2018/06/01 04:15:00","MBAHNTH","55.668747",NA,NA,NA
"D","DISPATCH","UNIT_SCADA",1,"2018/06/01 04:15:00","MLSP1","0.370001",NA,NA,NA
"D","DISPATCH","UNIT_SCADA",1,"2018/06/01 04:15:00","MLWF1","2.70",NA,NA,NA
"D","DISPATCH","UNIT_SCADA",1,"2018/06/01 04:15:00","MTMILLAR","44.067448",NA,NA,NA
"D","DISPATCH","UNIT_SCADA",1,"2018/06/01 04:15:00","PALOONA","12.70",NA,NA,NA
"D","DISPATCH","UNIT_SCADA",1,"2018/06/01 04:15:00","PIONEER","-0.90",NA,NA,NA
"D","DISPATCH","UNIT_SCADA",1,"2018/06/01 04:15:00","PORTWF","42.299999",NA,NA,NA
"D","DISPATCH","UNIT_SCADA",1,"2018/06/01 04:15:00","REPULSE","0",NA,NA,NA
"D","DISPATCH","UNIT_SCADA",1,"2018/06/01 04:15:00","ROWALLAN","6.7024",NA,NA,NA
"D","DISPATCH","UNIT_SCADA",1,"2018/06/01 04:15:00","ROYALLA1","0",NA,NA,NA
"D","DISPATCH","UNIT_SCADA",1,"2018/06/01 04:15:00","RPCG","-0.30",NA,NA,NA
"D","DISPATCH","UNIT_SCADA",1,"2018/06/01 04:15:00","RUBICON","0",NA,NA,NA
"D","DISPATCH","UNIT_SCADA",1,"2018/06/01 04:15:00","SMCSF1","0",NA,NA,NA
"D","DISPATCH","UNIT_SCADA",1,"2018/06/01 04:15:00","STARHLWF","9.997085",NA,NA,NA
"D","DISPATCH","UNIT_SCADA",1,"2018/06/01 04:15:00","WAUBRAWF","20.504999",NA,NA,NA
"D","DISPATCH","UNIT_SCADA",1,"2018/06/01 04:15:00","WOOLNTH1","-0.779985",NA,NA,NA
"D","DISPATCH","UNIT_SCADA",1,"2018/06/01 04:15:00","WPWF","36",NA,NA,NA
"D","DISPATCH","UNIT_SCADA",1,"2018/06/01 04:15:00","YAMBUKWF","8.30",NA,NA,NA
"D","DISPATCH","UNIT_SCADA",1,"2018/06/01 04:15:00","YSWF1","1.30",NA,NA,NA
"D","DISPATCH","UNIT_SCADA",1,"2018/06/01 04:20:00","BARCSF1","0.50",NA,NA,NA
"D","DISPATCH","UNIT_SCADA",1,"2018/06/01 04:20:00","BUTLERSG","9.199999",NA,NA,NA
"D","DISPATCH","UNIT_SCADA",1,"2018/06/01 04:20:00","CALL_A_4","0",NA,NA,NA
"D","DISPATCH","UNIT_SCADA",1,"2018/06/01 04:20:00","CAPTL_WF","26.419998",NA,NA,NA
"D","DISPATCH","UNIT_SCADA",1,"2018/06/01 04:20:00","CATHROCK","39.809998",NA,NA,NA
"D","DISPATCH","UNIT_SCADA",1,"2018/06/01 04:20:00","CHALLHWF","4.30",NA,NA,NA
"D","DISPATCH","UNIT_SCADA",1,"2018/06/01 04:20:00","CLOVER","-0.02",NA,NA,NA
"D","DISPATCH","UNIT_SCADA",1,"2018/06/01 04:20:00","CLUNY","9.053330",NA,NA,NA
"D","DISPATCH","UNIT_SCADA",1,"2018/06/01 04:20:00","CNUNDAWF","7.909226",NA,NA,NA
"D","DISPATCH","UNIT_SCADA",1,"2018/06/01 04:20:00","CULLRGWF","2.29",NA,NA,NA
"D","DISPATCH","UNIT_SCADA",1,"2018/06/01 04:20:00","ERGT01","0",NA,NA,NA
"D","DISPATCH","UNIT_SCADA",1,"2018/06/01 04:20:00","GB01","0.054981",NA,NA,NA
"D","DISPATCH","UNIT_SCADA",1,"2018/06/01 04:20:00","GERMCRK","32.200001",NA,NA,NA
"D","DISPATCH","UNIT_SCADA",1,"2018/06/01 04:20:00","GRIFSF1","0",NA,NA,NA
"D","DISPATCH","UNIT_SCADA",1,"2018/06/01 04:20:00","HUGSF1","-0.0130",NA,NA,NA
"D","DISPATCH","UNIT_SCADA",1,"2018/06/01 04:20:00","INVICTA","0",NA,NA,NA
"D","DISPATCH","UNIT_SCADA",1,"2018/06/01 04:20:00","LKBONNY1","12.949858",NA,NA,NA
"D","DISPATCH","UNIT_SCADA",1,"2018/06/01 04:20:00","LRSF1","0.01",NA,NA,NA
"D","DISPATCH","UNIT_SCADA",1,"2018/06/01 04:20:00","MBAHNTH","55.668747",NA,NA,NA
"D","DISPATCH","UNIT_SCADA",1,"2018/06/01 04:20:00","MLSP1","0.370001",NA,NA,NA
"D","DISPATCH","UNIT_SCADA",1,"2018/06/01 04:20:00","MLWF1","3.7050",NA,NA,NA
"D","DISPATCH","UNIT_SCADA",1,"2018/06/01 04:20:00","MTMILLAR","44.074886",NA,NA,NA
"D","DISPATCH","UNIT_SCADA",1,"2018/06/01 04:20:00","PALOONA","12.70",NA,NA,NA
"D","DISPATCH","UNIT_SCADA",1,"2018/06/01 04:20:00","PIONEER","-0.90",NA,NA,NA
"D","DISPATCH","UNIT_SCADA",1,"2018/06/01 04:20:00","PORTWF","47.799999",NA,NA,NA
"D","DISPATCH","UNIT_SCADA",1,"2018/06/01 04:20:00","REPULSE","0",NA,NA,NA
"D","DISPATCH","UNIT_SCADA",1,"2018/06/01 04:20:00","ROWALLAN","6.6243",NA,NA,NA
"D","DISPATCH","UNIT_SCADA",1,"2018/06/01 04:20:00","ROYALLA1","0",NA,NA,NA
"D","DISPATCH","UNIT_SCADA",1,"2018/06/01 04:20:00","RPCG","-0.30",NA,NA,NA
"D","DISPATCH","UNIT_SCADA",1,"2018/06/01 04:20:00","RUBICON","0",NA,NA,NA
"D","DISPATCH","UNIT_SCADA",1,"2018/06/01 04:20:00","SMCSF1","0",NA,NA,NA
"D","DISPATCH","UNIT_SCADA",1,"2018/06/01 04:20:00","STARHLWF","9.997085",NA,NA,NA
"D","DISPATCH","UNIT_SCADA",1,"2018/06/01 04:20:00","WAUBRAWF","22.054001",NA,NA,NA
"D","DISPATCH","UNIT_SCADA",1,"2018/06/01 04:20:00","WOOLNTH1","-0.689985",NA,NA,NA
"D","DISPATCH","UNIT_SCADA",1,"2018/06/01 04:20:00","WPWF","32",NA,NA,NA
"D","DISPATCH","UNIT_SCADA",1,"2018/06/01 04:20:00","YAMBUKWF","9.30",NA,NA,NA
"D","DISPATCH","UNIT_SCADA",1,"2018/06/01 04:20:00","YSWF1","1.70",NA,NA,NA
"D","DISPATCH","UNIT_SCADA",1,"2018/06/01 04:30:00","BARCSF1","0.50",NA,NA,NA
"D","DISPATCH","UNIT_SCADA",1,"2018/06/01 04:30:00","BUTLERSG","9.199999",NA,NA,NA
"D","DISPATCH","UNIT_SCADA",1,"2018/06/01 04:30:00","CALL_A_4","0",NA,NA,NA
"D","DISPATCH","UNIT_SCADA",1,"2018/06/01 04:30:00","CAPTL_WF","28.571999",NA,NA,NA
"D","DISPATCH","UNIT_SCADA",1,"2018/06/01 04:30:00","CATHROCK","39.889999",NA,NA,NA
"D","DISPATCH","UNIT_SCADA",1,"2018/06/01 04:30:00","CHALLHWF","5.50",NA,NA,NA
"D","DISPATCH","UNIT_SCADA",1,"2018/06/01 04:30:00","CLOVER","-0.01",NA,NA,NA
"D","DISPATCH","UNIT_SCADA",1,"2018/06/01 04:30:00","CLUNY","9.044175",NA,NA,NA
"D","DISPATCH","UNIT_SCADA",1,"2018/06/01 04:30:00","CNUNDAWF","9.110628",NA,NA,NA
"D","DISPATCH","UNIT_SCADA",1,"2018/06/01 04:30:00","CULLRGWF","1.72",NA,NA,NA
"D","DISPATCH","UNIT_SCADA",1,"2018/06/01 04:30:00","ERGT01","0",NA,NA,NA
"D","DISPATCH","UNIT_SCADA",1,"2018/06/01 04:30:00","GB01","0.054981",NA,NA,NA
"D","DISPATCH","UNIT_SCADA",1,"2018/06/01 04:30:00","GERMCRK","33.099998",NA,NA,NA
"D","DISPATCH","UNIT_SCADA",1,"2018/06/01 04:30:00","GRIFSF1","0",NA,NA,NA
"D","DISPATCH","UNIT_SCADA",1,"2018/06/01 04:30:00","HUGSF1","-0.0130",NA,NA,NA
"D","DISPATCH","UNIT_SCADA",1,"2018/06/01 04:30:00","INVICTA","0",NA,NA,NA
"D","DISPATCH","UNIT_SCADA",1,"2018/06/01 04:30:00","LKBONNY1","12.324692",NA,NA,NA
"D","DISPATCH","UNIT_SCADA",1,"2018/06/01 04:30:00","LRSF1","0.01",NA,NA,NA
"D","DISPATCH","UNIT_SCADA",1,"2018/06/01 04:30:00","MBAHNTH","55.668747",NA,NA,NA
"D","DISPATCH","UNIT_SCADA",1,"2018/06/01 04:30:00","MLSP1","0.370001",NA,NA,NA
"D","DISPATCH","UNIT_SCADA",1,"2018/06/01 04:30:00","MLWF1","3.2850",NA,NA,NA
"D","DISPATCH","UNIT_SCADA",1,"2018/06/01 04:30:00","MTMILLAR","44.067448",NA,NA,NA
"D","DISPATCH","UNIT_SCADA",1,"2018/06/01 04:30:00","PALOONA","12.70",NA,NA,NA
"D","DISPATCH","UNIT_SCADA",1,"2018/06/01 04:30:00","PIONEER","-0.90",NA,NA,NA
"D","DISPATCH","UNIT_SCADA",1,"2018/06/01 04:30:00","PORTWF","47.799999",NA,NA,NA
"D","DISPATCH","UNIT_SCADA",1,"2018/06/01 04:30:00","REPULSE","0",NA,NA,NA
"D","DISPATCH","UNIT_SCADA",1,"2018/06/01 04:30:00","ROWALLAN","6.5462",NA,NA,NA
"D","DISPATCH","UNIT_SCADA",1,"2018/06/01 04:30:00","ROYALLA1","0",NA,NA,NA
"D","DISPATCH","UNIT_SCADA",1,"2018/06/01 04:30:00","RPCG","-0.30",NA,NA,NA
"D","DISPATCH","UNIT_SCADA",1,"2018/06/01 04:30:00","RUBICON","0",NA,NA,NA
"D","DISPATCH","UNIT_SCADA",1,"2018/06/01 04:30:00","SMCSF1","0",NA,NA,NA
"D","DISPATCH","UNIT_SCADA",1,"2018/06/01 04:30:00","WPWF","32",NA,NA,NA
"D","DISPATCH","UNIT_SCADA",1,"2018/06/01 04:30:00","STARHLWF","9.097347",NA,NA,NA
"D","DISPATCH","UNIT_SCADA",1,"2018/06/01 04:30:00","WAUBRAWF","15.3370",NA,NA,NA
"D","DISPATCH","UNIT_SCADA",1,"2018/06/01 04:30:00","WOOLNTH1","-0.719985",NA,NA,NA
"D","DISPATCH","UNIT_SCADA",1,"2018/06/01 04:30:00","YAMBUKWF","8",NA,NA,NA
"D","DISPATCH","UNIT_SCADA",1,"2018/06/01 04:30:00","YSWF1","2.50",NA,NA,NA
"D","DISPATCH","UNIT_SCADA",1,"2018/06/01 04:35:00","BARCSF1","0.50",NA,NA,NA
"D","DISPATCH","UNIT_SCADA",1,"2018/06/01 04:35:00","BUTLERSG","9.199999",NA,NA,NA
"D","DISPATCH","UNIT_SCADA",1,"2018/06/01 04:35:00","CALL_A_4","0",NA,NA,NA
"D","DISPATCH","UNIT_SCADA",1,"2018/06/01 04:35:00","CAPTL_WF","33.228004",NA,NA,NA
"D","DISPATCH","UNIT_SCADA",1,"2018/06/01 04:35:00","CATHROCK","39.809998",NA,NA,NA
"D","DISPATCH","UNIT_SCADA",1,"2018/06/01 04:35:00","CHALLHWF","6.70",NA,NA,NA
"D","DISPATCH","UNIT_SCADA",1,"2018/06/01 04:35:00","CLOVER","-0.01",NA,NA,NA
"D","DISPATCH","UNIT_SCADA",1,"2018/06/01 04:35:00","CLUNY","9.077134",NA,NA,NA
"D","DISPATCH","UNIT_SCADA",1,"2018/06/01 04:35:00","CNUNDAWF","8.710161",NA,NA,NA
"D","DISPATCH","UNIT_SCADA",1,"2018/06/01 04:35:00","CULLRGWF","2.18",NA,NA,NA
"D","DISPATCH","UNIT_SCADA",1,"2018/06/01 04:35:00","ERGT01","0",NA,NA,NA
"D","DISPATCH","UNIT_SCADA",1,"2018/06/01 04:35:00","GB01","0.054981",NA,NA,NA
"D","DISPATCH","UNIT_SCADA",1,"2018/06/01 04:35:00","GERMCRK","33.200001",NA,NA,NA
"D","DISPATCH","UNIT_SCADA",1,"2018/06/01 04:35:00","GRIFSF1","0",NA,NA,NA
"D","DISPATCH","UNIT_SCADA",1,"2018/06/01 04:35:00","HUGSF1","-0.0130",NA,NA,NA
"D","DISPATCH","UNIT_SCADA",1,"2018/06/01 04:35:00","INVICTA","0",NA,NA,NA
"D","DISPATCH","UNIT_SCADA",1,"2018/06/01 04:35:00","LKBONNY1","12.324692",NA,NA,NA
"D","DISPATCH","UNIT_SCADA",1,"2018/06/01 04:35:00","LRSF1","0.01",NA,NA,NA
"D","DISPATCH","UNIT_SCADA",1,"2018/06/01 04:35:00","MBAHNTH","55.668747",NA,NA,NA
"D","DISPATCH","UNIT_SCADA",1,"2018/06/01 04:35:00","MLSP1","0.370001",NA,NA,NA
"D","DISPATCH","UNIT_SCADA",1,"2018/06/01 04:35:00","MLWF1","2.9850",NA,NA,NA
"D","DISPATCH","UNIT_SCADA",1,"2018/06/01 04:35:00","MTMILLAR","43.204254",NA,NA,NA
"D","DISPATCH","UNIT_SCADA",1,"2018/06/01 04:35:00","PALOONA","12.70",NA,NA,NA
"D","DISPATCH","UNIT_SCADA",1,"2018/06/01 04:35:00","PIONEER","-0.90",NA,NA,NA
"D","DISPATCH","UNIT_SCADA",1,"2018/06/01 04:35:00","PORTWF","47.700001",NA,NA,NA
"D","DISPATCH","UNIT_SCADA",1,"2018/06/01 04:35:00","REPULSE","0",NA,NA,NA
"D","DISPATCH","UNIT_SCADA",1,"2018/06/01 04:35:00","ROWALLAN","6.4894",NA,NA,NA
"D","DISPATCH","UNIT_SCADA",1,"2018/06/01 04:35:00","ROYALLA1","0",NA,NA,NA
"D","DISPATCH","UNIT_SCADA",1,"2018/06/01 04:35:00","RPCG","-0.30",NA,NA,NA
"D","DISPATCH","UNIT_SCADA",1,"2018/06/01 04:35:00","RUBICON","0",NA,NA,NA
"D","DISPATCH","UNIT_SCADA",1,"2018/06/01 04:35:00","SMCSF1","0",NA,NA,NA
"D","DISPATCH","UNIT_SCADA",1,"2018/06/01 04:35:00","STARHLWF","8.897406",NA,NA,NA
"D","DISPATCH","UNIT_SCADA",1,"2018/06/01 04:35:00","WAUBRAWF","12.8670",NA,NA,NA
"D","DISPATCH","UNIT_SCADA",1,"2018/06/01 04:35:00","WOOLNTH1","-0.699985",NA,NA,NA
"D","DISPATCH","UNIT_SCADA",1,"2018/06/01 04:35:00","WPWF","30",NA,NA,NA
"D","DISPATCH","UNIT_SCADA",1,"2018/06/01 04:35:00","YAMBUKWF","8",NA,NA,NA
"D","DISPATCH","UNIT_SCADA",1,"2018/06/01 04:35:00","YSWF1","2.10",NA,NA,NA
"D","DISPATCH","UNIT_SCADA",1,"2018/06/01 04:40:00","BARCSF1","0.50",NA,NA,NA
"D","DISPATCH","UNIT_SCADA",1,"2018/06/01 04:40:00","BUTLERSG","9.199999",NA,NA,NA
"D","DISPATCH","UNIT_SCADA",1,"2018/06/01 04:40:00","CALL_A_4","0",NA,NA,NA
"D","DISPATCH","UNIT_SCADA",1,"2018/06/01 04:40:00","CAPTL_WF","31.127998",NA,NA,NA
"D","DISPATCH","UNIT_SCADA",1,"2018/06/01 04:40:00","CATHROCK","39.869999",NA,NA,NA
"D","DISPATCH","UNIT_SCADA",1,"2018/06/01 04:40:00","CHALLHWF","7.70",NA,NA,NA
"D","DISPATCH","UNIT_SCADA",1,"2018/06/01 04:40:00","CLOVER","-0.01",NA,NA,NA
"D","DISPATCH","UNIT_SCADA",1,"2018/06/01 04:40:00","CLUNY","9.053330",NA,NA,NA
"D","DISPATCH","UNIT_SCADA",1,"2018/06/01 04:40:00","CNUNDAWF","8.109460",NA,NA,NA
"D","DISPATCH","UNIT_SCADA",1,"2018/06/01 04:40:00","CULLRGWF","2.97",NA,NA,NA
"D","DISPATCH","UNIT_SCADA",1,"2018/06/01 04:40:00","ERGT01","0",NA,NA,NA
"D","DISPATCH","UNIT_SCADA",1,"2018/06/01 04:40:00","GB01","0.058617",NA,NA,NA
"D","DISPATCH","UNIT_SCADA",1,"2018/06/01 04:40:00","GERMCRK","33.299999",NA,NA,NA
"D","DISPATCH","UNIT_SCADA",1,"2018/06/01 04:40:00","GRIFSF1","0",NA,NA,NA
"D","DISPATCH","UNIT_SCADA",1,"2018/06/01 04:40:00","HUGSF1","-0.0130",NA,NA,NA
"D","DISPATCH","UNIT_SCADA",1,"2018/06/01 04:40:00","INVICTA","0",NA,NA,NA
"D","DISPATCH","UNIT_SCADA",1,"2018/06/01 04:40:00","LKBONNY1","12.592620",NA,NA,NA
"D","DISPATCH","UNIT_SCADA",1,"2018/06/01 04:40:00","LRSF1","0.01",NA,NA,NA
"D","DISPATCH","UNIT_SCADA",1,"2018/06/01 04:40:00","MBAHNTH","55.668747",NA,NA,NA
"D","DISPATCH","UNIT_SCADA",1,"2018/06/01 04:40:00","MLSP1","0.370001",NA,NA,NA
"D","DISPATCH","UNIT_SCADA",1,"2018/06/01 04:40:00","MLWF1","3.21",NA,NA,NA
"D","DISPATCH","UNIT_SCADA",1,"2018/06/01 04:40:00","MTMILLAR","44.119537",NA,NA,NA
"D","DISPATCH","UNIT_SCADA",1,"2018/06/01 04:40:00","PALOONA","12.71",NA,NA,NA
"D","DISPATCH","UNIT_SCADA",1,"2018/06/01 04:40:00","PIONEER","-0.90",NA,NA,NA
"D","DISPATCH","UNIT_SCADA",1,"2018/06/01 04:40:00","PORTWF","48.599998",NA,NA,NA
"D","DISPATCH","UNIT_SCADA",1,"2018/06/01 04:40:00","REPULSE","0",NA,NA,NA
"D","DISPATCH","UNIT_SCADA",1,"2018/06/01 04:40:00","ROWALLAN","6.6030",NA,NA,NA
"D","DISPATCH","UNIT_SCADA",1,"2018/06/01 04:40:00","ROYALLA1","0",NA,NA,NA
"D","DISPATCH","UNIT_SCADA",1,"2018/06/01 04:40:00","RPCG","-0.30",NA,NA,NA
"D","DISPATCH","UNIT_SCADA",1,"2018/06/01 04:40:00","RUBICON","0",NA,NA,NA
"D","DISPATCH","UNIT_SCADA",1,"2018/06/01 04:40:00","SMCSF1","0",NA,NA,NA
"D","DISPATCH","UNIT_SCADA",1,"2018/06/01 04:40:00","STARHLWF","9.497231",NA,NA,NA
"D","DISPATCH","UNIT_SCADA",1,"2018/06/01 04:40:00","WAUBRAWF","13.0090",NA,NA,NA
"D","DISPATCH","UNIT_SCADA",1,"2018/06/01 04:40:00","WOOLNTH1","-0.699985",NA,NA,NA
"D","DISPATCH","UNIT_SCADA",1,"2018/06/01 04:40:00","WPWF","30",NA,NA,NA
"D","DISPATCH","UNIT_SCADA",1,"2018/06/01 04:40:00","YAMBUKWF","9.80",NA,NA,NA
"D","DISPATCH","UNIT_SCADA",1,"2018/06/01 04:40:00","YSWF1","1.80",NA,NA,NA
"D","DISPATCH","UNIT_SCADA",1,"2018/06/01 04:45:00","BARCSF1","0.50",NA,NA,NA
"D","DISPATCH","UNIT_SCADA",1,"2018/06/01 04:45:00","BUTLERSG","9.199999",NA,NA,NA
"D","DISPATCH","UNIT_SCADA",1,"2018/06/01 04:45:00","CALL_A_4","0",NA,NA,NA
"D","DISPATCH","UNIT_SCADA",1,"2018/06/01 04:45:00","CAPTL_WF","25.692001",NA,NA,NA
"D","DISPATCH","UNIT_SCADA",1,"2018/06/01 04:45:00","CATHROCK","37.57",NA,NA,NA
"D","DISPATCH","UNIT_SCADA",1,"2018/06/01 04:45:00","CHALLHWF","6.70",NA,NA,NA
"D","DISPATCH","UNIT_SCADA",1,"2018/06/01 04:45:00","CLOVER","-0.01",NA,NA,NA
"D","DISPATCH","UNIT_SCADA",1,"2018/06/01 04:45:00","CLUNY","9.062486",NA,NA,NA
"D","DISPATCH","UNIT_SCADA",1,"2018/06/01 04:45:00","CNUNDAWF","8.009343",NA,NA,NA
"D","DISPATCH","UNIT_SCADA",1,"2018/06/01 04:45:00","CULLRGWF","2.43",NA,NA,NA
"D","DISPATCH","UNIT_SCADA",1,"2018/06/01 04:45:00","ERGT01","0",NA,NA,NA
"D","DISPATCH","UNIT_SCADA",1,"2018/06/01 04:45:00","GB01","0.058617",NA,NA,NA
"D","DISPATCH","UNIT_SCADA",1,"2018/06/01 04:45:00","GERMCRK","33.200001",NA,NA,NA
"D","DISPATCH","UNIT_SCADA",1,"2018/06/01 04:45:00","GRIFSF1","0",NA,NA,NA
"D","DISPATCH","UNIT_SCADA",1,"2018/06/01 04:45:00","HUGSF1","-0.0130",NA,NA,NA
"D","DISPATCH","UNIT_SCADA",1,"2018/06/01 04:45:00","INVICTA","0",NA,NA,NA
"D","DISPATCH","UNIT_SCADA",1,"2018/06/01 04:45:00","LKBONNY1","12.324692",NA,NA,NA
"D","DISPATCH","UNIT_SCADA",1,"2018/06/01 04:45:00","LRSF1","0.01",NA,NA,NA
"D","DISPATCH","UNIT_SCADA",1,"2018/06/01 04:45:00","MBAHNTH","55.668747",NA,NA,NA
"D","DISPATCH","UNIT_SCADA",1,"2018/06/01 04:45:00","MLSP1","0.370001",NA,NA,NA
"D","DISPATCH","UNIT_SCADA",1,"2018/06/01 04:45:00","MLWF1","3.21",NA,NA,NA
"D","DISPATCH","UNIT_SCADA",1,"2018/06/01 04:45:00","MTMILLAR","44.208832",NA,NA,NA
"D","DISPATCH","UNIT_SCADA",1,"2018/06/01 04:45:00","PALOONA","12.71",NA,NA,NA
"D","DISPATCH","UNIT_SCADA",1,"2018/06/01 04:45:00","PIONEER","-0.90",NA,NA,NA
"D","DISPATCH","UNIT_SCADA",1,"2018/06/01 04:45:00","PORTWF","47.400002",NA,NA,NA
"D","DISPATCH","UNIT_SCADA",1,"2018/06/01 04:45:00","REPULSE","0",NA,NA,NA
"D","DISPATCH","UNIT_SCADA",1,"2018/06/01 04:45:00","ROWALLAN","6.4752",NA,NA,NA
"D","DISPATCH","UNIT_SCADA",1,"2018/06/01 04:45:00","ROYALLA1","0",NA,NA,NA
"D","DISPATCH","UNIT_SCADA",1,"2018/06/01 04:45:00","RPCG","-0.30",NA,NA,NA
"D","DISPATCH","UNIT_SCADA",1,"2018/06/01 04:45:00","RUBICON","0",NA,NA,NA
"D","DISPATCH","UNIT_SCADA",1,"2018/06/01 04:45:00","SMCSF1","0",NA,NA,NA
"D","DISPATCH","UNIT_SCADA",1,"2018/06/01 04:45:00","STARHLWF","9.797143",NA,NA,NA
"D","DISPATCH","UNIT_SCADA",1,"2018/06/01 04:45:00","WAUBRAWF","12.49",NA,NA,NA
"D","DISPATCH","UNIT_SCADA",1,"2018/06/01 04:45:00","WOOLNTH1","-0.659985",NA,NA,NA
"D","DISPATCH","UNIT_SCADA",1,"2018/06/01 04:45:00","WPWF","31",NA,NA,NA
"D","DISPATCH","UNIT_SCADA",1,"2018/06/01 04:45:00","YAMBUKWF","9.60",NA,NA,NA
"D","DISPATCH","UNIT_SCADA",1,"2018/06/01 04:45:00","YSWF1","1.20",NA,NA,NA
"D","DISPATCH","UNIT_SCADA",1,"2018/06/01 04:50:00","BARCSF1","0.50",NA,NA,NA
"D","DISPATCH","UNIT_SCADA",1,"2018/06/01 04:50:00","BUTLERSG","9.199999",NA,NA,NA
"D","DISPATCH","UNIT_SCADA",1,"2018/06/01 04:50:00","CALL_A_4","0",NA,NA,NA
"D","DISPATCH","UNIT_SCADA",1,"2018/06/01 04:50:00","CAPTL_WF","21.628006",NA,NA,NA
"D","DISPATCH","UNIT_SCADA",1,"2018/06/01 04:50:00","CATHROCK","36.919998",NA,NA,NA
"D","DISPATCH","UNIT_SCADA",1,"2018/06/01 04:50:00","CHALLHWF","5.60",NA,NA,NA
"D","DISPATCH","UNIT_SCADA",1,"2018/06/01 04:50:00","CLOVER","-0.01",NA,NA,NA
"D","DISPATCH","UNIT_SCADA",1,"2018/06/01 04:50:00","CLUNY","9.048753",NA,NA,NA
"D","DISPATCH","UNIT_SCADA",1,"2018/06/01 04:50:00","CNUNDAWF","7.108292",NA,NA,NA
"D","DISPATCH","UNIT_SCADA",1,"2018/06/01 04:50:00","CULLRGWF","2.85",NA,NA,NA
"D","DISPATCH","UNIT_SCADA",1,"2018/06/01 04:50:00","ERGT01","0",NA,NA,NA
"D","DISPATCH","UNIT_SCADA",1,"2018/06/01 04:50:00","GB01","0.058617",NA,NA,NA
"D","DISPATCH","UNIT_SCADA",1,"2018/06/01 04:50:00","GERMCRK","33.299999",NA,NA,NA
"D","DISPATCH","UNIT_SCADA",1,"2018/06/01 04:50:00","GRIFSF1","0",NA,NA,NA
"D","DISPATCH","UNIT_SCADA",1,"2018/06/01 04:50:00","HUGSF1","-0.0130",NA,NA,NA
"D","DISPATCH","UNIT_SCADA",1,"2018/06/01 04:50:00","INVICTA","0",NA,NA,NA
"D","DISPATCH","UNIT_SCADA",1,"2018/06/01 04:50:00","LKBONNY1","11.252980",NA,NA,NA
"D","DISPATCH","UNIT_SCADA",1,"2018/06/01 04:50:00","LRSF1","0.01",NA,NA,NA
"D","DISPATCH","UNIT_SCADA",1,"2018/06/01 04:50:00","MBAHNTH","55.668747",NA,NA,NA
"D","DISPATCH","UNIT_SCADA",1,"2018/06/01 04:50:00","MLSP1","0.370001",NA,NA,NA
"D","DISPATCH","UNIT_SCADA",1,"2018/06/01 04:50:00","MLWF1","4.1550",NA,NA,NA
"D","DISPATCH","UNIT_SCADA",1,"2018/06/01 04:50:00","MTMILLAR","44.216274",NA,NA,NA
"D","DISPATCH","UNIT_SCADA",1,"2018/06/01 04:50:00","PALOONA","12.54",NA,NA,NA
"D","DISPATCH","UNIT_SCADA",1,"2018/06/01 04:50:00","PIONEER","-0.90",NA,NA,NA
"D","DISPATCH","UNIT_SCADA",1,"2018/06/01 05:05:00","BARCSF1","0.50",NA,NA,NA
"D","DISPATCH","UNIT_SCADA",1,"2018/06/01 05:05:00","BUTLERSG","9.199999",NA,NA,NA
"D","DISPATCH","UNIT_SCADA",1,"2018/06/01 05:05:00","CALL_A_4","0",NA,NA,NA
"D","DISPATCH","UNIT_SCADA",1,"2018/06/01 05:05:00","CAPTL_WF","9.50",NA,NA,NA
"D","DISPATCH","UNIT_SCADA",1,"2018/06/01 05:05:00","CATHROCK","36.609997",NA,NA,NA
"D","DISPATCH","UNIT_SCADA",1,"2018/06/01 05:05:00","CHALLHWF","5.70",NA,NA,NA
"D","DISPATCH","UNIT_SCADA",1,"2018/06/01 05:05:00","CLOVER","-0.01",NA,NA,NA
"D","DISPATCH","UNIT_SCADA",1,"2018/06/01 05:05:00","CLUNY","8.986496",NA,NA,NA
"D","DISPATCH","UNIT_SCADA",1,"2018/06/01 05:05:00","CNUNDAWF","5.706657",NA,NA,NA
"D","DISPATCH","UNIT_SCADA",1,"2018/06/01 05:05:00","CULLRGWF","6.92",NA,NA,NA
"D","DISPATCH","UNIT_SCADA",1,"2018/06/01 05:05:00","ERGT01","0",NA,NA,NA
"D","DISPATCH","UNIT_SCADA",1,"2018/06/01 05:05:00","GB01","0.058617",NA,NA,NA
"D","DISPATCH","UNIT_SCADA",1,"2018/06/01 05:05:00","GERMCRK","33.099998",NA,NA,NA
"D","DISPATCH","UNIT_SCADA",1,"2018/06/01 05:05:00","GRIFSF1","0",NA,NA,NA
"D","DISPATCH","UNIT_SCADA",1,"2018/06/01 05:05:00","HUGSF1","-0.0130",NA,NA,NA
"D","DISPATCH","UNIT_SCADA",1,"2018/06/01 05:05:00","INVICTA","0",NA,NA,NA
"D","DISPATCH","UNIT_SCADA",1,"2018/06/01 05:05:00","LKBONNY1","13.753642",NA,NA,NA
"D","DISPATCH","UNIT_SCADA",1,"2018/06/01 05:05:00","LRSF1","0.01",NA,NA,NA
"D","DISPATCH","UNIT_SCADA",1,"2018/06/01 05:05:00","MBAHNTH","55.668747",NA,NA,NA
"D","DISPATCH","UNIT_SCADA",1,"2018/06/01 05:05:00","MLSP1","0.370001",NA,NA,NA
"D","DISPATCH","UNIT_SCADA",1,"2018/06/01 05:05:00","MLWF1","2.82",NA,NA,NA
"D","DISPATCH","UNIT_SCADA",1,"2018/06/01 05:05:00","MTMILLAR","46.106365",NA,NA,NA
"D","DISPATCH","UNIT_SCADA",1,"2018/06/01 05:05:00","PALOONA","12.99",NA,NA,NA
"D","DISPATCH","UNIT_SCADA",1,"2018/06/01 05:05:00","PIONEER","-0.90",NA,NA,NA
"D","DISPATCH","UNIT_SCADA",1,"2018/06/01 05:05:00","PORTWF","57.299999",NA,NA,NA
"D","DISPATCH","UNIT_SCADA",1,"2018/06/01 05:05:00","REPULSE","0",NA,NA,NA
"D","DISPATCH","UNIT_SCADA",1,"2018/06/01 05:05:00","ROWALLAN","6.5462",NA,NA,NA
"D","DISPATCH","UNIT_SCADA",1,"2018/06/01 05:05:00","ROYALLA1","0",NA,NA,NA
"D","DISPATCH","UNIT_SCADA",1,"2018/06/01 05:05:00","RPCG","-0.30",NA,NA,NA
"D","DISPATCH","UNIT_SCADA",1,"2018/06/01 05:05:00","RUBICON","0",NA,NA,NA
"D","DISPATCH","UNIT_SCADA",1,"2018/06/01 05:05:00","SMCSF1","0",NA,NA,NA
"D","DISPATCH","UNIT_SCADA",1,"2018/06/01 05:05:00","STARHLWF","8.097639",NA,NA,NA
"D","DISPATCH","UNIT_SCADA",1,"2018/06/01 05:05:00","WAUBRAWF","6.1550",NA,NA,NA
"D","DISPATCH","UNIT_SCADA",1,"2018/06/01 05:05:00","WOOLNTH1","0.670015",NA,NA,NA
"D","DISPATCH","UNIT_SCADA",1,"2018/06/01 05:05:00","WPWF","28",NA,NA,NA
"D","DISPATCH","UNIT_SCADA",1,"2018/06/01 05:05:00","YAMBUKWF","9.40",NA,NA,NA
"D","DISPATCH","UNIT_SCADA",1,"2018/06/01 05:05:00","YSWF1","0.50",NA,NA,NA
"D","DISPATCH","UNIT_SCADA",1,"2018/06/01 04:50:00","PORTWF","48.700001",NA,NA,NA
"D","DISPATCH","UNIT_SCADA",1,"2018/06/01 04:50:00","REPULSE","0",NA,NA,NA
"D","DISPATCH","UNIT_SCADA",1,"2018/06/01 04:50:00","ROWALLAN","6.6030",NA,NA,NA
"D","DISPATCH","UNIT_SCADA",1,"2018/06/01 04:50:00","ROYALLA1","0",NA,NA,NA
"D","DISPATCH","UNIT_SCADA",1,"2018/06/01 04:50:00","RPCG","-0.30",NA,NA,NA
"D","DISPATCH","UNIT_SCADA",1,"2018/06/01 04:50:00","RUBICON","0",NA,NA,NA
"D","DISPATCH","UNIT_SCADA",1,"2018/06/01 04:50:00","SMCSF1","0",NA,NA,NA
"D","DISPATCH","UNIT_SCADA",1,"2018/06/01 04:50:00","STARHLWF","9.497231",NA,NA,NA
"D","DISPATCH","UNIT_SCADA",1,"2018/06/01 04:50:00","WAUBRAWF","11.8310",NA,NA,NA
"D","DISPATCH","UNIT_SCADA",1,"2018/06/01 04:50:00","WOOLNTH1","-0.299985",NA,NA,NA
"D","DISPATCH","UNIT_SCADA",1,"2018/06/01 04:50:00","WPWF","31",NA,NA,NA
"D","DISPATCH","UNIT_SCADA",1,"2018/06/01 04:50:00","YAMBUKWF","10.10",NA,NA,NA
"D","DISPATCH","UNIT_SCADA",1,"2018/06/01 04:50:00","YSWF1","0.90",NA,NA,NA
"D","DISPATCH","UNIT_SCADA",1,"2018/06/01 04:55:00","BARCSF1","0.50",NA,NA,NA
"D","DISPATCH","UNIT_SCADA",1,"2018/06/01 04:55:00","BUTLERSG","9.199999",NA,NA,NA
"D","DISPATCH","UNIT_SCADA",1,"2018/06/01 04:55:00","CALL_A_4","0",NA,NA,NA
"D","DISPATCH","UNIT_SCADA",1,"2018/06/01 04:55:00","CAPTL_WF","16.639999",NA,NA,NA
"D","DISPATCH","UNIT_SCADA",1,"2018/06/01 04:55:00","CATHROCK","36.509998",NA,NA,NA
"D","DISPATCH","UNIT_SCADA",1,"2018/06/01 04:55:00","CHALLHWF","6.70",NA,NA,NA
"D","DISPATCH","UNIT_SCADA",1,"2018/06/01 04:55:00","CLOVER","0",NA,NA,NA
"D","DISPATCH","UNIT_SCADA",1,"2018/06/01 04:55:00","CLUNY","8.996567",NA,NA,NA
"D","DISPATCH","UNIT_SCADA",1,"2018/06/01 04:55:00","CNUNDAWF","6.107124",NA,NA,NA
"D","DISPATCH","UNIT_SCADA",1,"2018/06/01 04:55:00","CULLRGWF","4.45",NA,NA,NA
"D","DISPATCH","UNIT_SCADA",1,"2018/06/01 04:55:00","ERGT01","0",NA,NA,NA
"D","DISPATCH","UNIT_SCADA",1,"2018/06/01 04:55:00","GB01","0.058617",NA,NA,NA
"D","DISPATCH","UNIT_SCADA",1,"2018/06/01 04:55:00","GERMCRK","33.700001",NA,NA,NA
"D","DISPATCH","UNIT_SCADA",1,"2018/06/01 04:55:00","GRIFSF1","0",NA,NA,NA
"D","DISPATCH","UNIT_SCADA",1,"2018/06/01 04:55:00","HUGSF1","-0.0130",NA,NA,NA
"D","DISPATCH","UNIT_SCADA",1,"2018/06/01 04:55:00","INVICTA","0",NA,NA,NA
"D","DISPATCH","UNIT_SCADA",1,"2018/06/01 04:55:00","LKBONNY1","12.324692",NA,NA,NA
"D","DISPATCH","UNIT_SCADA",1,"2018/06/01 04:55:00","LRSF1","0.01",NA,NA,NA
"D","DISPATCH","UNIT_SCADA",1,"2018/06/01 04:55:00","MBAHNTH","55.668747",NA,NA,NA
"D","DISPATCH","UNIT_SCADA",1,"2018/06/01 04:55:00","MLSP1","0.370001",NA,NA,NA
"D","DISPATCH","UNIT_SCADA",1,"2018/06/01 04:55:00","MLWF1","3.3150",NA,NA,NA
"D","DISPATCH","UNIT_SCADA",1,"2018/06/01 04:55:00","MTMILLAR","46.076599",NA,NA,NA
"D","DISPATCH","UNIT_SCADA",1,"2018/06/01 04:55:00","PALOONA","12.65",NA,NA,NA
"D","DISPATCH","UNIT_SCADA",1,"2018/06/01 04:55:00","PIONEER","-0.90",NA,NA,NA
"D","DISPATCH","UNIT_SCADA",1,"2018/06/01 04:55:00","PORTWF","51.799999",NA,NA,NA
"D","DISPATCH","UNIT_SCADA",1,"2018/06/01 04:55:00","REPULSE","0",NA,NA,NA
"D","DISPATCH","UNIT_SCADA",1,"2018/06/01 04:55:00","ROWALLAN","6.4681",NA,NA,NA
"D","DISPATCH","UNIT_SCADA",1,"2018/06/01 04:55:00","ROYALLA1","0",NA,NA,NA
"D","DISPATCH","UNIT_SCADA",1,"2018/06/01 04:55:00","RPCG","-0.30",NA,NA,NA
"D","DISPATCH","UNIT_SCADA",1,"2018/06/01 04:55:00","RUBICON","0",NA,NA,NA
"D","DISPATCH","UNIT_SCADA",1,"2018/06/01 04:55:00","SMCSF1","0",NA,NA,NA
"D","DISPATCH","UNIT_SCADA",1,"2018/06/01 04:55:00","STARHLWF","8.397552",NA,NA,NA
"D","DISPATCH","UNIT_SCADA",1,"2018/06/01 04:55:00","WAUBRAWF","8.6160",NA,NA,NA
"D","DISPATCH","UNIT_SCADA",1,"2018/06/01 04:55:00","WOOLNTH1","0.510015",NA,NA,NA
"D","DISPATCH","UNIT_SCADA",1,"2018/06/01 04:55:00","WPWF","33",NA,NA,NA
"D","DISPATCH","UNIT_SCADA",1,"2018/06/01 04:55:00","YAMBUKWF","9.40",NA,NA,NA
"D","DISPATCH","UNIT_SCADA",1,"2018/06/01 04:55:00","YSWF1","0.50",NA,NA,NA
"D","DISPATCH","UNIT_SCADA",1,"2018/06/01 05:00:00","BARCSF1","0.50",NA,NA,NA
"D","DISPATCH","UNIT_SCADA",1,"2018/06/01 05:00:00","BUTLERSG","9.199999",NA,NA,NA
"D","DISPATCH","UNIT_SCADA",1,"2018/06/01 05:00:00","CALL_A_4","0",NA,NA,NA
"D","DISPATCH","UNIT_SCADA",1,"2018/06/01 05:00:00","CAPTL_WF","16.840004",NA,NA,NA
"D","DISPATCH","UNIT_SCADA",1,"2018/06/01 05:00:00","CATHROCK","36.809998",NA,NA,NA
"D","DISPATCH","UNIT_SCADA",1,"2018/06/01 05:00:00","CHALLHWF","6.70",NA,NA,NA
"D","DISPATCH","UNIT_SCADA",1,"2018/06/01 05:00:00","CLOVER","-0.01",NA,NA,NA
"D","DISPATCH","UNIT_SCADA",1,"2018/06/01 05:00:00","CLUNY","9.029526",NA,NA,NA
"D","DISPATCH","UNIT_SCADA",1,"2018/06/01 05:00:00","CNUNDAWF","5.706657",NA,NA,NA
"D","DISPATCH","UNIT_SCADA",1,"2018/06/01 05:00:00","CULLRGWF","5.91",NA,NA,NA
"D","DISPATCH","UNIT_SCADA",1,"2018/06/01 05:00:00","ERGT01","0",NA,NA,NA
"D","DISPATCH","UNIT_SCADA",1,"2018/06/01 05:00:00","GB01","0.058617",NA,NA,NA
"D","DISPATCH","UNIT_SCADA",1,"2018/06/01 05:00:00","GERMCRK","33.200001",NA,NA,NA
"D","DISPATCH","UNIT_SCADA",1,"2018/06/01 05:00:00","GRIFSF1","0",NA,NA,NA
"D","DISPATCH","UNIT_SCADA",1,"2018/06/01 05:00:00","HUGSF1","-0.0130",NA,NA,NA
"D","DISPATCH","UNIT_SCADA",1,"2018/06/01 05:00:00","INVICTA","0",NA,NA,NA
"D","DISPATCH","UNIT_SCADA",1,"2018/06/01 05:00:00","LKBONNY1","12.592620",NA,NA,NA
"D","DISPATCH","UNIT_SCADA",1,"2018/06/01 05:00:00","LRSF1","0.01",NA,NA,NA
"D","DISPATCH","UNIT_SCADA",1,"2018/06/01 05:00:00","MBAHNTH","55.668747",NA,NA,NA
"D","DISPATCH","UNIT_SCADA",1,"2018/06/01 05:00:00","MLSP1","0.370001",NA,NA,NA
"D","DISPATCH","UNIT_SCADA",1,"2018/06/01 05:00:00","MLWF1","3.6450",NA,NA,NA
"D","DISPATCH","UNIT_SCADA",1,"2018/06/01 05:00:00","MTMILLAR","46.091484",NA,NA,NA
"D","DISPATCH","UNIT_SCADA",1,"2018/06/01 05:00:00","PALOONA","12.65",NA,NA,NA
"D","DISPATCH","UNIT_SCADA",1,"2018/06/01 05:00:00","PIONEER","-0.90",NA,NA,NA
"D","DISPATCH","UNIT_SCADA",1,"2018/06/01 05:00:00","PORTWF","53.799999",NA,NA,NA
"D","DISPATCH","UNIT_SCADA",1,"2018/06/01 05:00:00","REPULSE","0",NA,NA,NA
"D","DISPATCH","UNIT_SCADA",1,"2018/06/01 05:00:00","ROWALLAN","6.4184",NA,NA,NA
"D","DISPATCH","UNIT_SCADA",1,"2018/06/01 05:00:00","ROYALLA1","0",NA,NA,NA
"D","DISPATCH","UNIT_SCADA",1,"2018/06/01 05:00:00","RPCG","-0.30",NA,NA,NA
"D","DISPATCH","UNIT_SCADA",1,"2018/06/01 05:00:00","RUBICON","0",NA,NA,NA
"D","DISPATCH","UNIT_SCADA",1,"2018/06/01 05:00:00","SMCSF1","0",NA,NA,NA
"D","DISPATCH","UNIT_SCADA",1,"2018/06/01 05:00:00","STARHLWF","8.797435",NA,NA,NA
"D","DISPATCH","UNIT_SCADA",1,"2018/06/01 05:00:00","WAUBRAWF","6.5440",NA,NA,NA
"D","DISPATCH","UNIT_SCADA",1,"2018/06/01 05:00:00","WOOLNTH1","0.720015",NA,NA,NA
"D","DISPATCH","UNIT_SCADA",1,"2018/06/01 05:00:00","WPWF","33",NA,NA,NA
"D","DISPATCH","UNIT_SCADA",1,"2018/06/01 05:00:00","YAMBUKWF","9.10",NA,NA,NA
"D","DISPATCH","UNIT_SCADA",1,"2018/06/01 05:00:00","YSWF1","0.50",NA,NA,NA
"D","DISPATCH","UNIT_SCADA",1,"2018/06/01 05:10:00","BARCSF1","0.50",NA,NA,NA
"D","DISPATCH","UNIT_SCADA",1,"2018/06/01 05:10:00","BUTLERSG","9.099998",NA,NA,NA
"D","DISPATCH","UNIT_SCADA",1,"2018/06/01 05:10:00","CALL_A_4","0",NA,NA,NA
"D","DISPATCH","UNIT_SCADA",1,"2018/06/01 05:10:00","CAPTL_WF","8.059998",NA,NA,NA
"D","DISPATCH","UNIT_SCADA",1,"2018/06/01 05:10:00","CATHROCK","36.809998",NA,NA,NA
"D","DISPATCH","UNIT_SCADA",1,"2018/06/01 05:10:00","CHALLHWF","4.90",NA,NA,NA
"D","DISPATCH","UNIT_SCADA",1,"2018/06/01 05:10:00","CLOVER","0",NA,NA,NA
"D","DISPATCH","UNIT_SCADA",1,"2018/06/01 05:10:00","CLUNY","9.048753",NA,NA,NA
"D","DISPATCH","UNIT_SCADA",1,"2018/06/01 05:10:00","CNUNDAWF","5.706657",NA,NA,NA
"D","DISPATCH","UNIT_SCADA",1,"2018/06/01 05:10:00","CULLRGWF","8.24",NA,NA,NA
"D","DISPATCH","UNIT_SCADA",1,"2018/06/01 05:10:00","ERGT01","0",NA,NA,NA
"D","DISPATCH","UNIT_SCADA",1,"2018/06/01 05:10:00","GB01","0.058617",NA,NA,NA
"D","DISPATCH","UNIT_SCADA",1,"2018/06/01 05:10:00","GERMCRK","33",NA,NA,NA
"D","DISPATCH","UNIT_SCADA",1,"2018/06/01 05:10:00","GRIFSF1","0",NA,NA,NA
"D","DISPATCH","UNIT_SCADA",1,"2018/06/01 05:10:00","HUGSF1","-0.0130",NA,NA,NA
"D","DISPATCH","UNIT_SCADA",1,"2018/06/01 05:10:00","INVICTA","0",NA,NA,NA
"D","DISPATCH","UNIT_SCADA",1,"2018/06/01 05:10:00","LKBONNY1","15.450520",NA,NA,NA
"D","DISPATCH","UNIT_SCADA",1,"2018/06/01 05:10:00","LRSF1","0.01",NA,NA,NA
"D","DISPATCH","UNIT_SCADA",1,"2018/06/01 05:10:00","MBAHNTH","55.668747",NA,NA,NA
"D","DISPATCH","UNIT_SCADA",1,"2018/06/01 05:10:00","MLSP1","0.370001",NA,NA,NA
"D","DISPATCH","UNIT_SCADA",1,"2018/06/01 05:10:00","MLWF1","3.54",NA,NA,NA
"D","DISPATCH","UNIT_SCADA",1,"2018/06/01 05:10:00","MTMILLAR","46.002186",NA,NA,NA
"D","DISPATCH","UNIT_SCADA",1,"2018/06/01 05:10:00","PALOONA","12.99",NA,NA,NA
"D","DISPATCH","UNIT_SCADA",1,"2018/06/01 05:10:00","PIONEER","-0.90",NA,NA,NA
"D","DISPATCH","UNIT_SCADA",1,"2018/06/01 05:10:00","PORTWF","59.299999",NA,NA,NA
"D","DISPATCH","UNIT_SCADA",1,"2018/06/01 05:10:00","RPCG","-0.30",NA,NA,NA
"D","DISPATCH","UNIT_SCADA",1,"2018/06/01 05:10:00","REPULSE","0",NA,NA,NA
"D","DISPATCH","UNIT_SCADA",1,"2018/06/01 05:10:00","ROWALLAN","6.4113",NA,NA,NA
"D","DISPATCH","UNIT_SCADA",1,"2018/06/01 05:10:00","ROYALLA1","0",NA,NA,NA
"D","DISPATCH","UNIT_SCADA",1,"2018/06/01 05:10:00","RUBICON","0",NA,NA,NA
"D","DISPATCH","UNIT_SCADA",1,"2018/06/01 05:10:00","SMCSF1","0",NA,NA,NA
"D","DISPATCH","UNIT_SCADA",1,"2018/06/01 05:10:00","STARHLWF","7.897697",NA,NA,NA
"D","DISPATCH","UNIT_SCADA",1,"2018/06/01 05:10:00","WAUBRAWF","5.64",NA,NA,NA
"D","DISPATCH","UNIT_SCADA",1,"2018/06/01 05:10:00","WOOLNTH1","0.760015",NA,NA,NA
"D","DISPATCH","UNIT_SCADA",1,"2018/06/01 05:10:00","WPWF","26",NA,NA,NA
"D","DISPATCH","UNIT_SCADA",1,"2018/06/01 05:10:00","YAMBUKWF","9.10",NA,NA,NA
"D","DISPATCH","UNIT_SCADA",1,"2018/06/01 05:10:00","YSWF1","0.50",NA,NA,NA
"D","DISPATCH","UNIT_SCADA",1,"2018/06/01 05:15:00","BARCSF1","0.50",NA,NA,NA
"D","DISPATCH","UNIT_SCADA",1,"2018/06/01 05:15:00","BUTLERSG","9.099998",NA,NA,NA
"D","DISPATCH","UNIT_SCADA",1,"2018/06/01 05:15:00","CALL_A_4","0",NA,NA,NA
"D","DISPATCH","UNIT_SCADA",1,"2018/06/01 05:15:00","CAPTL_WF","8.592003",NA,NA,NA
"D","DISPATCH","UNIT_SCADA",1,"2018/06/01 05:15:00","CATHROCK","37.719997",NA,NA,NA
"D","DISPATCH","UNIT_SCADA",1,"2018/06/01 05:15:00","CHALLHWF","4.80",NA,NA,NA
"D","DISPATCH","UNIT_SCADA",1,"2018/06/01 05:15:00","CLOVER","-0.01",NA,NA,NA
"D","DISPATCH","UNIT_SCADA",1,"2018/06/01 05:15:00","CLUNY","9.053330",NA,NA,NA
"D","DISPATCH","UNIT_SCADA",1,"2018/06/01 05:15:00","CNUNDAWF","6.507591",NA,NA,NA
"D","DISPATCH","UNIT_SCADA",1,"2018/06/01 05:15:00","CULLRGWF","8.08",NA,NA,NA
"D","DISPATCH","UNIT_SCADA",1,"2018/06/01 05:15:00","ERGT01","0",NA,NA,NA
"D","DISPATCH","UNIT_SCADA",1,"2018/06/01 05:15:00","GB01","0.058617",NA,NA,NA
"D","DISPATCH","UNIT_SCADA",1,"2018/06/01 05:15:00","GERMCRK","33.099998",NA,NA,NA
"D","DISPATCH","UNIT_SCADA",1,"2018/06/01 05:15:00","GRIFSF1","0",NA,NA,NA
"D","DISPATCH","UNIT_SCADA",1,"2018/06/01 05:15:00","HUGSF1","-0.0130",NA,NA,NA
"D","DISPATCH","UNIT_SCADA",1,"2018/06/01 05:15:00","INVICTA","0",NA,NA,NA
"D","DISPATCH","UNIT_SCADA",1,"2018/06/01 05:15:00","LKBONNY1","15.450520",NA,NA,NA
"D","DISPATCH","UNIT_SCADA",1,"2018/06/01 05:15:00","LRSF1","0.01",NA,NA,NA
"D","DISPATCH","UNIT_SCADA",1,"2018/06/01 05:15:00","MBAHNTH","55.668747",NA,NA,NA
"D","DISPATCH","UNIT_SCADA",1,"2018/06/01 05:15:00","MLSP1","0.370001",NA,NA,NA
"D","DISPATCH","UNIT_SCADA",1,"2018/06/01 05:15:00","MLWF1","3.03",NA,NA,NA
"D","DISPATCH","UNIT_SCADA",1,"2018/06/01 05:15:00","MTMILLAR","44.752048",NA,NA,NA
"D","DISPATCH","UNIT_SCADA",1,"2018/06/01 05:15:00","PALOONA","12.849999",NA,NA,NA
"D","DISPATCH","UNIT_SCADA",1,"2018/06/01 05:15:00","PIONEER","-0.90",NA,NA,NA
"D","DISPATCH","UNIT_SCADA",1,"2018/06/01 05:15:00","PORTWF","59.299999",NA,NA,NA
"D","DISPATCH","UNIT_SCADA",1,"2018/06/01 05:15:00","REPULSE","0",NA,NA,NA
"D","DISPATCH","UNIT_SCADA",1,"2018/06/01 05:15:00","ROWALLAN","6.3261",NA,NA,NA
"D","DISPATCH","UNIT_SCADA",1,"2018/06/01 05:15:00","ROYALLA1","0",NA,NA,NA
"D","DISPATCH","UNIT_SCADA",1,"2018/06/01 05:15:00","RPCG","-0.30",NA,NA,NA
"D","DISPATCH","UNIT_SCADA",1,"2018/06/01 05:15:00","RUBICON","0",NA,NA,NA
"D","DISPATCH","UNIT_SCADA",1,"2018/06/01 05:15:00","SMCSF1","0",NA,NA,NA
"D","DISPATCH","UNIT_SCADA",1,"2018/06/01 05:15:00","STARHLWF","8.597493",NA,NA,NA
"D","DISPATCH","UNIT_SCADA",1,"2018/06/01 05:15:00","WAUBRAWF","4.5250",NA,NA,NA
"D","DISPATCH","UNIT_SCADA",1,"2018/06/01 05:15:00","WOOLNTH1","0.890015",NA,NA,NA
"D","DISPATCH","UNIT_SCADA",1,"2018/06/01 05:15:00","WPWF","28",NA,NA,NA
"D","DISPATCH","UNIT_SCADA",1,"2018/06/01 05:15:00","YAMBUKWF","8.60",NA,NA,NA
"D","DISPATCH","UNIT_SCADA",1,"2018/06/01 05:15:00","YSWF1","1",NA,NA,NA
"D","DISPATCH","UNIT_SCADA",1,"2018/06/01 05:20:00","BARCSF1","0.50",NA,NA,NA
"D","DISPATCH","UNIT_SCADA",1,"2018/06/01 05:20:00","BUTLERSG","9.199999",NA,NA,NA
"D","DISPATCH","UNIT_SCADA",1,"2018/06/01 05:20:00","CALL_A_4","0",NA,NA,NA
"D","DISPATCH","UNIT_SCADA",1,"2018/06/01 05:20:00","CAPTL_WF","10.160004",NA,NA,NA
"D","DISPATCH","UNIT_SCADA",1,"2018/06/01 05:20:00","CATHROCK","37.719997",NA,NA,NA
"D","DISPATCH","UNIT_SCADA",1,"2018/06/01 05:20:00","CHALLHWF","6.80",NA,NA,NA
"D","DISPATCH","UNIT_SCADA",1,"2018/06/01 05:20:00","CLOVER","-0.01",NA,NA,NA
"D","DISPATCH","UNIT_SCADA",1,"2018/06/01 05:20:00","CLUNY","9.120165",NA,NA,NA
"D","DISPATCH","UNIT_SCADA",1,"2018/06/01 05:20:00","CNUNDAWF","6.507591",NA,NA,NA
"D","DISPATCH","UNIT_SCADA",1,"2018/06/01 05:20:00","CULLRGWF","6.44",NA,NA,NA
"D","DISPATCH","UNIT_SCADA",1,"2018/06/01 05:20:00","ERGT01","0",NA,NA,NA
"D","DISPATCH","UNIT_SCADA",1,"2018/06/01 05:20:00","GB01","0.058617",NA,NA,NA
"D","DISPATCH","UNIT_SCADA",1,"2018/06/01 05:20:00","GERMCRK","33.900002",NA,NA,NA
"D","DISPATCH","UNIT_SCADA",1,"2018/06/01 05:20:00","GRIFSF1","0",NA,NA,NA
"D","DISPATCH","UNIT_SCADA",1,"2018/06/01 05:20:00","HUGSF1","-0.0130",NA,NA,NA
"D","DISPATCH","UNIT_SCADA",1,"2018/06/01 05:20:00","INVICTA","0",NA,NA,NA
"D","DISPATCH","UNIT_SCADA",1,"2018/06/01 05:20:00","LKBONNY1","16.254305",NA,NA,NA
"D","DISPATCH","UNIT_SCADA",1,"2018/06/01 05:20:00","LRSF1","0.01",NA,NA,NA
"D","DISPATCH","UNIT_SCADA",1,"2018/06/01 05:20:00","MBAHNTH","55.668747",NA,NA,NA
"D","DISPATCH","UNIT_SCADA",1,"2018/06/01 05:20:00","MLSP1","0.370001",NA,NA,NA
"D","DISPATCH","UNIT_SCADA",1,"2018/06/01 05:20:00","MLWF1","3.12",NA,NA,NA
"D","DISPATCH","UNIT_SCADA",1,"2018/06/01 05:20:00","MTMILLAR","44.915756",NA,NA,NA
"D","DISPATCH","UNIT_SCADA",1,"2018/06/01 05:20:00","PALOONA","12.94",NA,NA,NA
"D","DISPATCH","UNIT_SCADA",1,"2018/06/01 05:20:00","PIONEER","-0.90",NA,NA,NA
"D","DISPATCH","UNIT_SCADA",1,"2018/06/01 05:20:00","PORTWF","63.200001",NA,NA,NA
"D","DISPATCH","UNIT_SCADA",1,"2018/06/01 05:20:00","REPULSE","0",NA,NA,NA
"D","DISPATCH","UNIT_SCADA",1,"2018/06/01 05:20:00","ROWALLAN","6.39",NA,NA,NA
"D","DISPATCH","UNIT_SCADA",1,"2018/06/01 05:20:00","ROYALLA1","0",NA,NA,NA
"D","DISPATCH","UNIT_SCADA",1,"2018/06/01 05:20:00","RPCG","-0.30",NA,NA,NA
"D","DISPATCH","UNIT_SCADA",1,"2018/06/01 05:20:00","RUBICON","0",NA,NA,NA
"D","DISPATCH","UNIT_SCADA",1,"2018/06/01 05:20:00","SMCSF1","0",NA,NA,NA
"D","DISPATCH","UNIT_SCADA",1,"2018/06/01 05:20:00","STARHLWF","8.797435",NA,NA,NA
"D","DISPATCH","UNIT_SCADA",1,"2018/06/01 05:20:00","WAUBRAWF","3.6980",NA,NA,NA
"D","DISPATCH","UNIT_SCADA",1,"2018/06/01 05:20:00","WOOLNTH1","0.620015",NA,NA,NA
"D","DISPATCH","UNIT_SCADA",1,"2018/06/01 05:20:00","WPWF","31",NA,NA,NA
"D","DISPATCH","UNIT_SCADA",1,"2018/06/01 05:20:00","YAMBUKWF","8.10",NA,NA,NA
"D","DISPATCH","UNIT_SCADA",1,"2018/06/01 05:20:00","YSWF1","1.20",NA,NA,NA
"D","DISPATCH","UNIT_SCADA",1,"2018/06/01 05:25:00","BARCSF1","0.50",NA,NA,NA
"D","DISPATCH","UNIT_SCADA",1,"2018/06/01 05:25:00","BUTLERSG","9.199999",NA,NA,NA
"D","DISPATCH","UNIT_SCADA",1,"2018/06/01 05:25:00","CALL_A_4","0",NA,NA,NA
"D","DISPATCH","UNIT_SCADA",1,"2018/06/01 05:25:00","CAPTL_WF","10.3480",NA,NA,NA
"D","DISPATCH","UNIT_SCADA",1,"2018/06/01 05:25:00","CATHROCK","37.719997",NA,NA,NA
"D","DISPATCH","UNIT_SCADA",1,"2018/06/01 05:25:00","CHALLHWF","6.40",NA,NA,NA
"D","DISPATCH","UNIT_SCADA",1,"2018/06/01 05:25:00","CLOVER","-0.01",NA,NA,NA
"D","DISPATCH","UNIT_SCADA",1,"2018/06/01 05:25:00","CLUNY","9.044175",NA,NA,NA
"D","DISPATCH","UNIT_SCADA",1,"2018/06/01 05:25:00","CNUNDAWF","6.707825",NA,NA,NA
"D","DISPATCH","UNIT_SCADA",1,"2018/06/01 05:25:00","CULLRGWF","4.72",NA,NA,NA
"D","DISPATCH","UNIT_SCADA",1,"2018/06/01 05:25:00","ERGT01","0",NA,NA,NA
"D","DISPATCH","UNIT_SCADA",1,"2018/06/01 05:25:00","GB01","0.061657",NA,NA,NA
"D","DISPATCH","UNIT_SCADA",1,"2018/06/01 05:25:00","GERMCRK","34",NA,NA,NA
"D","DISPATCH","UNIT_SCADA",1,"2018/06/01 05:25:00","GRIFSF1","0",NA,NA,NA
"D","DISPATCH","UNIT_SCADA",1,"2018/06/01 05:25:00","HUGSF1","-0.0130",NA,NA,NA
"D","DISPATCH","UNIT_SCADA",1,"2018/06/01 05:25:00","INVICTA","0",NA,NA,NA
"D","DISPATCH","UNIT_SCADA",1,"2018/06/01 05:25:00","LKBONNY1","17.058088",NA,NA,NA
"D","DISPATCH","UNIT_SCADA",1,"2018/06/01 05:25:00","LRSF1","0.01",NA,NA,NA
"D","DISPATCH","UNIT_SCADA",1,"2018/06/01 05:25:00","MBAHNTH","55.668747",NA,NA,NA
"D","DISPATCH","UNIT_SCADA",1,"2018/06/01 05:25:00","MLSP1","0.370001",NA,NA,NA
"D","DISPATCH","UNIT_SCADA",1,"2018/06/01 05:25:00","MLWF1","2.70",NA,NA,NA
"D","DISPATCH","UNIT_SCADA",1,"2018/06/01 05:25:00","MTMILLAR","44.722282",NA,NA,NA
"D","DISPATCH","UNIT_SCADA",1,"2018/06/01 05:25:00","PALOONA","12.94",NA,NA,NA
"D","DISPATCH","UNIT_SCADA",1,"2018/06/01 05:25:00","PIONEER","-0.90",NA,NA,NA
"D","DISPATCH","UNIT_SCADA",1,"2018/06/01 05:25:00","PORTWF","61.400002",NA,NA,NA
"D","DISPATCH","UNIT_SCADA",1,"2018/06/01 05:25:00","REPULSE","0",NA,NA,NA
"D","DISPATCH","UNIT_SCADA",1,"2018/06/01 05:25:00","ROWALLAN","6.5959",NA,NA,NA
"D","DISPATCH","UNIT_SCADA",1,"2018/06/01 05:25:00","ROYALLA1","0",NA,NA,NA
"D","DISPATCH","UNIT_SCADA",1,"2018/06/01 05:25:00","RPCG","-0.30",NA,NA,NA
"D","DISPATCH","UNIT_SCADA",1,"2018/06/01 05:25:00","RUBICON","0",NA,NA,NA
"D","DISPATCH","UNIT_SCADA",1,"2018/06/01 05:25:00","SMCSF1","0",NA,NA,NA
"D","DISPATCH","UNIT_SCADA",1,"2018/06/01 05:25:00","STARHLWF","8.597493",NA,NA,NA
"D","DISPATCH","UNIT_SCADA",1,"2018/06/01 05:25:00","WAUBRAWF","3.4930",NA,NA,NA
"D","DISPATCH","UNIT_SCADA",1,"2018/06/01 05:25:00","WOOLNTH1","0.980015",NA,NA,NA
"D","DISPATCH","UNIT_SCADA",1,"2018/06/01 05:25:00","WPWF","34",NA,NA,NA
"D","DISPATCH","UNIT_SCADA",1,"2018/06/01 05:25:00","YAMBUKWF","7.60",NA,NA,NA
"D","DISPATCH","UNIT_SCADA",1,"2018/06/01 05:25:00","YSWF1","1.40",NA,NA,NA
"D","DISPATCH","UNIT_SCADA",1,"2018/06/01 05:30:00","BARCSF1","0.50",NA,NA,NA
"D","DISPATCH","UNIT_SCADA",1,"2018/06/01 05:30:00","BUTLERSG","9.099998",NA,NA,NA
"D","DISPATCH","UNIT_SCADA",1,"2018/06/01 05:30:00","CALL_A_4","0",NA,NA,NA
"D","DISPATCH","UNIT_SCADA",1,"2018/06/01 05:30:00","CAPTL_WF","10.2920",NA,NA,NA
"D","DISPATCH","UNIT_SCADA",1,"2018/06/01 05:30:00","CATHROCK","37.919998",NA,NA,NA
"D","DISPATCH","UNIT_SCADA",1,"2018/06/01 05:30:00","CHALLHWF","6.60",NA,NA,NA
"D","DISPATCH","UNIT_SCADA",1,"2018/06/01 05:30:00","CLOVER","0",NA,NA,NA
"D","DISPATCH","UNIT_SCADA",1,"2018/06/01 05:30:00","CLUNY","9.005722",NA,NA,NA
"D","DISPATCH","UNIT_SCADA",1,"2018/06/01 05:30:00","CNUNDAWF","6.407475",NA,NA,NA
"D","DISPATCH","UNIT_SCADA",1,"2018/06/01 05:30:00","CULLRGWF","2.44",NA,NA,NA
"D","DISPATCH","UNIT_SCADA",1,"2018/06/01 05:30:00","ERGT01","0",NA,NA,NA
"D","DISPATCH","UNIT_SCADA",1,"2018/06/01 05:30:00","GB01","0.061657",NA,NA,NA
"D","DISPATCH","UNIT_SCADA",1,"2018/06/01 05:30:00","GERMCRK","35",NA,NA,NA
"D","DISPATCH","UNIT_SCADA",1,"2018/06/01 05:30:00","GRIFSF1","0",NA,NA,NA
"D","DISPATCH","UNIT_SCADA",1,"2018/06/01 05:30:00","HUGSF1","-0.0130",NA,NA,NA
"D","DISPATCH","UNIT_SCADA",1,"2018/06/01 05:30:00","INVICTA","0",NA,NA,NA
"D","DISPATCH","UNIT_SCADA",1,"2018/06/01 05:30:00","LKBONNY1","15.986376",NA,NA,NA
"D","DISPATCH","UNIT_SCADA",1,"2018/06/01 05:30:00","LRSF1","0.01",NA,NA,NA
"D","DISPATCH","UNIT_SCADA",1,"2018/06/01 05:30:00","MBAHNTH","55.668747",NA,NA,NA
"D","DISPATCH","UNIT_SCADA",1,"2018/06/01 05:30:00","MLSP1","0.370001",NA,NA,NA
"D","DISPATCH","UNIT_SCADA",1,"2018/06/01 05:30:00","MLWF1","3.7350",NA,NA,NA
"D","DISPATCH","UNIT_SCADA",1,"2018/06/01 05:30:00","MTMILLAR","44.789253",NA,NA,NA
"D","DISPATCH","UNIT_SCADA",1,"2018/06/01 05:30:00","PALOONA","12.94",NA,NA,NA
"D","DISPATCH","UNIT_SCADA",1,"2018/06/01 05:30:00","PIONEER","-0.90",NA,NA,NA
"D","DISPATCH","UNIT_SCADA",1,"2018/06/01 05:30:00","PORTWF","62.200001",NA,NA,NA
"D","DISPATCH","UNIT_SCADA",1,"2018/06/01 05:30:00","REPULSE","0",NA,NA,NA
"D","DISPATCH","UNIT_SCADA",1,"2018/06/01 05:30:00","ROWALLAN","6.5320",NA,NA,NA
"D","DISPATCH","UNIT_SCADA",1,"2018/06/01 05:30:00","ROYALLA1","0",NA,NA,NA
"D","DISPATCH","UNIT_SCADA",1,"2018/06/01 05:30:00","RPCG","-0.30",NA,NA,NA
"D","DISPATCH","UNIT_SCADA",1,"2018/06/01 05:30:00","RUBICON","0",NA,NA,NA
"D","DISPATCH","UNIT_SCADA",1,"2018/06/01 05:30:00","SMCSF1","0",NA,NA,NA
"D","DISPATCH","UNIT_SCADA",1,"2018/06/01 05:30:00","STARHLWF","9.097347",NA,NA,NA
"D","DISPATCH","UNIT_SCADA",1,"2018/06/01 05:30:00","WAUBRAWF","4.1420",NA,NA,NA
"D","DISPATCH","UNIT_SCADA",1,"2018/06/01 05:30:00","WOOLNTH1","-0.559985",NA,NA,NA
"D","DISPATCH","UNIT_SCADA",1,"2018/06/01 05:30:00","WPWF","35",NA,NA,NA
"D","DISPATCH","UNIT_SCADA",1,"2018/06/01 05:30:00","YAMBUKWF","8.10",NA,NA,NA
"D","DISPATCH","UNIT_SCADA",1,"2018/06/01 05:30:00","YSWF1","1.30",NA,NA,NA
"D","DISPATCH","UNIT_SCADA",1,"2018/06/01 05:35:00","BARCSF1","0.50",NA,NA,NA
"D","DISPATCH","UNIT_SCADA",1,"2018/06/01 05:50:00","BARCSF1","0.50",NA,NA,NA
"D","DISPATCH","UNIT_SCADA",1,"2018/06/01 05:50:00","BUTLERSG","9.199999",NA,NA,NA
"D","DISPATCH","UNIT_SCADA",1,"2018/06/01 05:50:00","CALL_A_4","0",NA,NA,NA
"D","DISPATCH","UNIT_SCADA",1,"2018/06/01 05:50:00","CAPTL_WF","8.188004",NA,NA,NA
"D","DISPATCH","UNIT_SCADA",1,"2018/06/01 05:50:00","CATHROCK","37.57",NA,NA,NA
"D","DISPATCH","UNIT_SCADA",1,"2018/06/01 05:50:00","CHALLHWF","5.50",NA,NA,NA
"D","DISPATCH","UNIT_SCADA",1,"2018/06/01 05:50:00","CLOVER","-0.01",NA,NA,NA
"D","DISPATCH","UNIT_SCADA",1,"2018/06/01 05:50:00","CLUNY","8.981918",NA,NA,NA
"D","DISPATCH","UNIT_SCADA",1,"2018/06/01 05:50:00","CNUNDAWF","5.906891",NA,NA,NA
"D","DISPATCH","UNIT_SCADA",1,"2018/06/01 05:50:00","CULLRGWF","1.81",NA,NA,NA
"D","DISPATCH","UNIT_SCADA",1,"2018/06/01 05:50:00","ERGT01","0",NA,NA,NA
"D","DISPATCH","UNIT_SCADA",1,"2018/06/01 05:50:00","GB01","0.061657",NA,NA,NA
"D","DISPATCH","UNIT_SCADA",1,"2018/06/01 05:50:00","GERMCRK","36.299999",NA,NA,NA
"D","DISPATCH","UNIT_SCADA",1,"2018/06/01 05:50:00","GRIFSF1","0",NA,NA,NA
"D","DISPATCH","UNIT_SCADA",1,"2018/06/01 05:50:00","HUGSF1","-0.0130",NA,NA,NA
"D","DISPATCH","UNIT_SCADA",1,"2018/06/01 05:50:00","INVICTA","0",NA,NA,NA
"D","DISPATCH","UNIT_SCADA",1,"2018/06/01 05:50:00","LKBONNY1","15.182591",NA,NA,NA
"D","DISPATCH","UNIT_SCADA",1,"2018/06/01 05:50:00","LRSF1","0.01",NA,NA,NA
"D","DISPATCH","UNIT_SCADA",1,"2018/06/01 05:50:00","MBAHNTH","55.668747",NA,NA,NA
"D","DISPATCH","UNIT_SCADA",1,"2018/06/01 05:50:00","MLSP1","0.370001",NA,NA,NA
"D","DISPATCH","UNIT_SCADA",1,"2018/06/01 05:50:00","PIONEER","-0.90",NA,NA,NA
"D","DISPATCH","UNIT_SCADA",1,"2018/06/01 05:50:00","MLWF1","2.7150",NA,NA,NA
"D","DISPATCH","UNIT_SCADA",1,"2018/06/01 05:50:00","MTMILLAR","44.759487",NA,NA,NA
"D","DISPATCH","UNIT_SCADA",1,"2018/06/01 05:50:00","PALOONA","12.87",NA,NA,NA
"D","DISPATCH","UNIT_SCADA",1,"2018/06/01 05:50:00","PORTWF","61.50",NA,NA,NA
"D","DISPATCH","UNIT_SCADA",1,"2018/06/01 05:50:00","REPULSE","0",NA,NA,NA
"D","DISPATCH","UNIT_SCADA",1,"2018/06/01 05:50:00","ROWALLAN","6.6598",NA,NA,NA
"D","DISPATCH","UNIT_SCADA",1,"2018/06/01 05:50:00","ROYALLA1","0",NA,NA,NA
"D","DISPATCH","UNIT_SCADA",1,"2018/06/01 05:50:00","RPCG","-0.30",NA,NA,NA
"D","DISPATCH","UNIT_SCADA",1,"2018/06/01 05:50:00","RUBICON","0",NA,NA,NA
"D","DISPATCH","UNIT_SCADA",1,"2018/06/01 05:50:00","SMCSF1","0",NA,NA,NA
"D","DISPATCH","UNIT_SCADA",1,"2018/06/01 05:50:00","STARHLWF","8.997376",NA,NA,NA
"D","DISPATCH","UNIT_SCADA",1,"2018/06/01 05:50:00","WAUBRAWF","3.8130",NA,NA,NA
"D","DISPATCH","UNIT_SCADA",1,"2018/06/01 05:50:00","WOOLNTH1","-0.089985",NA,NA,NA
"D","DISPATCH","UNIT_SCADA",1,"2018/06/01 05:50:00","WPWF","40",NA,NA,NA
"D","DISPATCH","UNIT_SCADA",1,"2018/06/01 05:50:00","YAMBUKWF","8",NA,NA,NA
"D","DISPATCH","UNIT_SCADA",1,"2018/06/01 05:50:00","YSWF1","1.60",NA,NA,NA
"D","DISPATCH","UNIT_SCADA",1,"2018/06/01 05:35:00","BUTLERSG","9.199999",NA,NA,NA
"D","DISPATCH","UNIT_SCADA",1,"2018/06/01 05:35:00","CALL_A_4","0",NA,NA,NA
"D","DISPATCH","UNIT_SCADA",1,"2018/06/01 05:35:00","CAPTL_WF","10.748001",NA,NA,NA
"D","DISPATCH","UNIT_SCADA",1,"2018/06/01 05:35:00","CATHROCK","37.589996",NA,NA,NA
"D","DISPATCH","UNIT_SCADA",1,"2018/06/01 05:35:00","CHALLHWF","6.10",NA,NA,NA
"D","DISPATCH","UNIT_SCADA",1,"2018/06/01 05:35:00","CLOVER","-0.01",NA,NA,NA
"D","DISPATCH","UNIT_SCADA",1,"2018/06/01 05:35:00","CLUNY","9.100939",NA,NA,NA
"D","DISPATCH","UNIT_SCADA",1,"2018/06/01 05:35:00","CNUNDAWF","6.007008",NA,NA,NA
"D","DISPATCH","UNIT_SCADA",1,"2018/06/01 05:35:00","CULLRGWF","1.26",NA,NA,NA
"D","DISPATCH","UNIT_SCADA",1,"2018/06/01 05:35:00","ERGT01","0",NA,NA,NA
"D","DISPATCH","UNIT_SCADA",1,"2018/06/01 05:35:00","GB01","0.061657",NA,NA,NA
"D","DISPATCH","UNIT_SCADA",1,"2018/06/01 05:35:00","GERMCRK","35.299999",NA,NA,NA
"D","DISPATCH","UNIT_SCADA",1,"2018/06/01 05:35:00","GRIFSF1","0",NA,NA,NA
"D","DISPATCH","UNIT_SCADA",1,"2018/06/01 05:35:00","HUGSF1","-0.0130",NA,NA,NA
"D","DISPATCH","UNIT_SCADA",1,"2018/06/01 05:35:00","INVICTA","0",NA,NA,NA
"D","DISPATCH","UNIT_SCADA",1,"2018/06/01 05:35:00","LKBONNY1","15.718448",NA,NA,NA
"D","DISPATCH","UNIT_SCADA",1,"2018/06/01 05:35:00","LRSF1","0.01",NA,NA,NA
"D","DISPATCH","UNIT_SCADA",1,"2018/06/01 05:35:00","MBAHNTH","55.668747",NA,NA,NA
"D","DISPATCH","UNIT_SCADA",1,"2018/06/01 05:35:00","MLSP1","0.370001",NA,NA,NA
"D","DISPATCH","UNIT_SCADA",1,"2018/06/01 05:35:00","MLWF1","3.2250",NA,NA,NA
"D","DISPATCH","UNIT_SCADA",1,"2018/06/01 05:35:00","MTMILLAR","44.766930",NA,NA,NA
"D","DISPATCH","UNIT_SCADA",1,"2018/06/01 05:35:00","PALOONA","12.719999",NA,NA,NA
"D","DISPATCH","UNIT_SCADA",1,"2018/06/01 05:35:00","PIONEER","-0.90",NA,NA,NA
"D","DISPATCH","UNIT_SCADA",1,"2018/06/01 05:35:00","PORTWF","63.700001",NA,NA,NA
"D","DISPATCH","UNIT_SCADA",1,"2018/06/01 05:35:00","REPULSE","0",NA,NA,NA
"D","DISPATCH","UNIT_SCADA",1,"2018/06/01 05:35:00","ROWALLAN","6.4113",NA,NA,NA
"D","DISPATCH","UNIT_SCADA",1,"2018/06/01 05:35:00","ROYALLA1","0",NA,NA,NA
"D","DISPATCH","UNIT_SCADA",1,"2018/06/01 05:35:00","RPCG","-0.30",NA,NA,NA
"D","DISPATCH","UNIT_SCADA",1,"2018/06/01 05:35:00","RUBICON","0",NA,NA,NA
"D","DISPATCH","UNIT_SCADA",1,"2018/06/01 05:35:00","SMCSF1","0",NA,NA,NA
"D","DISPATCH","UNIT_SCADA",1,"2018/06/01 05:35:00","STARHLWF","9.197318",NA,NA,NA
"D","DISPATCH","UNIT_SCADA",1,"2018/06/01 05:35:00","WAUBRAWF","4.1970",NA,NA,NA
"D","DISPATCH","UNIT_SCADA",1,"2018/06/01 05:35:00","WOOLNTH1","-0.799985",NA,NA,NA
"D","DISPATCH","UNIT_SCADA",1,"2018/06/01 05:35:00","WPWF","37",NA,NA,NA
"D","DISPATCH","UNIT_SCADA",1,"2018/06/01 05:35:00","YAMBUKWF","7.60",NA,NA,NA
"D","DISPATCH","UNIT_SCADA",1,"2018/06/01 05:35:00","YSWF1","1.40",NA,NA,NA
"D","DISPATCH","UNIT_SCADA",1,"2018/06/01 05:40:00","BARCSF1","0.50",NA,NA,NA
"D","DISPATCH","UNIT_SCADA",1,"2018/06/01 05:40:00","BUTLERSG","9.199999",NA,NA,NA
"D","DISPATCH","UNIT_SCADA",1,"2018/06/01 05:40:00","CALL_A_4","0",NA,NA,NA
"D","DISPATCH","UNIT_SCADA",1,"2018/06/01 05:40:00","CAPTL_WF","10.092003",NA,NA,NA
"D","DISPATCH","UNIT_SCADA",1,"2018/06/01 05:40:00","CATHROCK","37.749996",NA,NA,NA
"D","DISPATCH","UNIT_SCADA",1,"2018/06/01 05:40:00","CHALLHWF","6.60",NA,NA,NA
"D","DISPATCH","UNIT_SCADA",1,"2018/06/01 05:40:00","CLOVER","-0.02",NA,NA,NA
"D","DISPATCH","UNIT_SCADA",1,"2018/06/01 05:40:00","CLUNY","9.053330",NA,NA,NA
"D","DISPATCH","UNIT_SCADA",1,"2018/06/01 05:40:00","CNUNDAWF","6.607708",NA,NA,NA
"D","DISPATCH","UNIT_SCADA",1,"2018/06/01 05:40:00","CULLRGWF","0.92",NA,NA,NA
"D","DISPATCH","UNIT_SCADA",1,"2018/06/01 05:40:00","ERGT01","0",NA,NA,NA
"D","DISPATCH","UNIT_SCADA",1,"2018/06/01 05:40:00","GB01","0.061657",NA,NA,NA
"D","DISPATCH","UNIT_SCADA",1,"2018/06/01 05:40:00","GERMCRK","35.799999",NA,NA,NA
"D","DISPATCH","UNIT_SCADA",1,"2018/06/01 05:40:00","GRIFSF1","0",NA,NA,NA
"D","DISPATCH","UNIT_SCADA",1,"2018/06/01 05:40:00","HUGSF1","-0.0130",NA,NA,NA
"D","DISPATCH","UNIT_SCADA",1,"2018/06/01 05:40:00","INVICTA","0",NA,NA,NA
"D","DISPATCH","UNIT_SCADA",1,"2018/06/01 05:40:00","LKBONNY1","15.450520",NA,NA,NA
"D","DISPATCH","UNIT_SCADA",1,"2018/06/01 05:40:00","LRSF1","0.01",NA,NA,NA
"D","DISPATCH","UNIT_SCADA",1,"2018/06/01 05:40:00","MBAHNTH","55.668747",NA,NA,NA
"D","DISPATCH","UNIT_SCADA",1,"2018/06/01 05:40:00","MLSP1","0.370001",NA,NA,NA
"D","DISPATCH","UNIT_SCADA",1,"2018/06/01 05:40:00","MLWF1","3.45",NA,NA,NA
"D","DISPATCH","UNIT_SCADA",1,"2018/06/01 05:40:00","MTMILLAR","44.8339",NA,NA,NA
"D","DISPATCH","UNIT_SCADA",1,"2018/06/01 05:40:00","PALOONA","12.98",NA,NA,NA
"D","DISPATCH","UNIT_SCADA",1,"2018/06/01 05:40:00","PIONEER","-0.90",NA,NA,NA
"D","DISPATCH","UNIT_SCADA",1,"2018/06/01 05:40:00","PORTWF","62.200001",NA,NA,NA
"D","DISPATCH","UNIT_SCADA",1,"2018/06/01 05:40:00","REPULSE","0",NA,NA,NA
"D","DISPATCH","UNIT_SCADA",1,"2018/06/01 05:40:00","ROWALLAN","6.6314",NA,NA,NA
"D","DISPATCH","UNIT_SCADA",1,"2018/06/01 05:40:00","ROYALLA1","0",NA,NA,NA
"D","DISPATCH","UNIT_SCADA",1,"2018/06/01 05:40:00","RPCG","-0.30",NA,NA,NA
"D","DISPATCH","UNIT_SCADA",1,"2018/06/01 05:40:00","RUBICON","0",NA,NA,NA
"D","DISPATCH","UNIT_SCADA",1,"2018/06/01 05:40:00","SMCSF1","0",NA,NA,NA
"D","DISPATCH","UNIT_SCADA",1,"2018/06/01 05:40:00","STARHLWF","8.997376",NA,NA,NA
"D","DISPATCH","UNIT_SCADA",1,"2018/06/01 05:40:00","WAUBRAWF","4.7950",NA,NA,NA
"D","DISPATCH","UNIT_SCADA",1,"2018/06/01 05:40:00","WOOLNTH1","0.460015",NA,NA,NA
"D","DISPATCH","UNIT_SCADA",1,"2018/06/01 05:40:00","WPWF","37",NA,NA,NA
"D","DISPATCH","UNIT_SCADA",1,"2018/06/01 05:40:00","YAMBUKWF","7.70",NA,NA,NA
"D","DISPATCH","UNIT_SCADA",1,"2018/06/01 05:40:00","YSWF1","1.40",NA,NA,NA
"D","DISPATCH","UNIT_SCADA",1,"2018/06/01 05:45:00","BARCSF1","0.50",NA,NA,NA
"D","DISPATCH","UNIT_SCADA",1,"2018/06/01 05:45:00","BUTLERSG","9.199999",NA,NA,NA
"D","DISPATCH","UNIT_SCADA",1,"2018/06/01 05:45:00","CALL_A_4","0",NA,NA,NA
"D","DISPATCH","UNIT_SCADA",1,"2018/06/01 05:45:00","CAPTL_WF","9.832001",NA,NA,NA
"D","DISPATCH","UNIT_SCADA",1,"2018/06/01 05:45:00","CATHROCK","37.389999",NA,NA,NA
"D","DISPATCH","UNIT_SCADA",1,"2018/06/01 05:45:00","CHALLHWF","6.30",NA,NA,NA
"D","DISPATCH","UNIT_SCADA",1,"2018/06/01 05:45:00","CLOVER","-0.01",NA,NA,NA
"D","DISPATCH","UNIT_SCADA",1,"2018/06/01 05:45:00","CLUNY","9.029526",NA,NA,NA
"D","DISPATCH","UNIT_SCADA",1,"2018/06/01 05:45:00","CNUNDAWF","6.407475",NA,NA,NA
"D","DISPATCH","UNIT_SCADA",1,"2018/06/01 05:45:00","CULLRGWF","1.35",NA,NA,NA
"D","DISPATCH","UNIT_SCADA",1,"2018/06/01 05:45:00","ERGT01","0",NA,NA,NA
"D","DISPATCH","UNIT_SCADA",1,"2018/06/01 05:45:00","GB01","0.061657",NA,NA,NA
"D","DISPATCH","UNIT_SCADA",1,"2018/06/01 05:45:00","GERMCRK","36",NA,NA,NA
"D","DISPATCH","UNIT_SCADA",1,"2018/06/01 05:45:00","GRIFSF1","0",NA,NA,NA
"D","DISPATCH","UNIT_SCADA",1,"2018/06/01 05:45:00","HUGSF1","-0.0130",NA,NA,NA
"D","DISPATCH","UNIT_SCADA",1,"2018/06/01 05:45:00","INVICTA","0",NA,NA,NA
"D","DISPATCH","UNIT_SCADA",1,"2018/06/01 05:45:00","LKBONNY1","16.254305",NA,NA,NA
"D","DISPATCH","UNIT_SCADA",1,"2018/06/01 05:45:00","LRSF1","0.01",NA,NA,NA
"D","DISPATCH","UNIT_SCADA",1,"2018/06/01 05:45:00","MBAHNTH","55.668747",NA,NA,NA
"D","DISPATCH","UNIT_SCADA",1,"2018/06/01 05:45:00","MLSP1","0.370001",NA,NA,NA
"D","DISPATCH","UNIT_SCADA",1,"2018/06/01 05:45:00","MLWF1","3.4350",NA,NA,NA
"D","DISPATCH","UNIT_SCADA",1,"2018/06/01 05:45:00","MTMILLAR","44.863667",NA,NA,NA
"D","DISPATCH","UNIT_SCADA",1,"2018/06/01 05:45:00","PALOONA","12.87",NA,NA,NA
"D","DISPATCH","UNIT_SCADA",1,"2018/06/01 05:45:00","PIONEER","-0.90",NA,NA,NA
"D","DISPATCH","UNIT_SCADA",1,"2018/06/01 05:45:00","PORTWF","60.099998",NA,NA,NA
"D","DISPATCH","UNIT_SCADA",1,"2018/06/01 05:45:00","REPULSE","0",NA,NA,NA
"D","DISPATCH","UNIT_SCADA",1,"2018/06/01 05:45:00","ROWALLAN","6.5391",NA,NA,NA
"D","DISPATCH","UNIT_SCADA",1,"2018/06/01 05:45:00","ROYALLA1","0",NA,NA,NA
"D","DISPATCH","UNIT_SCADA",1,"2018/06/01 05:45:00","RPCG","-0.30",NA,NA,NA
"D","DISPATCH","UNIT_SCADA",1,"2018/06/01 05:45:00","RUBICON","0",NA,NA,NA
"D","DISPATCH","UNIT_SCADA",1,"2018/06/01 05:45:00","SMCSF1","0",NA,NA,NA
"D","DISPATCH","UNIT_SCADA",1,"2018/06/01 05:45:00","STARHLWF","8.997376",NA,NA,NA
"D","DISPATCH","UNIT_SCADA",1,"2018/06/01 05:45:00","WAUBRAWF","4.2290",NA,NA,NA
"D","DISPATCH","UNIT_SCADA",1,"2018/06/01 05:45:00","WOOLNTH1","0.620015",NA,NA,NA
"D","DISPATCH","UNIT_SCADA",1,"2018/06/01 05:45:00","WPWF","39",NA,NA,NA
"D","DISPATCH","UNIT_SCADA",1,"2018/06/01 05:45:00","YAMBUKWF","8.40",NA,NA,NA
"D","DISPATCH","UNIT_SCADA",1,"2018/06/01 05:45:00","YSWF1","1.30",NA,NA,NA
"D","DISPATCH","UNIT_SCADA",1,"2018/06/01 05:55:00","BARCSF1","0.50",NA,NA,NA
"D","DISPATCH","UNIT_SCADA",1,"2018/06/01 05:55:00","BUTLERSG","9.199999",NA,NA,NA
"D","DISPATCH","UNIT_SCADA",1,"2018/06/01 05:55:00","CALL_A_4","0",NA,NA,NA
"D","DISPATCH","UNIT_SCADA",1,"2018/06/01 05:55:00","CAPTL_WF","9.1120",NA,NA,NA
"D","DISPATCH","UNIT_SCADA",1,"2018/06/01 05:55:00","CATHROCK","37.439999",NA,NA,NA
"D","DISPATCH","UNIT_SCADA",1,"2018/06/01 05:55:00","CHALLHWF","5.30",NA,NA,NA
"D","DISPATCH","UNIT_SCADA",1,"2018/06/01 05:55:00","CLOVER","-0.02",NA,NA,NA
"D","DISPATCH","UNIT_SCADA",1,"2018/06/01 05:55:00","CLUNY","9.024948",NA,NA,NA
"D","DISPATCH","UNIT_SCADA",1,"2018/06/01 05:55:00","CNUNDAWF","6.207241",NA,NA,NA
"D","DISPATCH","UNIT_SCADA",1,"2018/06/01 05:55:00","CULLRGWF","2.16",NA,NA,NA
"D","DISPATCH","UNIT_SCADA",1,"2018/06/01 05:55:00","ERGT01","0",NA,NA,NA
"D","DISPATCH","UNIT_SCADA",1,"2018/06/01 05:55:00","GB01","0.061657",NA,NA,NA
"D","DISPATCH","UNIT_SCADA",1,"2018/06/01 05:55:00","GERMCRK","36.700001",NA,NA,NA
"D","DISPATCH","UNIT_SCADA",1,"2018/06/01 05:55:00","GRIFSF1","0",NA,NA,NA
"D","DISPATCH","UNIT_SCADA",1,"2018/06/01 05:55:00","HUGSF1","-0.0130",NA,NA,NA
"D","DISPATCH","UNIT_SCADA",1,"2018/06/01 05:55:00","INVICTA","0",NA,NA,NA
"D","DISPATCH","UNIT_SCADA",1,"2018/06/01 05:55:00","LKBONNY1","13.307096",NA,NA,NA
"D","DISPATCH","UNIT_SCADA",1,"2018/06/01 05:55:00","LRSF1","0.01",NA,NA,NA
"D","DISPATCH","UNIT_SCADA",1,"2018/06/01 05:55:00","MBAHNTH","55.668747",NA,NA,NA
"D","DISPATCH","UNIT_SCADA",1,"2018/06/01 05:55:00","MLSP1","0.370001",NA,NA,NA
"D","DISPATCH","UNIT_SCADA",1,"2018/06/01 05:55:00","MLWF1","3",NA,NA,NA
"D","DISPATCH","UNIT_SCADA",1,"2018/06/01 05:55:00","MTMILLAR","44.670193",NA,NA,NA
"D","DISPATCH","UNIT_SCADA",1,"2018/06/01 05:55:00","PALOONA","12.87",NA,NA,NA
"D","DISPATCH","UNIT_SCADA",1,"2018/06/01 05:55:00","PIONEER","-0.90",NA,NA,NA
"D","DISPATCH","UNIT_SCADA",1,"2018/06/01 05:55:00","PORTWF","64.099998",NA,NA,NA
"D","DISPATCH","UNIT_SCADA",1,"2018/06/01 05:55:00","REPULSE","0",NA,NA,NA
"D","DISPATCH","UNIT_SCADA",1,"2018/06/01 05:55:00","ROWALLAN","6.3758",NA,NA,NA
"D","DISPATCH","UNIT_SCADA",1,"2018/06/01 05:55:00","ROYALLA1","0",NA,NA,NA
"D","DISPATCH","UNIT_SCADA",1,"2018/06/01 05:55:00","RPCG","-0.30",NA,NA,NA
"D","DISPATCH","UNIT_SCADA",1,"2018/06/01 05:55:00","RUBICON","0",NA,NA,NA
"D","DISPATCH","UNIT_SCADA",1,"2018/06/01 05:55:00","SMCSF1","0",NA,NA,NA
"D","DISPATCH","UNIT_SCADA",1,"2018/06/01 05:55:00","STARHLWF","8.097639",NA,NA,NA
"D","DISPATCH","UNIT_SCADA",1,"2018/06/01 05:55:00","WAUBRAWF","2.6280",NA,NA,NA
"D","DISPATCH","UNIT_SCADA",1,"2018/06/01 05:55:00","WOOLNTH1","-0.349985",NA,NA,NA
"D","DISPATCH","UNIT_SCADA",1,"2018/06/01 05:55:00","WPWF","40",NA,NA,NA
"D","DISPATCH","UNIT_SCADA",1,"2018/06/01 05:55:00","YAMBUKWF","8.70",NA,NA,NA
"D","DISPATCH","UNIT_SCADA",1,"2018/06/01 05:55:00","YSWF1","1.90",NA,NA,NA
"D","DISPATCH","UNIT_SCADA",1,"2018/06/01 06:00:00","BARCSF1","0.50",NA,NA,NA
"D","DISPATCH","UNIT_SCADA",1,"2018/06/01 06:00:00","BUTLERSG","9.199999",NA,NA,NA
"D","DISPATCH","UNIT_SCADA",1,"2018/06/01 06:00:00","CALL_A_4","0",NA,NA,NA
"D","DISPATCH","UNIT_SCADA",1,"2018/06/01 06:00:00","CAPTL_WF","7.407997",NA,NA,NA
"D","DISPATCH","UNIT_SCADA",1,"2018/06/01 06:00:00","CATHROCK","36.489998",NA,NA,NA
"D","DISPATCH","UNIT_SCADA",1,"2018/06/01 06:00:00","CHALLHWF","5.40",NA,NA,NA
"D","DISPATCH","UNIT_SCADA",1,"2018/06/01 06:00:00","CLOVER","-0.01",NA,NA,NA
"D","DISPATCH","UNIT_SCADA",1,"2018/06/01 06:00:00","CLUNY","9.044175",NA,NA,NA
"D","DISPATCH","UNIT_SCADA",1,"2018/06/01 06:00:00","CNUNDAWF","5.506423",NA,NA,NA
"D","DISPATCH","UNIT_SCADA",1,"2018/06/01 06:00:00","CULLRGWF","1.94",NA,NA,NA
"D","DISPATCH","UNIT_SCADA",1,"2018/06/01 06:00:00","ERGT01","0",NA,NA,NA
"D","DISPATCH","UNIT_SCADA",1,"2018/06/01 06:00:00","GB01","0.061657",NA,NA,NA
"D","DISPATCH","UNIT_SCADA",1,"2018/06/01 06:00:00","GERMCRK","36.799999",NA,NA,NA
"D","DISPATCH","UNIT_SCADA",1,"2018/06/01 06:00:00","GRIFSF1","0",NA,NA,NA
"D","DISPATCH","UNIT_SCADA",1,"2018/06/01 06:00:00","HUGSF1","-0.0130",NA,NA,NA
"D","DISPATCH","UNIT_SCADA",1,"2018/06/01 06:00:00","INVICTA","0",NA,NA,NA
"D","DISPATCH","UNIT_SCADA",1,"2018/06/01 06:00:00","LKBONNY1","14.468117",NA,NA,NA
"D","DISPATCH","UNIT_SCADA",1,"2018/06/01 06:00:00","LRSF1","0.01",NA,NA,NA
"D","DISPATCH","UNIT_SCADA",1,"2018/06/01 06:00:00","MBAHNTH","55.668747",NA,NA,NA
"D","DISPATCH","UNIT_SCADA",1,"2018/06/01 06:00:00","MLSP1","0.370001",NA,NA,NA
"D","DISPATCH","UNIT_SCADA",1,"2018/06/01 06:00:00","MLWF1","2.49",NA,NA,NA
"D","DISPATCH","UNIT_SCADA",1,"2018/06/01 06:00:00","MTMILLAR","44.8339",NA,NA,NA
"D","DISPATCH","UNIT_SCADA",1,"2018/06/01 06:00:00","PALOONA","12.87",NA,NA,NA
"D","DISPATCH","UNIT_SCADA",1,"2018/06/01 06:00:00","PIONEER","-0.90",NA,NA,NA
"D","DISPATCH","UNIT_SCADA",1,"2018/06/01 06:00:00","PORTWF","66",NA,NA,NA
"D","DISPATCH","UNIT_SCADA",1,"2018/06/01 06:00:00","REPULSE","0",NA,NA,NA
"D","DISPATCH","UNIT_SCADA",1,"2018/06/01 06:00:00","ROWALLAN","6.4539",NA,NA,NA
"D","DISPATCH","UNIT_SCADA",1,"2018/06/01 06:00:00","ROYALLA1","0",NA,NA,NA
"D","DISPATCH","UNIT_SCADA",1,"2018/06/01 06:00:00","RPCG","-0.30",NA,NA,NA
"D","DISPATCH","UNIT_SCADA",1,"2018/06/01 06:00:00","RUBICON","0",NA,NA,NA
"D","DISPATCH","UNIT_SCADA",1,"2018/06/01 06:00:00","SMCSF1","0",NA,NA,NA
"D","DISPATCH","UNIT_SCADA",1,"2018/06/01 06:00:00","STARHLWF","8.097639",NA,NA,NA
"D","DISPATCH","UNIT_SCADA",1,"2018/06/01 06:00:00","WAUBRAWF","2.23",NA,NA,NA
"D","DISPATCH","UNIT_SCADA",1,"2018/06/01 06:00:00","WOOLNTH1","-0.439985",NA,NA,NA
"D","DISPATCH","UNIT_SCADA",1,"2018/06/01 06:00:00","WPWF","40",NA,NA,NA
"D","DISPATCH","UNIT_SCADA",1,"2018/06/01 06:00:00","YAMBUKWF","9.50",NA,NA,NA
"D","DISPATCH","UNIT_SCADA",1,"2018/06/01 06:00:00","YSWF1","1.80",NA,NA,NA
"D","DISPATCH","UNIT_SCADA",1,"2018/06/01 06:05:00","BARCSF1","0.50",NA,NA,NA
"D","DISPATCH","UNIT_SCADA",1,"2018/06/01 06:05:00","BUTLERSG","9.199999",NA,NA,NA
"D","DISPATCH","UNIT_SCADA",1,"2018/06/01 06:05:00","CALL_A_4","0",NA,NA,NA
"D","DISPATCH","UNIT_SCADA",1,"2018/06/01 06:05:00","CAPTL_WF","8.188004",NA,NA,NA
"D","DISPATCH","UNIT_SCADA",1,"2018/06/01 06:05:00","CATHROCK","36.689999",NA,NA,NA
"D","DISPATCH","UNIT_SCADA",1,"2018/06/01 06:05:00","CHALLHWF","5.50",NA,NA,NA
"D","DISPATCH","UNIT_SCADA",1,"2018/06/01 06:05:00","CLOVER","0",NA,NA,NA
"D","DISPATCH","UNIT_SCADA",1,"2018/06/01 06:05:00","CLUNY","9.005722",NA,NA,NA
"D","DISPATCH","UNIT_SCADA",1,"2018/06/01 06:05:00","CNUNDAWF","5.105956",NA,NA,NA
"D","DISPATCH","UNIT_SCADA",1,"2018/06/01 06:05:00","CULLRGWF","2.16",NA,NA,NA
"D","DISPATCH","UNIT_SCADA",1,"2018/06/01 06:05:00","ERGT01","0",NA,NA,NA
"D","DISPATCH","UNIT_SCADA",1,"2018/06/01 06:05:00","GB01","0.061657",NA,NA,NA
"D","DISPATCH","UNIT_SCADA",1,"2018/06/01 06:05:00","GERMCRK","36.599998",NA,NA,NA
"D","DISPATCH","UNIT_SCADA",1,"2018/06/01 06:05:00","GRIFSF1","0",NA,NA,NA
"D","DISPATCH","UNIT_SCADA",1,"2018/06/01 06:05:00","HUGSF1","-0.0130",NA,NA,NA
"D","DISPATCH","UNIT_SCADA",1,"2018/06/01 06:05:00","INVICTA","0",NA,NA,NA
"D","DISPATCH","UNIT_SCADA",1,"2018/06/01 06:05:00","LKBONNY1","15.003973",NA,NA,NA
"D","DISPATCH","UNIT_SCADA",1,"2018/06/01 06:05:00","LRSF1","0.01",NA,NA,NA
"D","DISPATCH","UNIT_SCADA",1,"2018/06/01 06:05:00","MBAHNTH","55.668747",NA,NA,NA
"D","DISPATCH","UNIT_SCADA",1,"2018/06/01 06:05:00","MLSP1","0.370001",NA,NA,NA
"D","DISPATCH","UNIT_SCADA",1,"2018/06/01 06:05:00","MLWF1","2.5950",NA,NA,NA
"D","DISPATCH","UNIT_SCADA",1,"2018/06/01 06:05:00","MTMILLAR","46.195660",NA,NA,NA
"D","DISPATCH","UNIT_SCADA",1,"2018/06/01 06:05:00","PALOONA","12.96",NA,NA,NA
"D","DISPATCH","UNIT_SCADA",1,"2018/06/01 06:05:00","PIONEER","-0.90",NA,NA,NA
"D","DISPATCH","UNIT_SCADA",1,"2018/06/01 06:05:00","PORTWF","62",NA,NA,NA
"D","DISPATCH","UNIT_SCADA",1,"2018/06/01 06:05:00","REPULSE","0",NA,NA,NA
"D","DISPATCH","UNIT_SCADA",1,"2018/06/01 06:05:00","ROWALLAN","6.3119",NA,NA,NA
"D","DISPATCH","UNIT_SCADA",1,"2018/06/01 06:05:00","ROYALLA1","0",NA,NA,NA
"D","DISPATCH","UNIT_SCADA",1,"2018/06/01 06:05:00","RPCG","-0.30",NA,NA,NA
"D","DISPATCH","UNIT_SCADA",1,"2018/06/01 06:05:00","RUBICON","0",NA,NA,NA
"D","DISPATCH","UNIT_SCADA",1,"2018/06/01 06:05:00","SMCSF1","0",NA,NA,NA
"D","DISPATCH","UNIT_SCADA",1,"2018/06/01 06:05:00","STARHLWF","9.697172",NA,NA,NA
"D","DISPATCH","UNIT_SCADA",1,"2018/06/01 06:05:00","WAUBRAWF","2.2370",NA,NA,NA
"D","DISPATCH","UNIT_SCADA",1,"2018/06/01 06:05:00","WOOLNTH1","-0.409985",NA,NA,NA
"D","DISPATCH","UNIT_SCADA",1,"2018/06/01 06:05:00","WPWF","38",NA,NA,NA
"D","DISPATCH","UNIT_SCADA",1,"2018/06/01 06:05:00","YAMBUKWF","10",NA,NA,NA
"D","DISPATCH","UNIT_SCADA",1,"2018/06/01 06:05:00","YSWF1","1.50",NA,NA,NA
"D","DISPATCH","UNIT_SCADA",1,"2018/06/01 06:10:00","BARCSF1","0.50",NA,NA,NA
"D","DISPATCH","UNIT_SCADA",1,"2018/06/01 06:10:00","BUTLERSG","9.199999",NA,NA,NA
"D","DISPATCH","UNIT_SCADA",1,"2018/06/01 06:10:00","CALL_A_4","0",NA,NA,NA
"D","DISPATCH","UNIT_SCADA",1,"2018/06/01 06:10:00","CAPTL_WF","8.059998",NA,NA,NA
"D","DISPATCH","UNIT_SCADA",1,"2018/06/01 06:10:00","CATHROCK","37.279999",NA,NA,NA
"D","DISPATCH","UNIT_SCADA",1,"2018/06/01 06:10:00","CHALLHWF","5.70",NA,NA,NA
"D","DISPATCH","UNIT_SCADA",1,"2018/06/01 06:10:00","CLOVER","-0.01",NA,NA,NA
"D","DISPATCH","UNIT_SCADA",1,"2018/06/01 06:10:00","CLUNY","9.062486",NA,NA,NA
"D","DISPATCH","UNIT_SCADA",1,"2018/06/01 06:10:00","CNUNDAWF","5.506423",NA,NA,NA
"D","DISPATCH","UNIT_SCADA",1,"2018/06/01 06:10:00","CULLRGWF","2.56",NA,NA,NA
"D","DISPATCH","UNIT_SCADA",1,"2018/06/01 06:10:00","ERGT01","0",NA,NA,NA
"D","DISPATCH","UNIT_SCADA",1,"2018/06/01 06:10:00","GB01","0.059113",NA,NA,NA
"D","DISPATCH","UNIT_SCADA",1,"2018/06/01 06:10:00","GERMCRK","36.400002",NA,NA,NA
"D","DISPATCH","UNIT_SCADA",1,"2018/06/01 06:10:00","GRIFSF1","0",NA,NA,NA
"D","DISPATCH","UNIT_SCADA",1,"2018/06/01 06:10:00","HUGSF1","-0.0130",NA,NA,NA
"D","DISPATCH","UNIT_SCADA",1,"2018/06/01 06:10:00","INVICTA","0",NA,NA,NA
"D","DISPATCH","UNIT_SCADA",1,"2018/06/01 06:10:00","LKBONNY1","15.718448",NA,NA,NA
"D","DISPATCH","UNIT_SCADA",1,"2018/06/01 06:10:00","LRSF1","0.01",NA,NA,NA
"D","DISPATCH","UNIT_SCADA",1,"2018/06/01 06:10:00","MBAHNTH","55.668747",NA,NA,NA
"D","DISPATCH","UNIT_SCADA",1,"2018/06/01 06:10:00","MLSP1","0.370001",NA,NA,NA
"D","DISPATCH","UNIT_SCADA",1,"2018/06/01 06:10:00","MLWF1","3.12",NA,NA,NA
"D","DISPATCH","UNIT_SCADA",1,"2018/06/01 06:10:00","MTMILLAR","46.180779",NA,NA,NA
"D","DISPATCH","UNIT_SCADA",1,"2018/06/01 06:10:00","PALOONA","12.759999",NA,NA,NA
"D","DISPATCH","UNIT_SCADA",1,"2018/06/01 06:10:00","PIONEER","-0.90",NA,NA,NA
"D","DISPATCH","UNIT_SCADA",1,"2018/06/01 06:10:00","PORTWF","63.700001",NA,NA,NA
"D","DISPATCH","UNIT_SCADA",1,"2018/06/01 06:10:00","REPULSE","0",NA,NA,NA
"D","DISPATCH","UNIT_SCADA",1,"2018/06/01 06:10:00","ROWALLAN","6.6101",NA,NA,NA
"D","DISPATCH","UNIT_SCADA",1,"2018/06/01 06:10:00","ROYALLA1","0",NA,NA,NA
"D","DISPATCH","UNIT_SCADA",1,"2018/06/01 06:10:00","RPCG","-0.30",NA,NA,NA
"D","DISPATCH","UNIT_SCADA",1,"2018/06/01 06:10:00","RUBICON","0",NA,NA,NA
"D","DISPATCH","UNIT_SCADA",1,"2018/06/01 06:10:00","SMCSF1","0",NA,NA,NA
"D","DISPATCH","UNIT_SCADA",1,"2018/06/01 06:10:00","STARHLWF","11.296706",NA,NA,NA
"D","DISPATCH","UNIT_SCADA",1,"2018/06/01 06:10:00","WAUBRAWF","3.1310",NA,NA,NA
"D","DISPATCH","UNIT_SCADA",1,"2018/06/01 06:10:00","WOOLNTH1","-0.649985",NA,NA,NA
"D","DISPATCH","UNIT_SCADA",1,"2018/06/01 06:10:00","WPWF","37",NA,NA,NA
"D","DISPATCH","UNIT_SCADA",1,"2018/06/01 06:10:00","YAMBUKWF","11.30",NA,NA,NA
"D","DISPATCH","UNIT_SCADA",1,"2018/06/01 06:10:00","YSWF1","1.10",NA,NA,NA
"D","DISPATCH","UNIT_SCADA",1,"2018/06/01 06:15:00","BARCSF1","0.50",NA,NA,NA
"D","DISPATCH","UNIT_SCADA",1,"2018/06/01 06:15:00","BUTLERSG","9.199999",NA,NA,NA
"D","DISPATCH","UNIT_SCADA",1,"2018/06/01 06:15:00","CALL_A_4","0",NA,NA,NA
"D","DISPATCH","UNIT_SCADA",1,"2018/06/01 06:15:00","CAPTL_WF","6.879997",NA,NA,NA
"D","DISPATCH","UNIT_SCADA",1,"2018/06/01 06:15:00","CATHROCK","35.489998",NA,NA,NA
"D","DISPATCH","UNIT_SCADA",1,"2018/06/01 06:15:00","CHALLHWF","5.80",NA,NA,NA
"D","DISPATCH","UNIT_SCADA",1,"2018/06/01 06:15:00","CLOVER","-0.01",NA,NA,NA
"D","DISPATCH","UNIT_SCADA",1,"2018/06/01 06:15:00","CLUNY","9.014877",NA,NA,NA
"D","DISPATCH","UNIT_SCADA",1,"2018/06/01 06:15:00","CNUNDAWF","6.407475",NA,NA,NA
"D","DISPATCH","UNIT_SCADA",1,"2018/06/01 06:15:00","CULLRGWF","3.26",NA,NA,NA
"D","DISPATCH","UNIT_SCADA",1,"2018/06/01 06:15:00","ERGT01","0",NA,NA,NA
"D","DISPATCH","UNIT_SCADA",1,"2018/06/01 06:15:00","GB01","0.059113",NA,NA,NA
"D","DISPATCH","UNIT_SCADA",1,"2018/06/01 06:15:00","GERMCRK","36.799999",NA,NA,NA
"D","DISPATCH","UNIT_SCADA",1,"2018/06/01 06:15:00","GRIFSF1","0",NA,NA,NA
"D","DISPATCH","UNIT_SCADA",1,"2018/06/01 06:15:00","HUGSF1","-0.0130",NA,NA,NA
"D","DISPATCH","UNIT_SCADA",1,"2018/06/01 06:30:00","BARCSF1","0.50",NA,NA,NA
"D","DISPATCH","UNIT_SCADA",1,"2018/06/01 06:30:00","BUTLERSG","9.199999",NA,NA,NA
"D","DISPATCH","UNIT_SCADA",1,"2018/06/01 06:30:00","CALL_A_4","0",NA,NA,NA
"D","DISPATCH","UNIT_SCADA",1,"2018/06/01 06:30:00","CAPTL_WF","7.800003",NA,NA,NA
"D","DISPATCH","UNIT_SCADA",1,"2018/06/01 06:30:00","CATHROCK","34.529999",NA,NA,NA
"D","DISPATCH","UNIT_SCADA",1,"2018/06/01 06:30:00","CHALLHWF","5",NA,NA,NA
"D","DISPATCH","UNIT_SCADA",1,"2018/06/01 06:30:00","CLOVER","-0.01",NA,NA,NA
"D","DISPATCH","UNIT_SCADA",1,"2018/06/01 06:30:00","CLUNY","8.962691",NA,NA,NA
"D","DISPATCH","UNIT_SCADA",1,"2018/06/01 06:30:00","CNUNDAWF","7.508759",NA,NA,NA
"D","DISPATCH","UNIT_SCADA",1,"2018/06/01 06:30:00","CULLRGWF","4.13",NA,NA,NA
"D","DISPATCH","UNIT_SCADA",1,"2018/06/01 06:30:00","ERGT01","0",NA,NA,NA
"D","DISPATCH","UNIT_SCADA",1,"2018/06/01 06:30:00","GB01","0.059113",NA,NA,NA
"D","DISPATCH","UNIT_SCADA",1,"2018/06/01 06:30:00","GERMCRK","36.900002",NA,NA,NA
"D","DISPATCH","UNIT_SCADA",1,"2018/06/01 06:30:00","GRIFSF1","0",NA,NA,NA
"D","DISPATCH","UNIT_SCADA",1,"2018/06/01 06:30:00","HUGSF1","-0.0130",NA,NA,NA
"D","DISPATCH","UNIT_SCADA",1,"2018/06/01 06:30:00","MBAHNTH","49.425003",NA,NA,NA
"D","DISPATCH","UNIT_SCADA",1,"2018/06/01 06:30:00","INVICTA","0",NA,NA,NA
"D","DISPATCH","UNIT_SCADA",1,"2018/06/01 06:30:00","LKBONNY1","17.683254",NA,NA,NA
"D","DISPATCH","UNIT_SCADA",1,"2018/06/01 06:30:00","LRSF1","0.01",NA,NA,NA
"D","DISPATCH","UNIT_SCADA",1,"2018/06/01 06:30:00","MLSP1","0.370001",NA,NA,NA
"D","DISPATCH","UNIT_SCADA",1,"2018/06/01 06:30:00","MLWF1","3.3450",NA,NA,NA
"D","DISPATCH","UNIT_SCADA",1,"2018/06/01 06:30:00","MTMILLAR","47.602070",NA,NA,NA
"D","DISPATCH","UNIT_SCADA",1,"2018/06/01 06:30:00","PALOONA","12.719999",NA,NA,NA
"D","DISPATCH","UNIT_SCADA",1,"2018/06/01 06:30:00","PIONEER","-0.90",NA,NA,NA
"D","DISPATCH","UNIT_SCADA",1,"2018/06/01 06:30:00","PORTWF","66.800003",NA,NA,NA
"D","DISPATCH","UNIT_SCADA",1,"2018/06/01 06:30:00","REPULSE","0",NA,NA,NA
"D","DISPATCH","UNIT_SCADA",1,"2018/06/01 06:30:00","ROWALLAN","6.5746",NA,NA,NA
"D","DISPATCH","UNIT_SCADA",1,"2018/06/01 06:30:00","ROYALLA1","0",NA,NA,NA
"D","DISPATCH","UNIT_SCADA",1,"2018/06/01 06:30:00","RPCG","-0.30",NA,NA,NA
"D","DISPATCH","UNIT_SCADA",1,"2018/06/01 06:30:00","RUBICON","0",NA,NA,NA
"D","DISPATCH","UNIT_SCADA",1,"2018/06/01 06:30:00","SMCSF1","0",NA,NA,NA
"D","DISPATCH","UNIT_SCADA",1,"2018/06/01 06:30:00","STARHLWF","15.295540",NA,NA,NA
"D","DISPATCH","UNIT_SCADA",1,"2018/06/01 06:30:00","WAUBRAWF","7.5730",NA,NA,NA
"D","DISPATCH","UNIT_SCADA",1,"2018/06/01 06:30:00","WOOLNTH1","-0.709985",NA,NA,NA
"D","DISPATCH","UNIT_SCADA",1,"2018/06/01 06:30:00","WPWF","35",NA,NA,NA
"D","DISPATCH","UNIT_SCADA",1,"2018/06/01 06:30:00","YAMBUKWF","9.60",NA,NA,NA
"D","DISPATCH","UNIT_SCADA",1,"2018/06/01 06:30:00","YSWF1","1.30",NA,NA,NA
"D","DISPATCH","UNIT_SCADA",1,"2018/06/01 06:15:00","INVICTA","0",NA,NA,NA
"D","DISPATCH","UNIT_SCADA",1,"2018/06/01 06:15:00","LKBONNY1","15.629139",NA,NA,NA
"D","DISPATCH","UNIT_SCADA",1,"2018/06/01 06:15:00","LRSF1","0.01",NA,NA,NA
"D","DISPATCH","UNIT_SCADA",1,"2018/06/01 06:15:00","MBAHNTH","55.668747",NA,NA,NA
"D","DISPATCH","UNIT_SCADA",1,"2018/06/01 06:15:00","MLSP1","0.370001",NA,NA,NA
"D","DISPATCH","UNIT_SCADA",1,"2018/06/01 06:15:00","MLWF1","2.6250",NA,NA,NA
"D","DISPATCH","UNIT_SCADA",1,"2018/06/01 06:15:00","MTMILLAR","47.483009",NA,NA,NA
"D","DISPATCH","UNIT_SCADA",1,"2018/06/01 06:15:00","PALOONA","12.88",NA,NA,NA
"D","DISPATCH","UNIT_SCADA",1,"2018/06/01 06:15:00","PIONEER","-0.90",NA,NA,NA
"D","DISPATCH","UNIT_SCADA",1,"2018/06/01 06:15:00","PORTWF","63.700001",NA,NA,NA
"D","DISPATCH","UNIT_SCADA",1,"2018/06/01 06:15:00","REPULSE","0",NA,NA,NA
"D","DISPATCH","UNIT_SCADA",1,"2018/06/01 06:15:00","ROWALLAN","6.39",NA,NA,NA
"D","DISPATCH","UNIT_SCADA",1,"2018/06/01 06:15:00","ROYALLA1","0",NA,NA,NA
"D","DISPATCH","UNIT_SCADA",1,"2018/06/01 06:15:00","RPCG","-0.30",NA,NA,NA
"D","DISPATCH","UNIT_SCADA",1,"2018/06/01 06:15:00","RUBICON","0",NA,NA,NA
"D","DISPATCH","UNIT_SCADA",1,"2018/06/01 06:15:00","SMCSF1","0",NA,NA,NA
"D","DISPATCH","UNIT_SCADA",1,"2018/06/01 06:15:00","STARHLWF","14.395802",NA,NA,NA
"D","DISPATCH","UNIT_SCADA",1,"2018/06/01 06:15:00","WAUBRAWF","4.4640",NA,NA,NA
"D","DISPATCH","UNIT_SCADA",1,"2018/06/01 06:15:00","WOOLNTH1","-0.699985",NA,NA,NA
"D","DISPATCH","UNIT_SCADA",1,"2018/06/01 06:15:00","WPWF","34",NA,NA,NA
"D","DISPATCH","UNIT_SCADA",1,"2018/06/01 06:15:00","YAMBUKWF","10.60",NA,NA,NA
"D","DISPATCH","UNIT_SCADA",1,"2018/06/01 06:15:00","YSWF1","1.10",NA,NA,NA
"D","DISPATCH","UNIT_SCADA",1,"2018/06/01 06:20:00","BARCSF1","0.50",NA,NA,NA
"D","DISPATCH","UNIT_SCADA",1,"2018/06/01 06:20:00","BUTLERSG","9.199999",NA,NA,NA
"D","DISPATCH","UNIT_SCADA",1,"2018/06/01 06:20:00","CALL_A_4","0",NA,NA,NA
"D","DISPATCH","UNIT_SCADA",1,"2018/06/01 06:20:00","CAPTL_WF","6.360001",NA,NA,NA
"D","DISPATCH","UNIT_SCADA",1,"2018/06/01 06:20:00","CATHROCK","35.099998",NA,NA,NA
"D","DISPATCH","UNIT_SCADA",1,"2018/06/01 06:20:00","CHALLHWF","5.40",NA,NA,NA
"D","DISPATCH","UNIT_SCADA",1,"2018/06/01 06:20:00","CLOVER","-0.01",NA,NA,NA
"D","DISPATCH","UNIT_SCADA",1,"2018/06/01 06:20:00","CLUNY","9.038682",NA,NA,NA
"D","DISPATCH","UNIT_SCADA",1,"2018/06/01 06:20:00","CNUNDAWF","6.807941",NA,NA,NA
"D","DISPATCH","UNIT_SCADA",1,"2018/06/01 06:20:00","CULLRGWF","3.19",NA,NA,NA
"D","DISPATCH","UNIT_SCADA",1,"2018/06/01 06:20:00","ERGT01","0",NA,NA,NA
"D","DISPATCH","UNIT_SCADA",1,"2018/06/01 06:20:00","GB01","0.059113",NA,NA,NA
"D","DISPATCH","UNIT_SCADA",1,"2018/06/01 06:20:00","GERMCRK","36.299999",NA,NA,NA
"D","DISPATCH","UNIT_SCADA",1,"2018/06/01 06:20:00","GRIFSF1","0",NA,NA,NA
"D","DISPATCH","UNIT_SCADA",1,"2018/06/01 06:20:00","HUGSF1","-0.0130",NA,NA,NA
"D","DISPATCH","UNIT_SCADA",1,"2018/06/01 06:20:00","INVICTA","0",NA,NA,NA
"D","DISPATCH","UNIT_SCADA",1,"2018/06/01 06:20:00","LKBONNY1","16.611542",NA,NA,NA
"D","DISPATCH","UNIT_SCADA",1,"2018/06/01 06:20:00","LRSF1","0.01",NA,NA,NA
"D","DISPATCH","UNIT_SCADA",1,"2018/06/01 06:20:00","MBAHNTH","55.668747",NA,NA,NA
"D","DISPATCH","UNIT_SCADA",1,"2018/06/01 06:20:00","MLSP1","0.370001",NA,NA,NA
"D","DISPATCH","UNIT_SCADA",1,"2018/06/01 06:20:00","MLWF1","3.36",NA,NA,NA
"D","DISPATCH","UNIT_SCADA",1,"2018/06/01 06:20:00","MTMILLAR","47.549980",NA,NA,NA
"D","DISPATCH","UNIT_SCADA",1,"2018/06/01 06:20:00","PALOONA","12.88",NA,NA,NA
"D","DISPATCH","UNIT_SCADA",1,"2018/06/01 06:20:00","PIONEER","-0.90",NA,NA,NA
"D","DISPATCH","UNIT_SCADA",1,"2018/06/01 06:20:00","PORTWF","65.599998",NA,NA,NA
"D","DISPATCH","UNIT_SCADA",1,"2018/06/01 06:20:00","REPULSE","0",NA,NA,NA
"D","DISPATCH","UNIT_SCADA",1,"2018/06/01 06:20:00","ROWALLAN","6.6314",NA,NA,NA
"D","DISPATCH","UNIT_SCADA",1,"2018/06/01 06:20:00","ROYALLA1","0",NA,NA,NA
"D","DISPATCH","UNIT_SCADA",1,"2018/06/01 06:20:00","RPCG","-0.30",NA,NA,NA
"D","DISPATCH","UNIT_SCADA",1,"2018/06/01 06:20:00","RUBICON","0",NA,NA,NA
"D","DISPATCH","UNIT_SCADA",1,"2018/06/01 06:20:00","SMCSF1","0",NA,NA,NA
"D","DISPATCH","UNIT_SCADA",1,"2018/06/01 06:20:00","STARHLWF","15.395511",NA,NA,NA
"D","DISPATCH","UNIT_SCADA",1,"2018/06/01 06:20:00","WAUBRAWF","5.5940",NA,NA,NA
"D","DISPATCH","UNIT_SCADA",1,"2018/06/01 06:20:00","WOOLNTH1","-0.719985",NA,NA,NA
"D","DISPATCH","UNIT_SCADA",1,"2018/06/01 06:20:00","WPWF","35",NA,NA,NA
"D","DISPATCH","UNIT_SCADA",1,"2018/06/01 06:20:00","YAMBUKWF","9.70",NA,NA,NA
"D","DISPATCH","UNIT_SCADA",1,"2018/06/01 06:20:00","YSWF1","1",NA,NA,NA
"D","DISPATCH","UNIT_SCADA",1,"2018/06/01 06:25:00","BARCSF1","0.50",NA,NA,NA
"D","DISPATCH","UNIT_SCADA",1,"2018/06/01 06:25:00","BUTLERSG","9.199999",NA,NA,NA
"D","DISPATCH","UNIT_SCADA",1,"2018/06/01 06:25:00","CALL_A_4","0",NA,NA,NA
"D","DISPATCH","UNIT_SCADA",1,"2018/06/01 06:25:00","CAPTL_WF","7.599998",NA,NA,NA
"D","DISPATCH","UNIT_SCADA",1,"2018/06/01 06:25:00","CATHROCK","35.149998",NA,NA,NA
"D","DISPATCH","UNIT_SCADA",1,"2018/06/01 06:25:00","CHALLHWF","5.10",NA,NA,NA
"D","DISPATCH","UNIT_SCADA",1,"2018/06/01 06:25:00","CLOVER","0",NA,NA,NA
"D","DISPATCH","UNIT_SCADA",1,"2018/06/01 06:25:00","CLUNY","9.020370",NA,NA,NA
"D","DISPATCH","UNIT_SCADA",1,"2018/06/01 06:25:00","CNUNDAWF","7.608876",NA,NA,NA
"D","DISPATCH","UNIT_SCADA",1,"2018/06/01 06:25:00","CULLRGWF","3.81",NA,NA,NA
"D","DISPATCH","UNIT_SCADA",1,"2018/06/01 06:25:00","ERGT01","0",NA,NA,NA
"D","DISPATCH","UNIT_SCADA",1,"2018/06/01 06:25:00","GB01","0.059113",NA,NA,NA
"D","DISPATCH","UNIT_SCADA",1,"2018/06/01 06:25:00","GERMCRK","37.50",NA,NA,NA
"D","DISPATCH","UNIT_SCADA",1,"2018/06/01 06:25:00","GRIFSF1","0",NA,NA,NA
"D","DISPATCH","UNIT_SCADA",1,"2018/06/01 06:25:00","HUGSF1","-0.0130",NA,NA,NA
"D","DISPATCH","UNIT_SCADA",1,"2018/06/01 06:25:00","INVICTA","0",NA,NA,NA
"D","DISPATCH","UNIT_SCADA",1,"2018/06/01 06:25:00","LKBONNY1","17.593945",NA,NA,NA
"D","DISPATCH","UNIT_SCADA",1,"2018/06/01 06:25:00","LRSF1","0.01",NA,NA,NA
"D","DISPATCH","UNIT_SCADA",1,"2018/06/01 06:25:00","MBAHNTH","55.668747",NA,NA,NA
"D","DISPATCH","UNIT_SCADA",1,"2018/06/01 06:25:00","MLSP1","0.370001",NA,NA,NA
"D","DISPATCH","UNIT_SCADA",1,"2018/06/01 06:25:00","MLWF1","3.45",NA,NA,NA
"D","DISPATCH","UNIT_SCADA",1,"2018/06/01 06:25:00","MTMILLAR","47.356506",NA,NA,NA
"D","DISPATCH","UNIT_SCADA",1,"2018/06/01 06:25:00","PALOONA","12.88",NA,NA,NA
"D","DISPATCH","UNIT_SCADA",1,"2018/06/01 06:25:00","PIONEER","-0.90",NA,NA,NA
"D","DISPATCH","UNIT_SCADA",1,"2018/06/01 06:25:00","PORTWF","66.400002",NA,NA,NA
"D","DISPATCH","UNIT_SCADA",1,"2018/06/01 06:25:00","REPULSE","0",NA,NA,NA
"D","DISPATCH","UNIT_SCADA",1,"2018/06/01 06:25:00","ROWALLAN","6.3545",NA,NA,NA
"D","DISPATCH","UNIT_SCADA",1,"2018/06/01 06:25:00","ROYALLA1","0",NA,NA,NA
"D","DISPATCH","UNIT_SCADA",1,"2018/06/01 06:25:00","RPCG","-0.30",NA,NA,NA
"D","DISPATCH","UNIT_SCADA",1,"2018/06/01 06:25:00","RUBICON","0",NA,NA,NA
"D","DISPATCH","UNIT_SCADA",1,"2018/06/01 06:25:00","SMCSF1","0",NA,NA,NA
"D","DISPATCH","UNIT_SCADA",1,"2018/06/01 06:25:00","STARHLWF","15.495481",NA,NA,NA
"D","DISPATCH","UNIT_SCADA",1,"2018/06/01 06:25:00","WAUBRAWF","5.8830",NA,NA,NA
"D","DISPATCH","UNIT_SCADA",1,"2018/06/01 06:25:00","WOOLNTH1","-0.729985",NA,NA,NA
"D","DISPATCH","UNIT_SCADA",1,"2018/06/01 06:25:00","WPWF","34",NA,NA,NA
"D","DISPATCH","UNIT_SCADA",1,"2018/06/01 06:25:00","YAMBUKWF","9.60",NA,NA,NA
"D","DISPATCH","UNIT_SCADA",1,"2018/06/01 06:25:00","YSWF1","1.10",NA,NA,NA
"D","DISPATCH","UNIT_SCADA",1,"2018/06/01 06:35:00","BARCSF1","0.50",NA,NA,NA
"D","DISPATCH","UNIT_SCADA",1,"2018/06/01 06:35:00","BUTLERSG","9.199999",NA,NA,NA
"D","DISPATCH","UNIT_SCADA",1,"2018/06/01 06:35:00","CALL_A_4","0",NA,NA,NA
"D","DISPATCH","UNIT_SCADA",1,"2018/06/01 06:35:00","CAPTL_WF","6.547997",NA,NA,NA
"D","DISPATCH","UNIT_SCADA",1,"2018/06/01 06:35:00","CATHROCK","35.129997",NA,NA,NA
"D","DISPATCH","UNIT_SCADA",1,"2018/06/01 06:35:00","CHALLHWF","4.50",NA,NA,NA
"D","DISPATCH","UNIT_SCADA",1,"2018/06/01 06:35:00","CLOVER","-0.01",NA,NA,NA
"D","DISPATCH","UNIT_SCADA",1,"2018/06/01 06:35:00","CLUNY","9.014877",NA,NA,NA
"D","DISPATCH","UNIT_SCADA",1,"2018/06/01 06:35:00","CNUNDAWF","8.810278",NA,NA,NA
"D","DISPATCH","UNIT_SCADA",1,"2018/06/01 06:35:00","CULLRGWF","4.17",NA,NA,NA
"D","DISPATCH","UNIT_SCADA",1,"2018/06/01 06:35:00","ERGT01","0",NA,NA,NA
"D","DISPATCH","UNIT_SCADA",1,"2018/06/01 06:35:00","GB01","0.059113",NA,NA,NA
"D","DISPATCH","UNIT_SCADA",1,"2018/06/01 06:35:00","GERMCRK","37.799999",NA,NA,NA
"D","DISPATCH","UNIT_SCADA",1,"2018/06/01 06:35:00","GRIFSF1","0",NA,NA,NA
"D","DISPATCH","UNIT_SCADA",1,"2018/06/01 06:35:00","HUGSF1","-0.0130",NA,NA,NA
"D","DISPATCH","UNIT_SCADA",1,"2018/06/01 06:35:00","INVICTA","0",NA,NA,NA
"D","DISPATCH","UNIT_SCADA",1,"2018/06/01 06:35:00","LKBONNY1","20.630463",NA,NA,NA
"D","DISPATCH","UNIT_SCADA",1,"2018/06/01 06:35:00","LRSF1","0.01",NA,NA,NA
"D","DISPATCH","UNIT_SCADA",1,"2018/06/01 06:35:00","MBAHNTH","47.324997",NA,NA,NA
"D","DISPATCH","UNIT_SCADA",1,"2018/06/01 06:35:00","MLSP1","0.370001",NA,NA,NA
"D","DISPATCH","UNIT_SCADA",1,"2018/06/01 06:35:00","MLWF1","3.3450",NA,NA,NA
"D","DISPATCH","UNIT_SCADA",1,"2018/06/01 06:35:00","MTMILLAR","48.703384",NA,NA,NA
"D","DISPATCH","UNIT_SCADA",1,"2018/06/01 06:35:00","PALOONA","12.91",NA,NA,NA
"D","DISPATCH","UNIT_SCADA",1,"2018/06/01 06:35:00","PIONEER","-0.90",NA,NA,NA
"D","DISPATCH","UNIT_SCADA",1,"2018/06/01 06:35:00","PORTWF","66.599998",NA,NA,NA
"D","DISPATCH","UNIT_SCADA",1,"2018/06/01 06:35:00","REPULSE","0",NA,NA,NA
"D","DISPATCH","UNIT_SCADA",1,"2018/06/01 06:35:00","ROWALLAN","6.3545",NA,NA,NA
"D","DISPATCH","UNIT_SCADA",1,"2018/06/01 06:35:00","ROYALLA1","0",NA,NA,NA
"D","DISPATCH","UNIT_SCADA",1,"2018/06/01 06:35:00","RPCG","-0.30",NA,NA,NA
"D","DISPATCH","UNIT_SCADA",1,"2018/06/01 06:35:00","RUBICON","0",NA,NA,NA
"D","DISPATCH","UNIT_SCADA",1,"2018/06/01 06:35:00","SMCSF1","0",NA,NA,NA
"D","DISPATCH","UNIT_SCADA",1,"2018/06/01 06:35:00","STARHLWF","15.095598",NA,NA,NA
"D","DISPATCH","UNIT_SCADA",1,"2018/06/01 06:35:00","WAUBRAWF","9.2430",NA,NA,NA
"D","DISPATCH","UNIT_SCADA",1,"2018/06/01 06:35:00","WOOLNTH1","-0.739985",NA,NA,NA
"D","DISPATCH","UNIT_SCADA",1,"2018/06/01 06:35:00","WPWF","35",NA,NA,NA
"D","DISPATCH","UNIT_SCADA",1,"2018/06/01 06:35:00","YAMBUKWF","9.70",NA,NA,NA
"D","DISPATCH","UNIT_SCADA",1,"2018/06/01 06:35:00","YSWF1","1.30",NA,NA,NA
"D","DISPATCH","UNIT_SCADA",1,"2018/06/01 06:40:00","BARCSF1","0.50",NA,NA,NA
"D","DISPATCH","UNIT_SCADA",1,"2018/06/01 06:40:00","BUTLERSG","9.199999",NA,NA,NA
"D","DISPATCH","UNIT_SCADA",1,"2018/06/01 06:40:00","CALL_A_4","0",NA,NA,NA
"D","DISPATCH","UNIT_SCADA",1,"2018/06/01 06:40:00","CAPTL_WF","7.800003",NA,NA,NA
"D","DISPATCH","UNIT_SCADA",1,"2018/06/01 06:40:00","CATHROCK","35.399998",NA,NA,NA
"D","DISPATCH","UNIT_SCADA",1,"2018/06/01 06:40:00","CHALLHWF","3.60",NA,NA,NA
"D","DISPATCH","UNIT_SCADA",1,"2018/06/01 06:40:00","CLOVER","-0.01",NA,NA,NA
"D","DISPATCH","UNIT_SCADA",1,"2018/06/01 06:40:00","CLUNY","8.915084",NA,NA,NA
"D","DISPATCH","UNIT_SCADA",1,"2018/06/01 06:40:00","CNUNDAWF","9.310862",NA,NA,NA
"D","DISPATCH","UNIT_SCADA",1,"2018/06/01 06:40:00","CULLRGWF","3.44",NA,NA,NA
"D","DISPATCH","UNIT_SCADA",1,"2018/06/01 06:40:00","ERGT01","0",NA,NA,NA
"D","DISPATCH","UNIT_SCADA",1,"2018/06/01 06:40:00","GB01","0.059113",NA,NA,NA
"D","DISPATCH","UNIT_SCADA",1,"2018/06/01 06:40:00","GERMCRK","37.799999",NA,NA,NA
"D","DISPATCH","UNIT_SCADA",1,"2018/06/01 06:40:00","GRIFSF1","0",NA,NA,NA
"D","DISPATCH","UNIT_SCADA",1,"2018/06/01 06:40:00","HUGSF1","-0.0130",NA,NA,NA
"D","DISPATCH","UNIT_SCADA",1,"2018/06/01 06:40:00","INVICTA","0",NA,NA,NA
"D","DISPATCH","UNIT_SCADA",1,"2018/06/01 06:40:00","LKBONNY1","21.970104",NA,NA,NA
"D","DISPATCH","UNIT_SCADA",1,"2018/06/01 06:40:00","LRSF1","0.01",NA,NA,NA
"D","DISPATCH","UNIT_SCADA",1,"2018/06/01 06:40:00","MBAHNTH","47.324997",NA,NA,NA
"D","DISPATCH","UNIT_SCADA",1,"2018/06/01 06:40:00","MLSP1","0.370001",NA,NA,NA
"D","DISPATCH","UNIT_SCADA",1,"2018/06/01 06:40:00","MLWF1","4.0650",NA,NA,NA
"D","DISPATCH","UNIT_SCADA",1,"2018/06/01 06:40:00","MTMILLAR","48.748032",NA,NA,NA
"D","DISPATCH","UNIT_SCADA",1,"2018/06/01 06:40:00","PALOONA","12.75",NA,NA,NA
"D","DISPATCH","UNIT_SCADA",1,"2018/06/01 06:40:00","PIONEER","-0.90",NA,NA,NA
"D","DISPATCH","UNIT_SCADA",1,"2018/06/01 06:40:00","PORTWF","66.300003",NA,NA,NA
"D","DISPATCH","UNIT_SCADA",1,"2018/06/01 06:40:00","REPULSE","0",NA,NA,NA
"D","DISPATCH","UNIT_SCADA",1,"2018/06/01 06:40:00","ROWALLAN","6.6811",NA,NA,NA
"D","DISPATCH","UNIT_SCADA",1,"2018/06/01 06:40:00","ROYALLA1","0",NA,NA,NA
"D","DISPATCH","UNIT_SCADA",1,"2018/06/01 06:40:00","RPCG","-0.30",NA,NA,NA
"D","DISPATCH","UNIT_SCADA",1,"2018/06/01 06:40:00","RUBICON","0",NA,NA,NA
"D","DISPATCH","UNIT_SCADA",1,"2018/06/01 06:40:00","SMCSF1","0",NA,NA,NA
"D","DISPATCH","UNIT_SCADA",1,"2018/06/01 06:40:00","STARHLWF","12.796268",NA,NA,NA
"D","DISPATCH","UNIT_SCADA",1,"2018/06/01 06:40:00","WAUBRAWF","10.5160",NA,NA,NA
"D","DISPATCH","UNIT_SCADA",1,"2018/06/01 06:40:00","WOOLNTH1","-0.749985",NA,NA,NA
"D","DISPATCH","UNIT_SCADA",1,"2018/06/01 06:40:00","WPWF","40",NA,NA,NA
"D","DISPATCH","UNIT_SCADA",1,"2018/06/01 06:40:00","YAMBUKWF","9.50",NA,NA,NA
"D","DISPATCH","UNIT_SCADA",1,"2018/06/01 06:40:00","YSWF1","0.90",NA,NA,NA
"D","DISPATCH","UNIT_SCADA",1,"2018/06/01 06:45:00","BARCSF1","0.50",NA,NA,NA
"D","DISPATCH","UNIT_SCADA",1,"2018/06/01 06:45:00","BUTLERSG","9.199999",NA,NA,NA
"D","DISPATCH","UNIT_SCADA",1,"2018/06/01 06:45:00","CALL_A_4","0",NA,NA,NA
"D","DISPATCH","UNIT_SCADA",1,"2018/06/01 06:45:00","CAPTL_WF","9.440002",NA,NA,NA
"D","DISPATCH","UNIT_SCADA",1,"2018/06/01 06:45:00","CATHROCK","34.839996",NA,NA,NA
"D","DISPATCH","UNIT_SCADA",1,"2018/06/01 06:45:00","CHALLHWF","4.60",NA,NA,NA
"D","DISPATCH","UNIT_SCADA",1,"2018/06/01 06:45:00","CLOVER","-0.01",NA,NA,NA
"D","DISPATCH","UNIT_SCADA",1,"2018/06/01 06:45:00","CLUNY","9.034104",NA,NA,NA
"D","DISPATCH","UNIT_SCADA",1,"2018/06/01 06:45:00","CNUNDAWF","9.711329",NA,NA,NA
"D","DISPATCH","UNIT_SCADA",1,"2018/06/01 06:45:00","CULLRGWF","3.35",NA,NA,NA
"D","DISPATCH","UNIT_SCADA",1,"2018/06/01 06:45:00","ERGT01","0",NA,NA,NA
"D","DISPATCH","UNIT_SCADA",1,"2018/06/01 06:45:00","GB01","0.059113",NA,NA,NA
"D","DISPATCH","UNIT_SCADA",1,"2018/06/01 06:45:00","GERMCRK","37.50",NA,NA,NA
"D","DISPATCH","UNIT_SCADA",1,"2018/06/01 06:45:00","GRIFSF1","0",NA,NA,NA
"D","DISPATCH","UNIT_SCADA",1,"2018/06/01 06:45:00","HUGSF1","-0.0130",NA,NA,NA
"D","DISPATCH","UNIT_SCADA",1,"2018/06/01 06:45:00","INVICTA","0",NA,NA,NA
"D","DISPATCH","UNIT_SCADA",1,"2018/06/01 06:45:00","LKBONNY1","22.952507",NA,NA,NA
"D","DISPATCH","UNIT_SCADA",1,"2018/06/01 06:45:00","LRSF1","0.01",NA,NA,NA
"D","DISPATCH","UNIT_SCADA",1,"2018/06/01 06:45:00","MBAHNTH","47.324997",NA,NA,NA
"D","DISPATCH","UNIT_SCADA",1,"2018/06/01 06:45:00","MLSP1","0.370001",NA,NA,NA
"D","DISPATCH","UNIT_SCADA",1,"2018/06/01 06:45:00","MLWF1","3.8550",NA,NA,NA
"D","DISPATCH","UNIT_SCADA",1,"2018/06/01 06:45:00","MTMILLAR","48.762913",NA,NA,NA
"D","DISPATCH","UNIT_SCADA",1,"2018/06/01 06:45:00","PALOONA","12.849999",NA,NA,NA
"D","DISPATCH","UNIT_SCADA",1,"2018/06/01 06:45:00","PIONEER","-0.90",NA,NA,NA
"D","DISPATCH","UNIT_SCADA",1,"2018/06/01 06:45:00","PORTWF","59.400002",NA,NA,NA
"D","DISPATCH","UNIT_SCADA",1,"2018/06/01 06:45:00","REPULSE","0",NA,NA,NA
"D","DISPATCH","UNIT_SCADA",1,"2018/06/01 06:45:00","ROWALLAN","6.6243",NA,NA,NA
"D","DISPATCH","UNIT_SCADA",1,"2018/06/01 06:45:00","ROYALLA1","0",NA,NA,NA
"D","DISPATCH","UNIT_SCADA",1,"2018/06/01 06:45:00","RPCG","-0.30",NA,NA,NA
"D","DISPATCH","UNIT_SCADA",1,"2018/06/01 06:45:00","RUBICON","0",NA,NA,NA
"D","DISPATCH","UNIT_SCADA",1,"2018/06/01 06:45:00","SMCSF1","0",NA,NA,NA
"D","DISPATCH","UNIT_SCADA",1,"2018/06/01 06:45:00","STARHLWF","12.496356",NA,NA,NA
"D","DISPATCH","UNIT_SCADA",1,"2018/06/01 06:45:00","WAUBRAWF","13.0290",NA,NA,NA
"D","DISPATCH","UNIT_SCADA",1,"2018/06/01 06:45:00","WOOLNTH1","-0.769985",NA,NA,NA
"D","DISPATCH","UNIT_SCADA",1,"2018/06/01 06:45:00","WPWF","39",NA,NA,NA
"D","DISPATCH","UNIT_SCADA",1,"2018/06/01 06:45:00","YAMBUKWF","9.50",NA,NA,NA
"D","DISPATCH","UNIT_SCADA",1,"2018/06/01 06:45:00","YSWF1","0.90",NA,NA,NA
"D","DISPATCH","UNIT_SCADA",1,"2018/06/01 06:50:00","BARCSF1","0.50",NA,NA,NA
"D","DISPATCH","UNIT_SCADA",1,"2018/06/01 06:50:00","BUTLERSG","9.199999",NA,NA,NA
"D","DISPATCH","UNIT_SCADA",1,"2018/06/01 06:50:00","CALL_A_4","0",NA,NA,NA
"D","DISPATCH","UNIT_SCADA",1,"2018/06/01 06:50:00","CAPTL_WF","14.615997",NA,NA,NA
"D","DISPATCH","UNIT_SCADA",1,"2018/06/01 06:50:00","CATHROCK","35.349998",NA,NA,NA
"D","DISPATCH","UNIT_SCADA",1,"2018/06/01 06:50:00","CHALLHWF","4.60",NA,NA,NA
"D","DISPATCH","UNIT_SCADA",1,"2018/06/01 06:50:00","CLOVER","-0.01",NA,NA,NA
"D","DISPATCH","UNIT_SCADA",1,"2018/06/01 06:50:00","CLUNY","8.981918",NA,NA,NA
"D","DISPATCH","UNIT_SCADA",1,"2018/06/01 06:50:00","CNUNDAWF","10.211913",NA,NA,NA
"D","DISPATCH","UNIT_SCADA",1,"2018/06/01 06:50:00","CULLRGWF","4.14",NA,NA,NA
"D","DISPATCH","UNIT_SCADA",1,"2018/06/01 06:50:00","ERGT01","0",NA,NA,NA
"D","DISPATCH","UNIT_SCADA",1,"2018/06/01 06:50:00","GB01","0.059113",NA,NA,NA
"D","DISPATCH","UNIT_SCADA",1,"2018/06/01 06:50:00","GERMCRK","37.200001",NA,NA,NA
"D","DISPATCH","UNIT_SCADA",1,"2018/06/01 06:50:00","GRIFSF1","0",NA,NA,NA
"D","DISPATCH","UNIT_SCADA",1,"2018/06/01 06:50:00","HUGSF1","-0.0130",NA,NA,NA
"D","DISPATCH","UNIT_SCADA",1,"2018/06/01 06:50:00","INVICTA","0",NA,NA,NA
"D","DISPATCH","UNIT_SCADA",1,"2018/06/01 06:50:00","LKBONNY1","21.702175",NA,NA,NA
"D","DISPATCH","UNIT_SCADA",1,"2018/06/01 06:50:00","LRSF1","0.01",NA,NA,NA
"D","DISPATCH","UNIT_SCADA",1,"2018/06/01 06:50:00","MBAHNTH","33.206253",NA,NA,NA
"D","DISPATCH","UNIT_SCADA",1,"2018/06/01 06:50:00","MLSP1","0.370001",NA,NA,NA
"D","DISPATCH","UNIT_SCADA",1,"2018/06/01 06:50:00","MLWF1","3.3450",NA,NA,NA
"D","DISPATCH","UNIT_SCADA",1,"2018/06/01 06:50:00","MTMILLAR","48.718266",NA,NA,NA
"D","DISPATCH","UNIT_SCADA",1,"2018/06/01 06:50:00","PALOONA","12.849999",NA,NA,NA
"D","DISPATCH","UNIT_SCADA",1,"2018/06/01 06:50:00","PIONEER","-0.90",NA,NA,NA
"D","DISPATCH","UNIT_SCADA",1,"2018/06/01 06:50:00","PORTWF","54.50",NA,NA,NA
"D","DISPATCH","UNIT_SCADA",1,"2018/06/01 06:50:00","REPULSE","0",NA,NA,NA
"D","DISPATCH","UNIT_SCADA",1,"2018/06/01 06:50:00","ROWALLAN","6.4468",NA,NA,NA
"D","DISPATCH","UNIT_SCADA",1,"2018/06/01 06:50:00","ROYALLA1","0",NA,NA,NA
"D","DISPATCH","UNIT_SCADA",1,"2018/06/01 06:50:00","RPCG","-0.30",NA,NA,NA
"D","DISPATCH","UNIT_SCADA",1,"2018/06/01 06:50:00","RUBICON","0",NA,NA,NA
"D","DISPATCH","UNIT_SCADA",1,"2018/06/01 06:50:00","SMCSF1","0",NA,NA,NA
"D","DISPATCH","UNIT_SCADA",1,"2018/06/01 06:50:00","STARHLWF","10.996794",NA,NA,NA
"D","DISPATCH","UNIT_SCADA",1,"2018/06/01 06:50:00","WAUBRAWF","14.0240",NA,NA,NA
"D","DISPATCH","UNIT_SCADA",1,"2018/06/01 06:50:00","WOOLNTH1","-0.719985",NA,NA,NA
"D","DISPATCH","UNIT_SCADA",1,"2018/06/01 06:50:00","WPWF","36",NA,NA,NA
"D","DISPATCH","UNIT_SCADA",1,"2018/06/01 06:50:00","YAMBUKWF","8.90",NA,NA,NA
"D","DISPATCH","UNIT_SCADA",1,"2018/06/01 06:50:00","YSWF1","0.70",NA,NA,NA
"D","DISPATCH","UNIT_SCADA",1,"2018/06/01 06:55:00","BARCSF1","0.50",NA,NA,NA
"D","DISPATCH","UNIT_SCADA",1,"2018/06/01 06:55:00","BUTLERSG","9.199999",NA,NA,NA
"D","DISPATCH","UNIT_SCADA",1,"2018/06/01 06:55:00","CALL_A_4","0",NA,NA,NA
"D","DISPATCH","UNIT_SCADA",1,"2018/06/01 06:55:00","CAPTL_WF","11.7920",NA,NA,NA
"D","DISPATCH","UNIT_SCADA",1,"2018/06/01 06:55:00","CATHROCK","35.259998",NA,NA,NA
"D","DISPATCH","UNIT_SCADA",1,"2018/06/01 06:55:00","CHALLHWF","3.80",NA,NA,NA
"D","DISPATCH","UNIT_SCADA",1,"2018/06/01 06:55:00","CLOVER","0",NA,NA,NA
"D","DISPATCH","UNIT_SCADA",1,"2018/06/01 06:55:00","CLUNY","8.991074",NA,NA,NA
"D","DISPATCH","UNIT_SCADA",1,"2018/06/01 06:55:00","CNUNDAWF","9.310862",NA,NA,NA
"D","DISPATCH","UNIT_SCADA",1,"2018/06/01 06:55:00","CULLRGWF","3.82",NA,NA,NA
"D","DISPATCH","UNIT_SCADA",1,"2018/06/01 06:55:00","ERGT01","0",NA,NA,NA
"D","DISPATCH","UNIT_SCADA",1,"2018/06/01 06:55:00","GB01","0.062977",NA,NA,NA
"D","DISPATCH","UNIT_SCADA",1,"2018/06/01 06:55:00","GERMCRK","35.599998",NA,NA,NA
"D","DISPATCH","UNIT_SCADA",1,"2018/06/01 06:55:00","GRIFSF1","0",NA,NA,NA
"D","DISPATCH","UNIT_SCADA",1,"2018/06/01 06:55:00","HUGSF1","-0.0130",NA,NA,NA
"D","DISPATCH","UNIT_SCADA",1,"2018/06/01 06:55:00","INVICTA","0",NA,NA,NA
"D","DISPATCH","UNIT_SCADA",1,"2018/06/01 06:55:00","LKBONNY1","21.612865",NA,NA,NA
"D","DISPATCH","UNIT_SCADA",1,"2018/06/01 06:55:00","LRSF1","0.01",NA,NA,NA
"D","DISPATCH","UNIT_SCADA",1,"2018/06/01 06:55:00","MBAHNTH","31.237503",NA,NA,NA
"D","DISPATCH","UNIT_SCADA",1,"2018/06/01 06:55:00","MLSP1","0.370001",NA,NA,NA
"D","DISPATCH","UNIT_SCADA",1,"2018/06/01 06:55:00","MLWF1","4.50",NA,NA,NA
"D","DISPATCH","UNIT_SCADA",1,"2018/06/01 06:55:00","MTMILLAR","49.737724",NA,NA,NA
"D","DISPATCH","UNIT_SCADA",1,"2018/06/01 06:55:00","PALOONA","12.849999",NA,NA,NA
"D","DISPATCH","UNIT_SCADA",1,"2018/06/01 06:55:00","PIONEER","-0.90",NA,NA,NA
"D","DISPATCH","UNIT_SCADA",1,"2018/06/01 06:55:00","PORTWF","50.200001",NA,NA,NA
"D","DISPATCH","UNIT_SCADA",1,"2018/06/01 06:55:00","REPULSE","0",NA,NA,NA
"D","DISPATCH","UNIT_SCADA",1,"2018/06/01 06:55:00","ROWALLAN","6.3332",NA,NA,NA
"D","DISPATCH","UNIT_SCADA",1,"2018/06/01 06:55:00","ROYALLA1","0",NA,NA,NA
"D","DISPATCH","UNIT_SCADA",1,"2018/06/01 06:55:00","RPCG","-0.30",NA,NA,NA
"D","DISPATCH","UNIT_SCADA",1,"2018/06/01 07:10:00","BARCSF1","0.50",NA,NA,NA
"D","DISPATCH","UNIT_SCADA",1,"2018/06/01 07:10:00","BUTLERSG","9.199999",NA,NA,NA
"D","DISPATCH","UNIT_SCADA",1,"2018/06/01 07:10:00","CALL_A_4","0",NA,NA,NA
"D","DISPATCH","UNIT_SCADA",1,"2018/06/01 07:10:00","CAPTL_WF","0",NA,NA,NA
"D","DISPATCH","UNIT_SCADA",1,"2018/06/01 07:10:00","CATHROCK","37.339996",NA,NA,NA
"D","DISPATCH","UNIT_SCADA",1,"2018/06/01 07:10:00","CHALLHWF","3.70",NA,NA,NA
"D","DISPATCH","UNIT_SCADA",1,"2018/06/01 07:10:00","CLOVER","3.87",NA,NA,NA
"D","DISPATCH","UNIT_SCADA",1,"2018/06/01 07:10:00","CLUNY","9.001144",NA,NA,NA
"D","DISPATCH","UNIT_SCADA",1,"2018/06/01 07:10:00","CNUNDAWF","6.908058",NA,NA,NA
"D","DISPATCH","UNIT_SCADA",1,"2018/06/01 07:10:00","GERMCRK","35.799999",NA,NA,NA
"D","DISPATCH","UNIT_SCADA",1,"2018/06/01 07:10:00","CULLRGWF","4.70",NA,NA,NA
"D","DISPATCH","UNIT_SCADA",1,"2018/06/01 07:10:00","ERGT01","0",NA,NA,NA
"D","DISPATCH","UNIT_SCADA",1,"2018/06/01 07:10:00","GB01","0.062977",NA,NA,NA
"D","DISPATCH","UNIT_SCADA",1,"2018/06/01 07:10:00","GRIFSF1","0",NA,NA,NA
"D","DISPATCH","UNIT_SCADA",1,"2018/06/01 07:10:00","HUGSF1","-0.0130",NA,NA,NA
"D","DISPATCH","UNIT_SCADA",1,"2018/06/01 07:10:00","INVICTA","0",NA,NA,NA
"D","DISPATCH","UNIT_SCADA",1,"2018/06/01 07:10:00","LKBONNY1","18.219110",NA,NA,NA
"D","DISPATCH","UNIT_SCADA",1,"2018/06/01 07:10:00","LRSF1","0.11",NA,NA,NA
"D","DISPATCH","UNIT_SCADA",1,"2018/06/01 07:10:00","MBAHNTH","31.631248",NA,NA,NA
"D","DISPATCH","UNIT_SCADA",1,"2018/06/01 07:10:00","MLSP1","0.370001",NA,NA,NA
"D","DISPATCH","UNIT_SCADA",1,"2018/06/01 07:10:00","MLWF1","3.5550",NA,NA,NA
"D","DISPATCH","UNIT_SCADA",1,"2018/06/01 07:10:00","MTMILLAR","49.819580",NA,NA,NA
"D","DISPATCH","UNIT_SCADA",1,"2018/06/01 07:10:00","PALOONA","12.809999",NA,NA,NA
"D","DISPATCH","UNIT_SCADA",1,"2018/06/01 07:10:00","PIONEER","-0.90",NA,NA,NA
"D","DISPATCH","UNIT_SCADA",1,"2018/06/01 07:10:00","PORTWF","35.900002",NA,NA,NA
"D","DISPATCH","UNIT_SCADA",1,"2018/06/01 07:10:00","REPULSE","0",NA,NA,NA
"D","DISPATCH","UNIT_SCADA",1,"2018/06/01 07:10:00","ROWALLAN","6.7095",NA,NA,NA
"D","DISPATCH","UNIT_SCADA",1,"2018/06/01 07:10:00","ROYALLA1","0",NA,NA,NA
"D","DISPATCH","UNIT_SCADA",1,"2018/06/01 07:10:00","RPCG","-0.30",NA,NA,NA
"D","DISPATCH","UNIT_SCADA",1,"2018/06/01 07:10:00","RUBICON","0",NA,NA,NA
"D","DISPATCH","UNIT_SCADA",1,"2018/06/01 07:10:00","SMCSF1","3.170865",NA,NA,NA
"D","DISPATCH","UNIT_SCADA",1,"2018/06/01 07:10:00","STARHLWF","13.496064",NA,NA,NA
"D","DISPATCH","UNIT_SCADA",1,"2018/06/01 07:10:00","WAUBRAWF","23.110001",NA,NA,NA
"D","DISPATCH","UNIT_SCADA",1,"2018/06/01 07:10:00","WOOLNTH1","-0.519985",NA,NA,NA
"D","DISPATCH","UNIT_SCADA",1,"2018/06/01 07:10:00","WPWF","42",NA,NA,NA
"D","DISPATCH","UNIT_SCADA",1,"2018/06/01 07:10:00","YAMBUKWF","8.10",NA,NA,NA
"D","DISPATCH","UNIT_SCADA",1,"2018/06/01 07:10:00","YSWF1","0.70",NA,NA,NA
"D","DISPATCH","UNIT_SCADA",1,"2018/06/01 06:55:00","RUBICON","0",NA,NA,NA
"D","DISPATCH","UNIT_SCADA",1,"2018/06/01 06:55:00","SMCSF1","0.629882",NA,NA,NA
"D","DISPATCH","UNIT_SCADA",1,"2018/06/01 06:55:00","STARHLWF","12.696298",NA,NA,NA
"D","DISPATCH","UNIT_SCADA",1,"2018/06/01 06:55:00","WAUBRAWF","14.6940",NA,NA,NA
"D","DISPATCH","UNIT_SCADA",1,"2018/06/01 06:55:00","WOOLNTH1","-0.799985",NA,NA,NA
"D","DISPATCH","UNIT_SCADA",1,"2018/06/01 06:55:00","WPWF","37",NA,NA,NA
"D","DISPATCH","UNIT_SCADA",1,"2018/06/01 06:55:00","YAMBUKWF","9.20",NA,NA,NA
"D","DISPATCH","UNIT_SCADA",1,"2018/06/01 06:55:00","YSWF1","0.60",NA,NA,NA
"D","DISPATCH","UNIT_SCADA",1,"2018/06/01 07:00:00","BARCSF1","0.50",NA,NA,NA
"D","DISPATCH","UNIT_SCADA",1,"2018/06/01 07:00:00","BUTLERSG","9.199999",NA,NA,NA
"D","DISPATCH","UNIT_SCADA",1,"2018/06/01 07:00:00","CALL_A_4","0",NA,NA,NA
"D","DISPATCH","UNIT_SCADA",1,"2018/06/01 07:00:00","CAPTL_WF","0",NA,NA,NA
"D","DISPATCH","UNIT_SCADA",1,"2018/06/01 07:00:00","CATHROCK","35.309998",NA,NA,NA
"D","DISPATCH","UNIT_SCADA",1,"2018/06/01 07:00:00","CHALLHWF","3.60",NA,NA,NA
"D","DISPATCH","UNIT_SCADA",1,"2018/06/01 07:00:00","CLOVER","0",NA,NA,NA
"D","DISPATCH","UNIT_SCADA",1,"2018/06/01 07:00:00","CLUNY","9.0103",NA,NA,NA
"D","DISPATCH","UNIT_SCADA",1,"2018/06/01 07:00:00","CNUNDAWF","8.610044",NA,NA,NA
"D","DISPATCH","UNIT_SCADA",1,"2018/06/01 07:00:00","CULLRGWF","4.99",NA,NA,NA
"D","DISPATCH","UNIT_SCADA",1,"2018/06/01 07:00:00","ERGT01","0",NA,NA,NA
"D","DISPATCH","UNIT_SCADA",1,"2018/06/01 07:00:00","GB01","0.062977",NA,NA,NA
"D","DISPATCH","UNIT_SCADA",1,"2018/06/01 07:00:00","GERMCRK","35.400002",NA,NA,NA
"D","DISPATCH","UNIT_SCADA",1,"2018/06/01 07:00:00","GRIFSF1","0",NA,NA,NA
"D","DISPATCH","UNIT_SCADA",1,"2018/06/01 07:00:00","HUGSF1","-0.0130",NA,NA,NA
"D","DISPATCH","UNIT_SCADA",1,"2018/06/01 07:00:00","INVICTA","0",NA,NA,NA
"D","DISPATCH","UNIT_SCADA",1,"2018/06/01 07:00:00","LKBONNY1","20.005297",NA,NA,NA
"D","DISPATCH","UNIT_SCADA",1,"2018/06/01 07:00:00","LRSF1","0.01",NA,NA,NA
"D","DISPATCH","UNIT_SCADA",1,"2018/06/01 07:00:00","MBAHNTH","31.631248",NA,NA,NA
"D","DISPATCH","UNIT_SCADA",1,"2018/06/01 07:00:00","MLSP1","0.370001",NA,NA,NA
"D","DISPATCH","UNIT_SCADA",1,"2018/06/01 07:00:00","MLWF1","4.08",NA,NA,NA
"D","DISPATCH","UNIT_SCADA",1,"2018/06/01 07:00:00","MTMILLAR","49.812138",NA,NA,NA
"D","DISPATCH","UNIT_SCADA",1,"2018/06/01 07:00:00","PALOONA","12.66",NA,NA,NA
"D","DISPATCH","UNIT_SCADA",1,"2018/06/01 07:00:00","PIONEER","-0.90",NA,NA,NA
"D","DISPATCH","UNIT_SCADA",1,"2018/06/01 07:00:00","PORTWF","43.599998",NA,NA,NA
"D","DISPATCH","UNIT_SCADA",1,"2018/06/01 07:00:00","REPULSE","0",NA,NA,NA
"D","DISPATCH","UNIT_SCADA",1,"2018/06/01 07:00:00","ROWALLAN","6.5888",NA,NA,NA
"D","DISPATCH","UNIT_SCADA",1,"2018/06/01 07:00:00","ROYALLA1","0",NA,NA,NA
"D","DISPATCH","UNIT_SCADA",1,"2018/06/01 07:00:00","RPCG","-0.30",NA,NA,NA
"D","DISPATCH","UNIT_SCADA",1,"2018/06/01 07:00:00","RUBICON","0",NA,NA,NA
"D","DISPATCH","UNIT_SCADA",1,"2018/06/01 07:00:00","SMCSF1","1.328002",NA,NA,NA
"D","DISPATCH","UNIT_SCADA",1,"2018/06/01 07:00:00","STARHLWF","12.796268",NA,NA,NA
"D","DISPATCH","UNIT_SCADA",1,"2018/06/01 07:00:00","WAUBRAWF","16.9450",NA,NA,NA
"D","DISPATCH","UNIT_SCADA",1,"2018/06/01 07:00:00","WOOLNTH1","-0.739985",NA,NA,NA
"D","DISPATCH","UNIT_SCADA",1,"2018/06/01 07:00:00","WPWF","39",NA,NA,NA
"D","DISPATCH","UNIT_SCADA",1,"2018/06/01 07:00:00","YAMBUKWF","9.40",NA,NA,NA
"D","DISPATCH","UNIT_SCADA",1,"2018/06/01 07:00:00","YSWF1","0.80",NA,NA,NA
"D","DISPATCH","UNIT_SCADA",1,"2018/06/01 07:05:00","BARCSF1","0.50",NA,NA,NA
"D","DISPATCH","UNIT_SCADA",1,"2018/06/01 07:05:00","BUTLERSG","9.199999",NA,NA,NA
"D","DISPATCH","UNIT_SCADA",1,"2018/06/01 07:05:00","CALL_A_4","0",NA,NA,NA
"D","DISPATCH","UNIT_SCADA",1,"2018/06/01 07:05:00","CAPTL_WF","0",NA,NA,NA
"D","DISPATCH","UNIT_SCADA",1,"2018/06/01 07:05:00","CATHROCK","37.339996",NA,NA,NA
"D","DISPATCH","UNIT_SCADA",1,"2018/06/01 07:05:00","CHALLHWF","3.70",NA,NA,NA
"D","DISPATCH","UNIT_SCADA",1,"2018/06/01 07:05:00","CLOVER","-0.01",NA,NA,NA
"D","DISPATCH","UNIT_SCADA",1,"2018/06/01 07:05:00","CLUNY","9.001144",NA,NA,NA
"D","DISPATCH","UNIT_SCADA",1,"2018/06/01 07:05:00","CNUNDAWF","7.909226",NA,NA,NA
"D","DISPATCH","UNIT_SCADA",1,"2018/06/01 07:05:00","CULLRGWF","4.80",NA,NA,NA
"D","DISPATCH","UNIT_SCADA",1,"2018/06/01 07:05:00","ERGT01","0",NA,NA,NA
"D","DISPATCH","UNIT_SCADA",1,"2018/06/01 07:05:00","GB01","0.062977",NA,NA,NA
"D","DISPATCH","UNIT_SCADA",1,"2018/06/01 07:05:00","GERMCRK","35.799999",NA,NA,NA
"D","DISPATCH","UNIT_SCADA",1,"2018/06/01 07:05:00","GRIFSF1","0",NA,NA,NA
"D","DISPATCH","UNIT_SCADA",1,"2018/06/01 07:05:00","HUGSF1","-0.0130",NA,NA,NA
"D","DISPATCH","UNIT_SCADA",1,"2018/06/01 07:05:00","INVICTA","0",NA,NA,NA
"D","DISPATCH","UNIT_SCADA",1,"2018/06/01 07:05:00","LKBONNY1","18.754967",NA,NA,NA
"D","DISPATCH","UNIT_SCADA",1,"2018/06/01 07:05:00","LRSF1","0.01",NA,NA,NA
"D","DISPATCH","UNIT_SCADA",1,"2018/06/01 07:05:00","MBAHNTH","31.631248",NA,NA,NA
"D","DISPATCH","UNIT_SCADA",1,"2018/06/01 07:05:00","MLSP1","0.370001",NA,NA,NA
"D","DISPATCH","UNIT_SCADA",1,"2018/06/01 07:05:00","MLWF1","2.8350",NA,NA,NA
"D","DISPATCH","UNIT_SCADA",1,"2018/06/01 07:05:00","MTMILLAR","49.678196",NA,NA,NA
"D","DISPATCH","UNIT_SCADA",1,"2018/06/01 07:05:00","PALOONA","12.809999",NA,NA,NA
"D","DISPATCH","UNIT_SCADA",1,"2018/06/01 07:05:00","PIONEER","-0.90",NA,NA,NA
"D","DISPATCH","UNIT_SCADA",1,"2018/06/01 07:05:00","PORTWF","40.099998",NA,NA,NA
"D","DISPATCH","UNIT_SCADA",1,"2018/06/01 07:05:00","REPULSE","0",NA,NA,NA
"D","DISPATCH","UNIT_SCADA",1,"2018/06/01 07:05:00","ROWALLAN","6.3616",NA,NA,NA
"D","DISPATCH","UNIT_SCADA",1,"2018/06/01 07:05:00","ROYALLA1","0",NA,NA,NA
"D","DISPATCH","UNIT_SCADA",1,"2018/06/01 07:05:00","RPCG","-0.30",NA,NA,NA
"D","DISPATCH","UNIT_SCADA",1,"2018/06/01 07:05:00","RUBICON","0",NA,NA,NA
"D","DISPATCH","UNIT_SCADA",1,"2018/06/01 07:05:00","SMCSF1","2.172229",NA,NA,NA
"D","DISPATCH","UNIT_SCADA",1,"2018/06/01 07:05:00","STARHLWF","12.996210",NA,NA,NA
"D","DISPATCH","UNIT_SCADA",1,"2018/06/01 07:05:00","WAUBRAWF","21.377001",NA,NA,NA
"D","DISPATCH","UNIT_SCADA",1,"2018/06/01 07:05:00","WOOLNTH1","-0.689985",NA,NA,NA
"D","DISPATCH","UNIT_SCADA",1,"2018/06/01 07:05:00","WPWF","40",NA,NA,NA
"D","DISPATCH","UNIT_SCADA",1,"2018/06/01 07:05:00","YAMBUKWF","8.90",NA,NA,NA
"D","DISPATCH","UNIT_SCADA",1,"2018/06/01 07:05:00","YSWF1","0.90",NA,NA,NA
"D","DISPATCH","UNIT_SCADA",1,"2018/06/01 07:15:00","BARCSF1","0.50",NA,NA,NA
"D","DISPATCH","UNIT_SCADA",1,"2018/06/01 07:15:00","BUTLERSG","9.199999",NA,NA,NA
"D","DISPATCH","UNIT_SCADA",1,"2018/06/01 07:15:00","CALL_A_4","0",NA,NA,NA
"D","DISPATCH","UNIT_SCADA",1,"2018/06/01 07:15:00","CAPTL_WF","0",NA,NA,NA
"D","DISPATCH","UNIT_SCADA",1,"2018/06/01 07:15:00","CATHROCK","39.099998",NA,NA,NA
"D","DISPATCH","UNIT_SCADA",1,"2018/06/01 07:15:00","CHALLHWF","3.30",NA,NA,NA
"D","DISPATCH","UNIT_SCADA",1,"2018/06/01 07:15:00","CLOVER","12.43",NA,NA,NA
"D","DISPATCH","UNIT_SCADA",1,"2018/06/01 07:15:00","CLUNY","9.001144",NA,NA,NA
"D","DISPATCH","UNIT_SCADA",1,"2018/06/01 07:15:00","CNUNDAWF","6.507591",NA,NA,NA
"D","DISPATCH","UNIT_SCADA",1,"2018/06/01 07:15:00","CULLRGWF","3.73",NA,NA,NA
"D","DISPATCH","UNIT_SCADA",1,"2018/06/01 07:15:00","ERGT01","0",NA,NA,NA
"D","DISPATCH","UNIT_SCADA",1,"2018/06/01 07:15:00","GB01","0.062977",NA,NA,NA
"D","DISPATCH","UNIT_SCADA",1,"2018/06/01 07:15:00","GERMCRK","36.299999",NA,NA,NA
"D","DISPATCH","UNIT_SCADA",1,"2018/06/01 07:15:00","GRIFSF1","0",NA,NA,NA
"D","DISPATCH","UNIT_SCADA",1,"2018/06/01 07:15:00","HUGSF1","-0.0130",NA,NA,NA
"D","DISPATCH","UNIT_SCADA",1,"2018/06/01 07:15:00","INVICTA","0",NA,NA,NA
"D","DISPATCH","UNIT_SCADA",1,"2018/06/01 07:15:00","LKBONNY1","18.129801",NA,NA,NA
"D","DISPATCH","UNIT_SCADA",1,"2018/06/01 07:15:00","LRSF1","0.11",NA,NA,NA
"D","DISPATCH","UNIT_SCADA",1,"2018/06/01 07:15:00","MBAHNTH","31.631248",NA,NA,NA
"D","DISPATCH","UNIT_SCADA",1,"2018/06/01 07:15:00","MLSP1","0.370001",NA,NA,NA
"D","DISPATCH","UNIT_SCADA",1,"2018/06/01 07:15:00","MLWF1","4.0650",NA,NA,NA
"D","DISPATCH","UNIT_SCADA",1,"2018/06/01 07:15:00","MTMILLAR","48.986153",NA,NA,NA
"D","DISPATCH","UNIT_SCADA",1,"2018/06/01 07:15:00","PALOONA","12.809999",NA,NA,NA
"D","DISPATCH","UNIT_SCADA",1,"2018/06/01 07:15:00","PIONEER","-0.90",NA,NA,NA
"D","DISPATCH","UNIT_SCADA",1,"2018/06/01 07:15:00","PORTWF","30.40",NA,NA,NA
"D","DISPATCH","UNIT_SCADA",1,"2018/06/01 07:15:00","REPULSE","0",NA,NA,NA
"D","DISPATCH","UNIT_SCADA",1,"2018/06/01 07:15:00","ROWALLAN","6.3190",NA,NA,NA
"D","DISPATCH","UNIT_SCADA",1,"2018/06/01 07:15:00","ROYALLA1","0",NA,NA,NA
"D","DISPATCH","UNIT_SCADA",1,"2018/06/01 07:15:00","RPCG","-0.30",NA,NA,NA
"D","DISPATCH","UNIT_SCADA",1,"2018/06/01 07:15:00","RUBICON","0",NA,NA,NA
"D","DISPATCH","UNIT_SCADA",1,"2018/06/01 07:15:00","SMCSF1","4.329731",NA,NA,NA
"D","DISPATCH","UNIT_SCADA",1,"2018/06/01 07:15:00","STARHLWF","14.995627",NA,NA,NA
"D","DISPATCH","UNIT_SCADA",1,"2018/06/01 07:15:00","WAUBRAWF","29.2330",NA,NA,NA
"D","DISPATCH","UNIT_SCADA",1,"2018/06/01 07:15:00","WOOLNTH1","-0.119985",NA,NA,NA
"D","DISPATCH","UNIT_SCADA",1,"2018/06/01 07:15:00","WPWF","42",NA,NA,NA
"D","DISPATCH","UNIT_SCADA",1,"2018/06/01 07:15:00","YAMBUKWF","7.50",NA,NA,NA
"D","DISPATCH","UNIT_SCADA",1,"2018/06/01 07:15:00","YSWF1","0.80",NA,NA,NA
"D","DISPATCH","UNIT_SCADA",1,"2018/06/01 07:20:00","BARCSF1","0.50",NA,NA,NA
"D","DISPATCH","UNIT_SCADA",1,"2018/06/01 07:20:00","BUTLERSG","9.199999",NA,NA,NA
"D","DISPATCH","UNIT_SCADA",1,"2018/06/01 07:20:00","CALL_A_4","0",NA,NA,NA
"D","DISPATCH","UNIT_SCADA",1,"2018/06/01 07:20:00","CAPTL_WF","0",NA,NA,NA
"D","DISPATCH","UNIT_SCADA",1,"2018/06/01 07:20:00","CATHROCK","39.499996",NA,NA,NA
"D","DISPATCH","UNIT_SCADA",1,"2018/06/01 07:20:00","CHALLHWF","3.10",NA,NA,NA
"D","DISPATCH","UNIT_SCADA",1,"2018/06/01 07:20:00","CLOVER","13.22",NA,NA,NA
"D","DISPATCH","UNIT_SCADA",1,"2018/06/01 07:20:00","CLUNY","9.0103",NA,NA,NA
"D","DISPATCH","UNIT_SCADA",1,"2018/06/01 07:20:00","CNUNDAWF","6.207241",NA,NA,NA
"D","DISPATCH","UNIT_SCADA",1,"2018/06/01 07:20:00","CULLRGWF","3.10",NA,NA,NA
"D","DISPATCH","UNIT_SCADA",1,"2018/06/01 07:20:00","ERGT01","0",NA,NA,NA
"D","DISPATCH","UNIT_SCADA",1,"2018/06/01 07:20:00","GB01","0.062977",NA,NA,NA
"D","DISPATCH","UNIT_SCADA",1,"2018/06/01 07:20:00","GERMCRK","36",NA,NA,NA
"D","DISPATCH","UNIT_SCADA",1,"2018/06/01 07:20:00","GRIFSF1","0.100006",NA,NA,NA
"D","DISPATCH","UNIT_SCADA",1,"2018/06/01 07:20:00","HUGSF1","-0.0130",NA,NA,NA
"D","DISPATCH","UNIT_SCADA",1,"2018/06/01 07:20:00","INVICTA","0",NA,NA,NA
"D","DISPATCH","UNIT_SCADA",1,"2018/06/01 07:20:00","LKBONNY1","18.487038",NA,NA,NA
"D","DISPATCH","UNIT_SCADA",1,"2018/06/01 07:20:00","LRSF1","0.2120",NA,NA,NA
"D","DISPATCH","UNIT_SCADA",1,"2018/06/01 07:20:00","MBAHNTH","31.631248",NA,NA,NA
"D","DISPATCH","UNIT_SCADA",1,"2018/06/01 07:20:00","MLSP1","0.370001",NA,NA,NA
"D","DISPATCH","UNIT_SCADA",1,"2018/06/01 07:20:00","MLWF1","3.66",NA,NA,NA
"D","DISPATCH","UNIT_SCADA",1,"2018/06/01 07:20:00","MTMILLAR","48.993595",NA,NA,NA
"D","DISPATCH","UNIT_SCADA",1,"2018/06/01 07:20:00","PALOONA","12.809999",NA,NA,NA
"D","DISPATCH","UNIT_SCADA",1,"2018/06/01 07:20:00","PIONEER","-0.90",NA,NA,NA
"D","DISPATCH","UNIT_SCADA",1,"2018/06/01 07:20:00","PORTWF","30.200001",NA,NA,NA
"D","DISPATCH","UNIT_SCADA",1,"2018/06/01 07:20:00","REPULSE","0",NA,NA,NA
"D","DISPATCH","UNIT_SCADA",1,"2018/06/01 07:20:00","ROWALLAN","6.6669",NA,NA,NA
"D","DISPATCH","UNIT_SCADA",1,"2018/06/01 07:20:00","ROYALLA1","0.2730",NA,NA,NA
"D","DISPATCH","UNIT_SCADA",1,"2018/06/01 07:20:00","RPCG","-0.30",NA,NA,NA
"D","DISPATCH","UNIT_SCADA",1,"2018/06/01 07:20:00","RUBICON","0",NA,NA,NA
"D","DISPATCH","UNIT_SCADA",1,"2018/06/01 07:20:00","SMCSF1","5.621162",NA,NA,NA
"D","DISPATCH","UNIT_SCADA",1,"2018/06/01 07:20:00","STARHLWF","13.795977",NA,NA,NA
"D","DISPATCH","UNIT_SCADA",1,"2018/06/01 07:20:00","WAUBRAWF","32.321999",NA,NA,NA
"D","DISPATCH","UNIT_SCADA",1,"2018/06/01 07:20:00","WOOLNTH1","-0.239985",NA,NA,NA
"D","DISPATCH","UNIT_SCADA",1,"2018/06/01 07:20:00","WPWF","39",NA,NA,NA
"D","DISPATCH","UNIT_SCADA",1,"2018/06/01 07:20:00","YAMBUKWF","6.10",NA,NA,NA
"D","DISPATCH","UNIT_SCADA",1,"2018/06/01 07:20:00","YSWF1","1.50",NA,NA,NA
"D","DISPATCH","UNIT_SCADA",1,"2018/06/01 07:25:00","BARCSF1","0.50",NA,NA,NA
"D","DISPATCH","UNIT_SCADA",1,"2018/06/01 07:25:00","BUTLERSG","9.199999",NA,NA,NA
"D","DISPATCH","UNIT_SCADA",1,"2018/06/01 07:25:00","CALL_A_4","0",NA,NA,NA
"D","DISPATCH","UNIT_SCADA",1,"2018/06/01 07:25:00","CAPTL_WF","0",NA,NA,NA
"D","DISPATCH","UNIT_SCADA",1,"2018/06/01 07:25:00","CATHROCK","40.629997",NA,NA,NA
"D","DISPATCH","UNIT_SCADA",1,"2018/06/01 07:25:00","CHALLHWF","3",NA,NA,NA
"D","DISPATCH","UNIT_SCADA",1,"2018/06/01 07:25:00","CLOVER","13.68",NA,NA,NA
"D","DISPATCH","UNIT_SCADA",1,"2018/06/01 07:25:00","CLUNY","9.005722",NA,NA,NA
"D","DISPATCH","UNIT_SCADA",1,"2018/06/01 07:25:00","CNUNDAWF","6.207241",NA,NA,NA
"D","DISPATCH","UNIT_SCADA",1,"2018/06/01 07:25:00","CULLRGWF","2.35",NA,NA,NA
"D","DISPATCH","UNIT_SCADA",1,"2018/06/01 07:25:00","ERGT01","0",NA,NA,NA
"D","DISPATCH","UNIT_SCADA",1,"2018/06/01 07:25:00","GB01","0.062977",NA,NA,NA
"D","DISPATCH","UNIT_SCADA",1,"2018/06/01 07:25:00","GERMCRK","37",NA,NA,NA
"D","DISPATCH","UNIT_SCADA",1,"2018/06/01 07:25:00","GRIFSF1","0.199997",NA,NA,NA
"D","DISPATCH","UNIT_SCADA",1,"2018/06/01 07:25:00","HUGSF1","-0.0130",NA,NA,NA
"D","DISPATCH","UNIT_SCADA",1,"2018/06/01 07:25:00","INVICTA","0",NA,NA,NA
"D","DISPATCH","UNIT_SCADA",1,"2018/06/01 07:25:00","LKBONNY1","17.861872",NA,NA,NA
"D","DISPATCH","UNIT_SCADA",1,"2018/06/01 07:25:00","LRSF1","0.3170",NA,NA,NA
"D","DISPATCH","UNIT_SCADA",1,"2018/06/01 07:25:00","MBAHNTH","31.631248",NA,NA,NA
"D","DISPATCH","UNIT_SCADA",1,"2018/06/01 07:25:00","MLSP1","0.370001",NA,NA,NA
"D","DISPATCH","UNIT_SCADA",1,"2018/06/01 07:25:00","MLWF1","4.1850",NA,NA,NA
"D","DISPATCH","UNIT_SCADA",1,"2018/06/01 07:25:00","MTMILLAR","48.963829",NA,NA,NA
"D","DISPATCH","UNIT_SCADA",1,"2018/06/01 07:25:00","PALOONA","12.809999",NA,NA,NA
"D","DISPATCH","UNIT_SCADA",1,"2018/06/01 07:25:00","PIONEER","-0.90",NA,NA,NA
"D","DISPATCH","UNIT_SCADA",1,"2018/06/01 07:25:00","PORTWF","31",NA,NA,NA
"D","DISPATCH","UNIT_SCADA",1,"2018/06/01 07:25:00","REPULSE","0",NA,NA,NA
"D","DISPATCH","UNIT_SCADA",1,"2018/06/01 07:25:00","ROWALLAN","6.4326",NA,NA,NA
"D","DISPATCH","UNIT_SCADA",1,"2018/06/01 07:25:00","ROYALLA1","0.2840",NA,NA,NA
"D","DISPATCH","UNIT_SCADA",1,"2018/06/01 07:25:00","RPCG","-0.30",NA,NA,NA
"D","DISPATCH","UNIT_SCADA",1,"2018/06/01 07:25:00","RUBICON","0",NA,NA,NA
"D","DISPATCH","UNIT_SCADA",1,"2018/06/01 07:25:00","SMCSF1","7.074068",NA,NA,NA
"D","DISPATCH","UNIT_SCADA",1,"2018/06/01 07:25:00","STARHLWF","14.095890",NA,NA,NA
"D","DISPATCH","UNIT_SCADA",1,"2018/06/01 07:25:00","WAUBRAWF","33.432999",NA,NA,NA
"D","DISPATCH","UNIT_SCADA",1,"2018/06/01 07:25:00","WOOLNTH1","-0.419985",NA,NA,NA
"D","DISPATCH","UNIT_SCADA",1,"2018/06/01 07:25:00","WPWF","39",NA,NA,NA
"D","DISPATCH","UNIT_SCADA",1,"2018/06/01 07:25:00","YAMBUKWF","5.40",NA,NA,NA
"D","DISPATCH","UNIT_SCADA",1,"2018/06/01 07:25:00","YSWF1","2.10",NA,NA,NA
"D","DISPATCH","UNIT_SCADA",1,"2018/06/01 07:30:00","BARCSF1","0.50",NA,NA,NA
"D","DISPATCH","UNIT_SCADA",1,"2018/06/01 07:30:00","BUTLERSG","9.199999",NA,NA,NA
"D","DISPATCH","UNIT_SCADA",1,"2018/06/01 07:30:00","CALL_A_4","0",NA,NA,NA
"D","DISPATCH","UNIT_SCADA",1,"2018/06/01 07:30:00","CAPTL_WF","0",NA,NA,NA
"D","DISPATCH","UNIT_SCADA",1,"2018/06/01 07:30:00","CATHROCK","40.629997",NA,NA,NA
"D","DISPATCH","UNIT_SCADA",1,"2018/06/01 07:30:00","CHALLHWF","3.30",NA,NA,NA
"D","DISPATCH","UNIT_SCADA",1,"2018/06/01 07:30:00","CLOVER","13.78",NA,NA,NA
"D","DISPATCH","UNIT_SCADA",1,"2018/06/01 07:30:00","CLUNY","9.005722",NA,NA,NA
"D","DISPATCH","UNIT_SCADA",1,"2018/06/01 07:30:00","CNUNDAWF","5.206073",NA,NA,NA
"D","DISPATCH","UNIT_SCADA",1,"2018/06/01 07:30:00","CULLRGWF","1.61",NA,NA,NA
"D","DISPATCH","UNIT_SCADA",1,"2018/06/01 07:30:00","ERGT01","0",NA,NA,NA
"D","DISPATCH","UNIT_SCADA",1,"2018/06/01 07:30:00","GB01","0.062977",NA,NA,NA
"D","DISPATCH","UNIT_SCADA",1,"2018/06/01 07:30:00","GERMCRK","36.200001",NA,NA,NA
"D","DISPATCH","UNIT_SCADA",1,"2018/06/01 07:30:00","GRIFSF1","0.300003",NA,NA,NA
"D","DISPATCH","UNIT_SCADA",1,"2018/06/01 07:30:00","HUGSF1","-0.0130",NA,NA,NA
"D","DISPATCH","UNIT_SCADA",1,"2018/06/01 07:30:00","INVICTA","0",NA,NA,NA
"D","DISPATCH","UNIT_SCADA",1,"2018/06/01 07:30:00","LKBONNY1","16.075686",NA,NA,NA
"D","DISPATCH","UNIT_SCADA",1,"2018/06/01 07:30:00","LRSF1","1.3560",NA,NA,NA
"D","DISPATCH","UNIT_SCADA",1,"2018/06/01 07:30:00","MBAHNTH","30.712502",NA,NA,NA
"D","DISPATCH","UNIT_SCADA",1,"2018/06/01 07:30:00","MLSP1","0.370001",NA,NA,NA
"D","DISPATCH","UNIT_SCADA",1,"2018/06/01 07:30:00","MLWF1","5.34",NA,NA,NA
"D","DISPATCH","UNIT_SCADA",1,"2018/06/01 07:30:00","MTMILLAR","49.0308",NA,NA,NA
"D","DISPATCH","UNIT_SCADA",1,"2018/06/01 07:30:00","PALOONA","12.809999",NA,NA,NA
"D","DISPATCH","UNIT_SCADA",1,"2018/06/01 07:30:00","PIONEER","-0.90",NA,NA,NA
"D","DISPATCH","UNIT_SCADA",1,"2018/06/01 07:30:00","PORTWF","28.50",NA,NA,NA
"D","DISPATCH","UNIT_SCADA",1,"2018/06/01 07:30:00","REPULSE","0",NA,NA,NA
"D","DISPATCH","UNIT_SCADA",1,"2018/06/01 07:30:00","ROWALLAN","6.5249",NA,NA,NA
"D","DISPATCH","UNIT_SCADA",1,"2018/06/01 07:30:00","ROYALLA1","0.8110",NA,NA,NA
"D","DISPATCH","UNIT_SCADA",1,"2018/06/01 07:30:00","RPCG","-0.30",NA,NA,NA
"D","DISPATCH","UNIT_SCADA",1,"2018/06/01 07:30:00","RUBICON","0",NA,NA,NA
"D","DISPATCH","UNIT_SCADA",1,"2018/06/01 07:30:00","SMCSF1","8.572473",NA,NA,NA
"D","DISPATCH","UNIT_SCADA",1,"2018/06/01 07:30:00","STARHLWF","13.795977",NA,NA,NA
"D","DISPATCH","UNIT_SCADA",1,"2018/06/01 07:30:00","WAUBRAWF","36.244999",NA,NA,NA
"D","DISPATCH","UNIT_SCADA",1,"2018/06/01 07:30:00","WOOLNTH1","-0.539985",NA,NA,NA
"D","DISPATCH","UNIT_SCADA",1,"2018/06/01 07:30:00","WPWF","37",NA,NA,NA
"D","DISPATCH","UNIT_SCADA",1,"2018/06/01 07:30:00","YAMBUKWF","4.70",NA,NA,NA
"D","DISPATCH","UNIT_SCADA",1,"2018/06/01 07:30:00","YSWF1","2.10",NA,NA,NA
"D","DISPATCH","UNIT_SCADA",1,"2018/06/01 07:35:00","BARCSF1","3",NA,NA,NA
"D","DISPATCH","UNIT_SCADA",1,"2018/06/01 07:35:00","BUTLERSG","9.199999",NA,NA,NA
"D","DISPATCH","UNIT_SCADA",1,"2018/06/01 07:35:00","CALL_A_4","0",NA,NA,NA
"D","DISPATCH","UNIT_SCADA",1,"2018/06/01 07:35:00","CAPTL_WF","5.959999",NA,NA,NA
"D","DISPATCH","UNIT_SCADA",1,"2018/06/01 07:35:00","CATHROCK","41.669998",NA,NA,NA
"D","DISPATCH","UNIT_SCADA",1,"2018/06/01 07:35:00","CHALLHWF","4",NA,NA,NA
"D","DISPATCH","UNIT_SCADA",1,"2018/06/01 07:35:00","CLOVER","13.57",NA,NA,NA
"D","DISPATCH","UNIT_SCADA",1,"2018/06/01 07:35:00","CLUNY","8.748455",NA,NA,NA
"D","DISPATCH","UNIT_SCADA",1,"2018/06/01 07:35:00","CNUNDAWF","4.905723",NA,NA,NA
"D","DISPATCH","UNIT_SCADA",1,"2018/06/01 07:35:00","CULLRGWF","1.38",NA,NA,NA
"D","DISPATCH","UNIT_SCADA",1,"2018/06/01 07:35:00","ERGT01","0",NA,NA,NA
"D","DISPATCH","UNIT_SCADA",1,"2018/06/01 07:35:00","GB01","0.062977",NA,NA,NA
"D","DISPATCH","UNIT_SCADA",1,"2018/06/01 07:35:00","GERMCRK","35.700001",NA,NA,NA
"D","DISPATCH","UNIT_SCADA",1,"2018/06/01 07:35:00","GRIFSF1","0.800003",NA,NA,NA
"D","DISPATCH","UNIT_SCADA",1,"2018/06/01 07:35:00","HUGSF1","-0.0130",NA,NA,NA
"D","DISPATCH","UNIT_SCADA",1,"2018/06/01 07:35:00","INVICTA","0",NA,NA,NA
"D","DISPATCH","UNIT_SCADA",1,"2018/06/01 07:35:00","LKBONNY1","13.217786",NA,NA,NA
"D","DISPATCH","UNIT_SCADA",1,"2018/06/01 07:35:00","LRSF1","1.6950",NA,NA,NA
"D","DISPATCH","UNIT_SCADA",1,"2018/06/01 07:35:00","MBAHNTH","30.862503",NA,NA,NA
"D","DISPATCH","UNIT_SCADA",1,"2018/06/01 07:35:00","MLSP1","0.370001",NA,NA,NA
"D","DISPATCH","UNIT_SCADA",1,"2018/06/01 07:35:00","MLWF1","5.67",NA,NA,NA
"D","DISPATCH","UNIT_SCADA",1,"2018/06/01 07:35:00","MTMILLAR","48.948948",NA,NA,NA
"D","DISPATCH","UNIT_SCADA",1,"2018/06/01 07:35:00","PALOONA","12.809999",NA,NA,NA
"D","DISPATCH","UNIT_SCADA",1,"2018/06/01 07:35:00","PIONEER","-0.90",NA,NA,NA
"D","DISPATCH","UNIT_SCADA",1,"2018/06/01 07:35:00","PORTWF","28.700001",NA,NA,NA
"D","DISPATCH","UNIT_SCADA",1,"2018/06/01 07:35:00","REPULSE","0",NA,NA,NA
"D","DISPATCH","UNIT_SCADA",1,"2018/06/01 07:35:00","ROWALLAN","6.4113",NA,NA,NA
"D","DISPATCH","UNIT_SCADA",1,"2018/06/01 07:35:00","ROYALLA1","1.1990",NA,NA,NA
"D","DISPATCH","UNIT_SCADA",1,"2018/06/01 07:35:00","RPCG","-0.30",NA,NA,NA
"D","DISPATCH","UNIT_SCADA",1,"2018/06/01 07:35:00","RUBICON","0",NA,NA,NA
"D","DISPATCH","UNIT_SCADA",1,"2018/06/01 07:35:00","SMCSF1","10.113741",NA,NA,NA
"D","DISPATCH","UNIT_SCADA",1,"2018/06/01 07:35:00","STARHLWF","14.895657",NA,NA,NA
"D","DISPATCH","UNIT_SCADA",1,"2018/06/01 07:35:00","WAUBRAWF","35.6460",NA,NA,NA
"D","DISPATCH","UNIT_SCADA",1,"2018/06/01 07:35:00","WOOLNTH1","-0.579985",NA,NA,NA
"D","DISPATCH","UNIT_SCADA",1,"2018/06/01 07:35:00","WPWF","35",NA,NA,NA
"D","DISPATCH","UNIT_SCADA",1,"2018/06/01 07:35:00","YAMBUKWF","4.70",NA,NA,NA
"D","DISPATCH","UNIT_SCADA",1,"2018/06/01 07:35:00","YSWF1","2.30",NA,NA,NA
"D","DISPATCH","UNIT_SCADA",1,"2018/06/01 07:40:00","BARCSF1","3",NA,NA,NA
"D","DISPATCH","UNIT_SCADA",1,"2018/06/01 07:40:00","BUTLERSG","9.099998",NA,NA,NA
"D","DISPATCH","UNIT_SCADA",1,"2018/06/01 07:40:00","CALL_A_4","0",NA,NA,NA
"D","DISPATCH","UNIT_SCADA",1,"2018/06/01 07:40:00","CAPTL_WF","7.339996",NA,NA,NA
"D","DISPATCH","UNIT_SCADA",1,"2018/06/01 07:40:00","CATHROCK","41.579998",NA,NA,NA
"D","DISPATCH","UNIT_SCADA",1,"2018/06/01 07:40:00","CHALLHWF","5.50",NA,NA,NA
"D","DISPATCH","UNIT_SCADA",1,"2018/06/01 07:55:00","CAPTL_WF","6.748001",NA,NA,NA
"D","DISPATCH","UNIT_SCADA",1,"2018/06/01 07:55:00","BARCSF1","7.40",NA,NA,NA
"D","DISPATCH","UNIT_SCADA",1,"2018/06/01 07:55:00","BUTLERSG","9.199999",NA,NA,NA
"D","DISPATCH","UNIT_SCADA",1,"2018/06/01 07:55:00","CALL_A_4","0",NA,NA,NA
"D","DISPATCH","UNIT_SCADA",1,"2018/06/01 07:55:00","CATHROCK","40.169998",NA,NA,NA
"D","DISPATCH","UNIT_SCADA",1,"2018/06/01 07:55:00","CHALLHWF","8.40",NA,NA,NA
"D","DISPATCH","UNIT_SCADA",1,"2018/06/01 07:55:00","CLOVER","12.320001",NA,NA,NA
"D","DISPATCH","UNIT_SCADA",1,"2018/06/01 07:55:00","CLUNY","8.991074",NA,NA,NA
"D","DISPATCH","UNIT_SCADA",1,"2018/06/01 07:55:00","CNUNDAWF","3.303854",NA,NA,NA
"D","DISPATCH","UNIT_SCADA",1,"2018/06/01 07:55:00","CULLRGWF","0.74",NA,NA,NA
"D","DISPATCH","UNIT_SCADA",1,"2018/06/01 07:55:00","ERGT01","0",NA,NA,NA
"D","DISPATCH","UNIT_SCADA",1,"2018/06/01 07:55:00","GB01","0.063976",NA,NA,NA
"D","DISPATCH","UNIT_SCADA",1,"2018/06/01 07:55:00","GERMCRK","35.599998",NA,NA,NA
"D","DISPATCH","UNIT_SCADA",1,"2018/06/01 07:55:00","GRIFSF1","4.799995",NA,NA,NA
"D","DISPATCH","UNIT_SCADA",1,"2018/06/01 07:55:00","HUGSF1","-0.0130",NA,NA,NA
"D","DISPATCH","UNIT_SCADA",1,"2018/06/01 07:55:00","INVICTA","0",NA,NA,NA
"D","DISPATCH","UNIT_SCADA",1,"2018/06/01 07:55:00","LKBONNY1","11.878145",NA,NA,NA
"D","DISPATCH","UNIT_SCADA",1,"2018/06/01 07:55:00","LRSF1","4.5570",NA,NA,NA
"D","DISPATCH","UNIT_SCADA",1,"2018/06/01 07:55:00","MBAHNTH","34.106247",NA,NA,NA
"D","DISPATCH","UNIT_SCADA",1,"2018/06/01 07:55:00","MLSP1","0.770001",NA,NA,NA
"D","DISPATCH","UNIT_SCADA",1,"2018/06/01 07:55:00","MLWF1","4.9350",NA,NA,NA
"D","DISPATCH","UNIT_SCADA",1,"2018/06/01 07:55:00","MTMILLAR","48.986153",NA,NA,NA
"D","DISPATCH","UNIT_SCADA",1,"2018/06/01 07:55:00","PALOONA","12.84",NA,NA,NA
"D","DISPATCH","UNIT_SCADA",1,"2018/06/01 07:55:00","PIONEER","-0.90",NA,NA,NA
"D","DISPATCH","UNIT_SCADA",1,"2018/06/01 07:55:00","PORTWF","18.700001",NA,NA,NA
"D","DISPATCH","UNIT_SCADA",1,"2018/06/01 07:55:00","REPULSE","0",NA,NA,NA
"D","DISPATCH","UNIT_SCADA",1,"2018/06/01 07:55:00","ROWALLAN","6.5178",NA,NA,NA
"D","DISPATCH","UNIT_SCADA",1,"2018/06/01 07:55:00","ROYALLA1","1.2410",NA,NA,NA
"D","DISPATCH","UNIT_SCADA",1,"2018/06/01 07:55:00","RPCG","-0.30",NA,NA,NA
"D","DISPATCH","UNIT_SCADA",1,"2018/06/01 07:55:00","RUBICON","0",NA,NA,NA
"D","DISPATCH","UNIT_SCADA",1,"2018/06/01 07:55:00","SMCSF1","16.781429",NA,NA,NA
"D","DISPATCH","UNIT_SCADA",1,"2018/06/01 07:55:00","STARHLWF","12.696298",NA,NA,NA
"D","DISPATCH","UNIT_SCADA",1,"2018/06/01 07:55:00","WAUBRAWF","36.903999",NA,NA,NA
"D","DISPATCH","UNIT_SCADA",1,"2018/06/01 07:55:00","WOOLNTH1","-0.769985",NA,NA,NA
"D","DISPATCH","UNIT_SCADA",1,"2018/06/01 07:55:00","WPWF","36",NA,NA,NA
"D","DISPATCH","UNIT_SCADA",1,"2018/06/01 07:55:00","YAMBUKWF","3.70",NA,NA,NA
"D","DISPATCH","UNIT_SCADA",1,"2018/06/01 07:55:00","YSWF1","1.90",NA,NA,NA
"D","DISPATCH","UNIT_SCADA",1,"2018/06/01 07:40:00","CLOVER","12.97",NA,NA,NA
"D","DISPATCH","UNIT_SCADA",1,"2018/06/01 07:40:00","CLUNY","8.986496",NA,NA,NA
"D","DISPATCH","UNIT_SCADA",1,"2018/06/01 07:40:00","CNUNDAWF","4.004672",NA,NA,NA
"D","DISPATCH","UNIT_SCADA",1,"2018/06/01 07:40:00","CULLRGWF","1.07",NA,NA,NA
"D","DISPATCH","UNIT_SCADA",1,"2018/06/01 07:40:00","ERGT01","0",NA,NA,NA
"D","DISPATCH","UNIT_SCADA",1,"2018/06/01 07:40:00","GB01","0.063976",NA,NA,NA
"D","DISPATCH","UNIT_SCADA",1,"2018/06/01 07:40:00","GERMCRK","35.200001",NA,NA,NA
"D","DISPATCH","UNIT_SCADA",1,"2018/06/01 07:40:00","GRIFSF1","1.50",NA,NA,NA
"D","DISPATCH","UNIT_SCADA",1,"2018/06/01 07:40:00","HUGSF1","-0.0130",NA,NA,NA
"D","DISPATCH","UNIT_SCADA",1,"2018/06/01 07:40:00","INVICTA","0",NA,NA,NA
"D","DISPATCH","UNIT_SCADA",1,"2018/06/01 07:40:00","LKBONNY1","10.895742",NA,NA,NA
"D","DISPATCH","UNIT_SCADA",1,"2018/06/01 07:40:00","LRSF1","0.9870",NA,NA,NA
"D","DISPATCH","UNIT_SCADA",1,"2018/06/01 07:40:00","MBAHNTH","43.912506",NA,NA,NA
"D","DISPATCH","UNIT_SCADA",1,"2018/06/01 07:40:00","MLSP1","0.370001",NA,NA,NA
"D","DISPATCH","UNIT_SCADA",1,"2018/06/01 07:40:00","MLWF1","5.0250",NA,NA,NA
"D","DISPATCH","UNIT_SCADA",1,"2018/06/01 07:40:00","MTMILLAR","48.904301",NA,NA,NA
"D","DISPATCH","UNIT_SCADA",1,"2018/06/01 07:40:00","PALOONA","12.809999",NA,NA,NA
"D","DISPATCH","UNIT_SCADA",1,"2018/06/01 07:40:00","PIONEER","-0.90",NA,NA,NA
"D","DISPATCH","UNIT_SCADA",1,"2018/06/01 07:40:00","PORTWF","27.200001",NA,NA,NA
"D","DISPATCH","UNIT_SCADA",1,"2018/06/01 07:40:00","REPULSE","0",NA,NA,NA
"D","DISPATCH","UNIT_SCADA",1,"2018/06/01 07:40:00","ROWALLAN","6.4610",NA,NA,NA
"D","DISPATCH","UNIT_SCADA",1,"2018/06/01 07:40:00","ROYALLA1","1.8010",NA,NA,NA
"D","DISPATCH","UNIT_SCADA",1,"2018/06/01 07:40:00","RPCG","-0.30",NA,NA,NA
"D","DISPATCH","UNIT_SCADA",1,"2018/06/01 07:40:00","RUBICON","0",NA,NA,NA
"D","DISPATCH","UNIT_SCADA",1,"2018/06/01 07:40:00","SMCSF1","11.748904",NA,NA,NA
"D","DISPATCH","UNIT_SCADA",1,"2018/06/01 07:40:00","STARHLWF","13.895947",NA,NA,NA
"D","DISPATCH","UNIT_SCADA",1,"2018/06/01 07:40:00","WAUBRAWF","37.282001",NA,NA,NA
"D","DISPATCH","UNIT_SCADA",1,"2018/06/01 07:40:00","WOOLNTH1","-0.629985",NA,NA,NA
"D","DISPATCH","UNIT_SCADA",1,"2018/06/01 07:40:00","WPWF","35",NA,NA,NA
"D","DISPATCH","UNIT_SCADA",1,"2018/06/01 07:40:00","YAMBUKWF","4.60",NA,NA,NA
"D","DISPATCH","UNIT_SCADA",1,"2018/06/01 07:40:00","YSWF1","2.10",NA,NA,NA
"D","DISPATCH","UNIT_SCADA",1,"2018/06/01 07:45:00","BARCSF1","5.20",NA,NA,NA
"D","DISPATCH","UNIT_SCADA",1,"2018/06/01 07:45:00","BUTLERSG","9.199999",NA,NA,NA
"D","DISPATCH","UNIT_SCADA",1,"2018/06/01 07:45:00","CALL_A_4","0",NA,NA,NA
"D","DISPATCH","UNIT_SCADA",1,"2018/06/01 07:45:00","CAPTL_WF","7.272003",NA,NA,NA
"D","DISPATCH","UNIT_SCADA",1,"2018/06/01 07:45:00","CATHROCK","40.779999",NA,NA,NA
"D","DISPATCH","UNIT_SCADA",1,"2018/06/01 07:45:00","CHALLHWF","6.10",NA,NA,NA
"D","DISPATCH","UNIT_SCADA",1,"2018/06/01 07:45:00","CLOVER","12.32",NA,NA,NA
"D","DISPATCH","UNIT_SCADA",1,"2018/06/01 07:45:00","CLUNY","9.0103",NA,NA,NA
"D","DISPATCH","UNIT_SCADA",1,"2018/06/01 07:45:00","CNUNDAWF","2.903387",NA,NA,NA
"D","DISPATCH","UNIT_SCADA",1,"2018/06/01 07:45:00","CULLRGWF","0.43",NA,NA,NA
"D","DISPATCH","UNIT_SCADA",1,"2018/06/01 07:45:00","ERGT01","0",NA,NA,NA
"D","DISPATCH","UNIT_SCADA",1,"2018/06/01 07:45:00","GB01","0.063976",NA,NA,NA
"D","DISPATCH","UNIT_SCADA",1,"2018/06/01 07:45:00","GERMCRK","35.400002",NA,NA,NA
"D","DISPATCH","UNIT_SCADA",1,"2018/06/01 07:45:00","GRIFSF1","2.50",NA,NA,NA
"D","DISPATCH","UNIT_SCADA",1,"2018/06/01 07:45:00","HUGSF1","-0.0130",NA,NA,NA
"D","DISPATCH","UNIT_SCADA",1,"2018/06/01 07:45:00","INVICTA","0",NA,NA,NA
"D","DISPATCH","UNIT_SCADA",1,"2018/06/01 07:45:00","LKBONNY1","9.377483",NA,NA,NA
"D","DISPATCH","UNIT_SCADA",1,"2018/06/01 07:45:00","LRSF1","3.1870",NA,NA,NA
"D","DISPATCH","UNIT_SCADA",1,"2018/06/01 07:45:00","MBAHNTH","44.587494",NA,NA,NA
"D","DISPATCH","UNIT_SCADA",1,"2018/06/01 07:45:00","MLSP1","0.370001",NA,NA,NA
"D","DISPATCH","UNIT_SCADA",1,"2018/06/01 07:45:00","MLWF1","6.18",NA,NA,NA
"D","DISPATCH","UNIT_SCADA",1,"2018/06/01 07:45:00","MTMILLAR","49.015919",NA,NA,NA
"D","DISPATCH","UNIT_SCADA",1,"2018/06/01 07:45:00","PALOONA","12.719999",NA,NA,NA
"D","DISPATCH","UNIT_SCADA",1,"2018/06/01 07:45:00","PIONEER","-0.90",NA,NA,NA
"D","DISPATCH","UNIT_SCADA",1,"2018/06/01 07:45:00","PORTWF","25.700001",NA,NA,NA
"D","DISPATCH","UNIT_SCADA",1,"2018/06/01 07:45:00","REPULSE","0",NA,NA,NA
"D","DISPATCH","UNIT_SCADA",1,"2018/06/01 07:45:00","ROWALLAN","6.7379",NA,NA,NA
"D","DISPATCH","UNIT_SCADA",1,"2018/06/01 07:45:00","ROYALLA1","2.3770",NA,NA,NA
"D","DISPATCH","UNIT_SCADA",1,"2018/06/01 07:45:00","RPCG","-0.30",NA,NA,NA
"D","DISPATCH","UNIT_SCADA",1,"2018/06/01 07:45:00","RUBICON","0",NA,NA,NA
"D","DISPATCH","UNIT_SCADA",1,"2018/06/01 07:45:00","SMCSF1","13.4562",NA,NA,NA
"D","DISPATCH","UNIT_SCADA",1,"2018/06/01 07:45:00","STARHLWF","12.996210",NA,NA,NA
"D","DISPATCH","UNIT_SCADA",1,"2018/06/01 07:45:00","WAUBRAWF","37.987999",NA,NA,NA
"D","DISPATCH","UNIT_SCADA",1,"2018/06/01 07:45:00","WOOLNTH1","-0.599985",NA,NA,NA
"D","DISPATCH","UNIT_SCADA",1,"2018/06/01 07:45:00","WPWF","35",NA,NA,NA
"D","DISPATCH","UNIT_SCADA",1,"2018/06/01 07:45:00","YAMBUKWF","5.30",NA,NA,NA
"D","DISPATCH","UNIT_SCADA",1,"2018/06/01 07:45:00","YSWF1","1.60",NA,NA,NA
"D","DISPATCH","UNIT_SCADA",1,"2018/06/01 07:50:00","BARCSF1","5.20",NA,NA,NA
"D","DISPATCH","UNIT_SCADA",1,"2018/06/01 07:50:00","BUTLERSG","9.199999",NA,NA,NA
"D","DISPATCH","UNIT_SCADA",1,"2018/06/01 07:50:00","CALL_A_4","0",NA,NA,NA
"D","DISPATCH","UNIT_SCADA",1,"2018/06/01 07:50:00","CAPTL_WF","6.82",NA,NA,NA
"D","DISPATCH","UNIT_SCADA",1,"2018/06/01 07:50:00","CATHROCK","41.059998",NA,NA,NA
"D","DISPATCH","UNIT_SCADA",1,"2018/06/01 07:50:00","CHALLHWF","6.40",NA,NA,NA
"D","DISPATCH","UNIT_SCADA",1,"2018/06/01 07:50:00","CLOVER","12.320001",NA,NA,NA
"D","DISPATCH","UNIT_SCADA",1,"2018/06/01 07:50:00","CLUNY","8.981918",NA,NA,NA
"D","DISPATCH","UNIT_SCADA",1,"2018/06/01 07:50:00","CNUNDAWF","2.502920",NA,NA,NA
"D","DISPATCH","UNIT_SCADA",1,"2018/06/01 07:50:00","CULLRGWF","0.43",NA,NA,NA
"D","DISPATCH","UNIT_SCADA",1,"2018/06/01 07:50:00","ERGT01","0",NA,NA,NA
"D","DISPATCH","UNIT_SCADA",1,"2018/06/01 07:50:00","GB01","0.063976",NA,NA,NA
"D","DISPATCH","UNIT_SCADA",1,"2018/06/01 07:50:00","GERMCRK","35.50",NA,NA,NA
"D","DISPATCH","UNIT_SCADA",1,"2018/06/01 07:50:00","GRIFSF1","3.699997",NA,NA,NA
"D","DISPATCH","UNIT_SCADA",1,"2018/06/01 07:50:00","HUGSF1","-0.0130",NA,NA,NA
"D","DISPATCH","UNIT_SCADA",1,"2018/06/01 07:50:00","INVICTA","0",NA,NA,NA
"D","DISPATCH","UNIT_SCADA",1,"2018/06/01 07:50:00","LKBONNY1","9.824030",NA,NA,NA
"D","DISPATCH","UNIT_SCADA",1,"2018/06/01 07:50:00","LRSF1","3.8510",NA,NA,NA
"D","DISPATCH","UNIT_SCADA",1,"2018/06/01 07:50:00","MBAHNTH","46.106247",NA,NA,NA
"D","DISPATCH","UNIT_SCADA",1,"2018/06/01 07:50:00","MLSP1","0.370001",NA,NA,NA
"D","DISPATCH","UNIT_SCADA",1,"2018/06/01 07:50:00","MLWF1","5.6550",NA,NA,NA
"D","DISPATCH","UNIT_SCADA",1,"2018/06/01 07:50:00","MTMILLAR","49.068008",NA,NA,NA
"D","DISPATCH","UNIT_SCADA",1,"2018/06/01 07:50:00","PALOONA","12.84",NA,NA,NA
"D","DISPATCH","UNIT_SCADA",1,"2018/06/01 07:50:00","PIONEER","-0.90",NA,NA,NA
"D","DISPATCH","UNIT_SCADA",1,"2018/06/01 07:50:00","PORTWF","23.90",NA,NA,NA
"D","DISPATCH","UNIT_SCADA",1,"2018/06/01 07:50:00","REPULSE","0",NA,NA,NA
"D","DISPATCH","UNIT_SCADA",1,"2018/06/01 07:50:00","ROWALLAN","6.6314",NA,NA,NA
"D","DISPATCH","UNIT_SCADA",1,"2018/06/01 07:50:00","ROYALLA1","1.1390",NA,NA,NA
"D","DISPATCH","UNIT_SCADA",1,"2018/06/01 07:50:00","RPCG","-0.30",NA,NA,NA
"D","DISPATCH","UNIT_SCADA",1,"2018/06/01 07:50:00","RUBICON","0",NA,NA,NA
"D","DISPATCH","UNIT_SCADA",1,"2018/06/01 07:50:00","SMCSF1","15.111380",NA,NA,NA
"D","DISPATCH","UNIT_SCADA",1,"2018/06/01 07:50:00","STARHLWF","14.895657",NA,NA,NA
"D","DISPATCH","UNIT_SCADA",1,"2018/06/01 07:50:00","WAUBRAWF","37.192001",NA,NA,NA
"D","DISPATCH","UNIT_SCADA",1,"2018/06/01 07:50:00","WOOLNTH1","-0.709985",NA,NA,NA
"D","DISPATCH","UNIT_SCADA",1,"2018/06/01 07:50:00","WPWF","34",NA,NA,NA
"D","DISPATCH","UNIT_SCADA",1,"2018/06/01 07:50:00","YAMBUKWF","5.50",NA,NA,NA
"D","DISPATCH","UNIT_SCADA",1,"2018/06/01 07:50:00","YSWF1","1.50",NA,NA,NA
"D","DISPATCH","UNIT_SCADA",1,"2018/06/01 08:00:00","BARCSF1","7.40",NA,NA,NA
"D","DISPATCH","UNIT_SCADA",1,"2018/06/01 08:00:00","BUTLERSG","9.199999",NA,NA,NA
"D","DISPATCH","UNIT_SCADA",1,"2018/06/01 08:00:00","CALL_A_4","0",NA,NA,NA
"D","DISPATCH","UNIT_SCADA",1,"2018/06/01 08:00:00","CAPTL_WF","0",NA,NA,NA
"D","DISPATCH","UNIT_SCADA",1,"2018/06/01 08:00:00","CATHROCK","39.319996",NA,NA,NA
"D","DISPATCH","UNIT_SCADA",1,"2018/06/01 08:00:00","CHALLHWF","8.20",NA,NA,NA
"D","DISPATCH","UNIT_SCADA",1,"2018/06/01 08:00:00","CLOVER","12.45",NA,NA,NA
"D","DISPATCH","UNIT_SCADA",1,"2018/06/01 08:00:00","CLUNY","9.029526",NA,NA,NA
"D","DISPATCH","UNIT_SCADA",1,"2018/06/01 08:00:00","CNUNDAWF","4.905723",NA,NA,NA
"D","DISPATCH","UNIT_SCADA",1,"2018/06/01 08:00:00","CULLRGWF","0.77",NA,NA,NA
"D","DISPATCH","UNIT_SCADA",1,"2018/06/01 08:00:00","ERGT01","0",NA,NA,NA
"D","DISPATCH","UNIT_SCADA",1,"2018/06/01 08:00:00","GB01","0.063976",NA,NA,NA
"D","DISPATCH","UNIT_SCADA",1,"2018/06/01 08:00:00","GERMCRK","35.400002",NA,NA,NA
"D","DISPATCH","UNIT_SCADA",1,"2018/06/01 08:00:00","GRIFSF1","6.099998",NA,NA,NA
"D","DISPATCH","UNIT_SCADA",1,"2018/06/01 08:00:00","HUGSF1","-0.0130",NA,NA,NA
"D","DISPATCH","UNIT_SCADA",1,"2018/06/01 08:00:00","INVICTA","0",NA,NA,NA
"D","DISPATCH","UNIT_SCADA",1,"2018/06/01 08:00:00","LKBONNY1","12.324692",NA,NA,NA
"D","DISPATCH","UNIT_SCADA",1,"2018/06/01 08:00:00","LRSF1","5.2440",NA,NA,NA
"D","DISPATCH","UNIT_SCADA",1,"2018/06/01 08:00:00","MBAHNTH","52.218750",NA,NA,NA
"D","DISPATCH","UNIT_SCADA",1,"2018/06/01 08:00:00","MLSP1","0.770001",NA,NA,NA
"D","DISPATCH","UNIT_SCADA",1,"2018/06/01 08:00:00","MLWF1","5.25",NA,NA,NA
"D","DISPATCH","UNIT_SCADA",1,"2018/06/01 08:00:00","MTMILLAR","49.082890",NA,NA,NA
"D","DISPATCH","UNIT_SCADA",1,"2018/06/01 08:00:00","PALOONA","12.639999",NA,NA,NA
"D","DISPATCH","UNIT_SCADA",1,"2018/06/01 08:00:00","PIONEER","-0.90",NA,NA,NA
"D","DISPATCH","UNIT_SCADA",1,"2018/06/01 08:00:00","PORTWF","15.10",NA,NA,NA
"D","DISPATCH","UNIT_SCADA",1,"2018/06/01 08:00:00","REPULSE","0",NA,NA,NA
"D","DISPATCH","UNIT_SCADA",1,"2018/06/01 08:00:00","ROWALLAN","6.6669",NA,NA,NA
"D","DISPATCH","UNIT_SCADA",1,"2018/06/01 08:00:00","ROYALLA1","1.4110",NA,NA,NA
"D","DISPATCH","UNIT_SCADA",1,"2018/06/01 08:00:00","RPCG","-0.30",NA,NA,NA
"D","DISPATCH","UNIT_SCADA",1,"2018/06/01 08:00:00","RUBICON","0",NA,NA,NA
"D","DISPATCH","UNIT_SCADA",1,"2018/06/01 08:00:00","SMCSF1","18.341484",NA,NA,NA
"D","DISPATCH","UNIT_SCADA",1,"2018/06/01 08:00:00","STARHLWF","15.495481",NA,NA,NA
"D","DISPATCH","UNIT_SCADA",1,"2018/06/01 08:00:00","WAUBRAWF","39.126999",NA,NA,NA
"D","DISPATCH","UNIT_SCADA",1,"2018/06/01 08:00:00","WOOLNTH1","-0.759985",NA,NA,NA
"D","DISPATCH","UNIT_SCADA",1,"2018/06/01 08:00:00","WPWF","37",NA,NA,NA
"D","DISPATCH","UNIT_SCADA",1,"2018/06/01 08:00:00","YAMBUKWF","2.40",NA,NA,NA
"D","DISPATCH","UNIT_SCADA",1,"2018/06/01 08:00:00","YSWF1","2.70",NA,NA,NA
"D","DISPATCH","UNIT_SCADA",1,"2018/06/01 08:05:00","BARCSF1","10.40",NA,NA,NA
"D","DISPATCH","UNIT_SCADA",1,"2018/06/01 08:05:00","BUTLERSG","9.199999",NA,NA,NA
"D","DISPATCH","UNIT_SCADA",1,"2018/06/01 08:05:00","CALL_A_4","0",NA,NA,NA
"D","DISPATCH","UNIT_SCADA",1,"2018/06/01 08:05:00","CAPTL_WF","6.360001",NA,NA,NA
"D","DISPATCH","UNIT_SCADA",1,"2018/06/01 08:05:00","CATHROCK","39.73",NA,NA,NA
"D","DISPATCH","UNIT_SCADA",1,"2018/06/01 08:05:00","CHALLHWF","8.30",NA,NA,NA
"D","DISPATCH","UNIT_SCADA",1,"2018/06/01 08:05:00","CLOVER","12.400001",NA,NA,NA
"D","DISPATCH","UNIT_SCADA",1,"2018/06/01 08:05:00","CLUNY","9.029526",NA,NA,NA
"D","DISPATCH","UNIT_SCADA",1,"2018/06/01 08:05:00","CNUNDAWF","4.905723",NA,NA,NA
"D","DISPATCH","UNIT_SCADA",1,"2018/06/01 08:05:00","CULLRGWF","1.14",NA,NA,NA
"D","DISPATCH","UNIT_SCADA",1,"2018/06/01 08:05:00","ERGT01","0",NA,NA,NA
"D","DISPATCH","UNIT_SCADA",1,"2018/06/01 08:05:00","GB01","0.063976",NA,NA,NA
"D","DISPATCH","UNIT_SCADA",1,"2018/06/01 08:05:00","GERMCRK","35.599998",NA,NA,NA
"D","DISPATCH","UNIT_SCADA",1,"2018/06/01 08:05:00","GRIFSF1","7.400002",NA,NA,NA
"D","DISPATCH","UNIT_SCADA",1,"2018/06/01 08:05:00","HUGSF1","-0.0130",NA,NA,NA
"D","DISPATCH","UNIT_SCADA",1,"2018/06/01 08:05:00","INVICTA","0",NA,NA,NA
"D","DISPATCH","UNIT_SCADA",1,"2018/06/01 08:05:00","LKBONNY1","13.575024",NA,NA,NA
"D","DISPATCH","UNIT_SCADA",1,"2018/06/01 08:05:00","LRSF1","5.8960",NA,NA,NA
"D","DISPATCH","UNIT_SCADA",1,"2018/06/01 08:05:00","MBAHNTH","55.668747",NA,NA,NA
"D","DISPATCH","UNIT_SCADA",1,"2018/06/01 08:05:00","MLSP1","0.770001",NA,NA,NA
"D","DISPATCH","UNIT_SCADA",1,"2018/06/01 08:05:00","MLWF1","5.1750",NA,NA,NA
"D","DISPATCH","UNIT_SCADA",1,"2018/06/01 08:05:00","MTMILLAR","49.127537",NA,NA,NA
"D","DISPATCH","UNIT_SCADA",1,"2018/06/01 08:05:00","PALOONA","12.69",NA,NA,NA
"D","DISPATCH","UNIT_SCADA",1,"2018/06/01 08:05:00","PIONEER","-0.90",NA,NA,NA
"D","DISPATCH","UNIT_SCADA",1,"2018/06/01 08:05:00","PORTWF","11.20",NA,NA,NA
"D","DISPATCH","UNIT_SCADA",1,"2018/06/01 08:05:00","REPULSE","0",NA,NA,NA
"D","DISPATCH","UNIT_SCADA",1,"2018/06/01 08:05:00","ROWALLAN","6.5959",NA,NA,NA
"D","DISPATCH","UNIT_SCADA",1,"2018/06/01 08:05:00","ROYALLA1","1.6470",NA,NA,NA
"D","DISPATCH","UNIT_SCADA",1,"2018/06/01 08:05:00","RPCG","-0.30",NA,NA,NA
"D","DISPATCH","UNIT_SCADA",1,"2018/06/01 08:05:00","RUBICON","0",NA,NA,NA
"D","DISPATCH","UNIT_SCADA",1,"2018/06/01 08:05:00","SMCSF1","19.212236",NA,NA,NA
"D","DISPATCH","UNIT_SCADA",1,"2018/06/01 08:05:00","STARHLWF","14.795686",NA,NA,NA
"D","DISPATCH","UNIT_SCADA",1,"2018/06/01 08:05:00","WAUBRAWF","37.605999",NA,NA,NA
"D","DISPATCH","UNIT_SCADA",1,"2018/06/01 08:05:00","WOOLNTH1","-0.749985",NA,NA,NA
"D","DISPATCH","UNIT_SCADA",1,"2018/06/01 08:05:00","WPWF","35",NA,NA,NA
"D","DISPATCH","UNIT_SCADA",1,"2018/06/01 08:05:00","YAMBUKWF","1.80",NA,NA,NA
"D","DISPATCH","UNIT_SCADA",1,"2018/06/01 08:05:00","YSWF1","2.50",NA,NA,NA
"D","DISPATCH","UNIT_SCADA",1,"2018/06/01 08:10:00","BARCSF1","10.40",NA,NA,NA
"D","DISPATCH","UNIT_SCADA",1,"2018/06/01 08:10:00","BUTLERSG","9.199999",NA,NA,NA
"D","DISPATCH","UNIT_SCADA",1,"2018/06/01 08:10:00","CALL_A_4","0",NA,NA,NA
"D","DISPATCH","UNIT_SCADA",1,"2018/06/01 08:10:00","CAPTL_WF","8.3880",NA,NA,NA
"D","DISPATCH","UNIT_SCADA",1,"2018/06/01 08:10:00","CATHROCK","40.119999",NA,NA,NA
"D","DISPATCH","UNIT_SCADA",1,"2018/06/01 08:10:00","CHALLHWF","9.40",NA,NA,NA
"D","DISPATCH","UNIT_SCADA",1,"2018/06/01 08:10:00","CLOVER","12.46",NA,NA,NA
"D","DISPATCH","UNIT_SCADA",1,"2018/06/01 08:10:00","CLUNY","9.0103",NA,NA,NA
"D","DISPATCH","UNIT_SCADA",1,"2018/06/01 08:10:00","CNUNDAWF","4.905723",NA,NA,NA
"D","DISPATCH","UNIT_SCADA",1,"2018/06/01 08:10:00","CULLRGWF","0.98",NA,NA,NA
"D","DISPATCH","UNIT_SCADA",1,"2018/06/01 08:10:00","ERGT01","0",NA,NA,NA
"D","DISPATCH","UNIT_SCADA",1,"2018/06/01 08:10:00","GB01","0.063976",NA,NA,NA
"D","DISPATCH","UNIT_SCADA",1,"2018/06/01 08:10:00","GERMCRK","34.700001",NA,NA,NA
"D","DISPATCH","UNIT_SCADA",1,"2018/06/01 08:10:00","GRIFSF1","8.400002",NA,NA,NA
"D","DISPATCH","UNIT_SCADA",1,"2018/06/01 08:10:00","HUGSF1","-0.0130",NA,NA,NA
"D","DISPATCH","UNIT_SCADA",1,"2018/06/01 08:10:00","INVICTA","0",NA,NA,NA
"D","DISPATCH","UNIT_SCADA",1,"2018/06/01 08:10:00","LKBONNY1","14.110879",NA,NA,NA
"D","DISPATCH","UNIT_SCADA",1,"2018/06/01 08:10:00","LRSF1","6.4360",NA,NA,NA
"D","DISPATCH","UNIT_SCADA",1,"2018/06/01 08:10:00","MBAHNTH","55.668747",NA,NA,NA
"D","DISPATCH","UNIT_SCADA",1,"2018/06/01 08:10:00","MLSP1","0.770001",NA,NA,NA
"D","DISPATCH","UNIT_SCADA",1,"2018/06/01 08:10:00","MLWF1","5.28",NA,NA,NA
"D","DISPATCH","UNIT_SCADA",1,"2018/06/01 08:10:00","MTMILLAR","50.213970",NA,NA,NA
"D","DISPATCH","UNIT_SCADA",1,"2018/06/01 08:10:00","PALOONA","12.88",NA,NA,NA
"D","DISPATCH","UNIT_SCADA",1,"2018/06/01 08:10:00","PIONEER","-0.90",NA,NA,NA
"D","DISPATCH","UNIT_SCADA",1,"2018/06/01 08:10:00","PORTWF","9.40",NA,NA,NA
"D","DISPATCH","UNIT_SCADA",1,"2018/06/01 08:10:00","REPULSE","0",NA,NA,NA
"D","DISPATCH","UNIT_SCADA",1,"2018/06/01 08:10:00","ROWALLAN","6.4326",NA,NA,NA
"D","DISPATCH","UNIT_SCADA",1,"2018/06/01 08:10:00","ROYALLA1","2.2240",NA,NA,NA
"D","DISPATCH","UNIT_SCADA",1,"2018/06/01 08:10:00","RPCG","-0.30",NA,NA,NA
"D","DISPATCH","UNIT_SCADA",1,"2018/06/01 08:10:00","RUBICON","0",NA,NA,NA
"D","DISPATCH","UNIT_SCADA",1,"2018/06/01 08:10:00","SMCSF1","20.566425",NA,NA,NA
"D","DISPATCH","UNIT_SCADA",1,"2018/06/01 08:10:00","STARHLWF","14.095890",NA,NA,NA
"D","DISPATCH","UNIT_SCADA",1,"2018/06/01 08:10:00","WAUBRAWF","34.078999",NA,NA,NA
"D","DISPATCH","UNIT_SCADA",1,"2018/06/01 08:10:00","WOOLNTH1","-0.749985",NA,NA,NA
"D","DISPATCH","UNIT_SCADA",1,"2018/06/01 08:10:00","WPWF","38",NA,NA,NA
"D","DISPATCH","UNIT_SCADA",1,"2018/06/01 08:10:00","YAMBUKWF","1.30",NA,NA,NA
"D","DISPATCH","UNIT_SCADA",1,"2018/06/01 08:10:00","YSWF1","2",NA,NA,NA
"D","DISPATCH","UNIT_SCADA",1,"2018/06/01 08:15:00","BARCSF1","10.40",NA,NA,NA
"D","DISPATCH","UNIT_SCADA",1,"2018/06/01 08:15:00","BUTLERSG","9.199999",NA,NA,NA
"D","DISPATCH","UNIT_SCADA",1,"2018/06/01 08:15:00","CALL_A_4","0",NA,NA,NA
"D","DISPATCH","UNIT_SCADA",1,"2018/06/01 08:15:00","CAPTL_WF","7.272003",NA,NA,NA
"D","DISPATCH","UNIT_SCADA",1,"2018/06/01 08:15:00","CATHROCK","37.459999",NA,NA,NA
"D","DISPATCH","UNIT_SCADA",1,"2018/06/01 08:15:00","CHALLHWF","9.10",NA,NA,NA
"D","DISPATCH","UNIT_SCADA",1,"2018/06/01 08:15:00","CLOVER","12.38",NA,NA,NA
"D","DISPATCH","UNIT_SCADA",1,"2018/06/01 08:15:00","CLUNY","9.005722",NA,NA,NA
"D","DISPATCH","UNIT_SCADA",1,"2018/06/01 08:15:00","CNUNDAWF","5.406307",NA,NA,NA
"D","DISPATCH","UNIT_SCADA",1,"2018/06/01 08:15:00","CULLRGWF","1.21",NA,NA,NA
"D","DISPATCH","UNIT_SCADA",1,"2018/06/01 08:15:00","ERGT01","0",NA,NA,NA
"D","DISPATCH","UNIT_SCADA",1,"2018/06/01 08:15:00","GB01","0.063976",NA,NA,NA
"D","DISPATCH","UNIT_SCADA",1,"2018/06/01 08:15:00","GERMCRK","35.299999",NA,NA,NA
"D","DISPATCH","UNIT_SCADA",1,"2018/06/01 08:15:00","GRIFSF1","9.599998",NA,NA,NA
"D","DISPATCH","UNIT_SCADA",1,"2018/06/01 08:15:00","HUGSF1","-0.0130",NA,NA,NA
"D","DISPATCH","UNIT_SCADA",1,"2018/06/01 08:15:00","INVICTA","0",NA,NA,NA
"D","DISPATCH","UNIT_SCADA",1,"2018/06/01 08:15:00","LKBONNY1","15.003973",NA,NA,NA
"D","DISPATCH","UNIT_SCADA",1,"2018/06/01 08:15:00","LRSF1","7.0950",NA,NA,NA
"D","DISPATCH","UNIT_SCADA",1,"2018/06/01 08:15:00","MBAHNTH","55.668747",NA,NA,NA
"D","DISPATCH","UNIT_SCADA",1,"2018/06/01 08:15:00","MLSP1","1.170001",NA,NA,NA
"D","DISPATCH","UNIT_SCADA",1,"2018/06/01 08:15:00","MLWF1","4.6350",NA,NA,NA
"D","DISPATCH","UNIT_SCADA",1,"2018/06/01 08:15:00","MTMILLAR","53.889977",NA,NA,NA
"D","DISPATCH","UNIT_SCADA",1,"2018/06/01 08:15:00","PALOONA","12.799999",NA,NA,NA
"D","DISPATCH","UNIT_SCADA",1,"2018/06/01 08:15:00","PIONEER","-0.90",NA,NA,NA
"D","DISPATCH","UNIT_SCADA",1,"2018/06/01 08:15:00","PORTWF","7",NA,NA,NA
"D","DISPATCH","UNIT_SCADA",1,"2018/06/01 08:15:00","REPULSE","0",NA,NA,NA
"D","DISPATCH","UNIT_SCADA",1,"2018/06/01 08:15:00","ROWALLAN","6.3758",NA,NA,NA
"D","DISPATCH","UNIT_SCADA",1,"2018/06/01 08:15:00","ROYALLA1","2.391001",NA,NA,NA
"D","DISPATCH","UNIT_SCADA",1,"2018/06/01 08:15:00","RPCG","-0.30",NA,NA,NA
"D","DISPATCH","UNIT_SCADA",1,"2018/06/01 08:15:00","RUBICON","0",NA,NA,NA
"D","DISPATCH","UNIT_SCADA",1,"2018/06/01 08:15:00","SMCSF1","21.903574",NA,NA,NA
"D","DISPATCH","UNIT_SCADA",1,"2018/06/01 08:15:00","STARHLWF","15.095598",NA,NA,NA
"D","DISPATCH","UNIT_SCADA",1,"2018/06/01 08:15:00","WAUBRAWF","33.554001",NA,NA,NA
"D","DISPATCH","UNIT_SCADA",1,"2018/06/01 08:15:00","WOOLNTH1","-0.749985",NA,NA,NA
"D","DISPATCH","UNIT_SCADA",1,"2018/06/01 08:15:00","WPWF","36",NA,NA,NA
"D","DISPATCH","UNIT_SCADA",1,"2018/06/01 08:15:00","YAMBUKWF","0.70",NA,NA,NA
"D","DISPATCH","UNIT_SCADA",1,"2018/06/01 08:15:00","YSWF1","1",NA,NA,NA
"D","DISPATCH","UNIT_SCADA",1,"2018/06/01 08:20:00","BARCSF1","13.50",NA,NA,NA
"D","DISPATCH","UNIT_SCADA",1,"2018/06/01 08:20:00","BUTLERSG","9.199999",NA,NA,NA
"D","DISPATCH","UNIT_SCADA",1,"2018/06/01 08:20:00","CALL_A_4","0",NA,NA,NA
"D","DISPATCH","UNIT_SCADA",1,"2018/06/01 08:20:00","CAPTL_WF","0",NA,NA,NA
"D","DISPATCH","UNIT_SCADA",1,"2018/06/01 08:20:00","CATHROCK","37.359997",NA,NA,NA
"D","DISPATCH","UNIT_SCADA",1,"2018/06/01 08:20:00","CHALLHWF","8.700001",NA,NA,NA
"D","DISPATCH","UNIT_SCADA",1,"2018/06/01 08:20:00","CLOVER","12.43",NA,NA,NA
"D","DISPATCH","UNIT_SCADA",1,"2018/06/01 08:20:00","CLUNY","9.024948",NA,NA,NA
"D","DISPATCH","UNIT_SCADA",1,"2018/06/01 08:20:00","CNUNDAWF","5.906891",NA,NA,NA
"D","DISPATCH","UNIT_SCADA",1,"2018/06/01 08:20:00","CULLRGWF","1.05",NA,NA,NA
"D","DISPATCH","UNIT_SCADA",1,"2018/06/01 08:20:00","ERGT01","0",NA,NA,NA
"D","DISPATCH","UNIT_SCADA",1,"2018/06/01 08:20:00","GB01","0.063976",NA,NA,NA
"D","DISPATCH","UNIT_SCADA",1,"2018/06/01 08:20:00","GERMCRK","34.900002",NA,NA,NA
"D","DISPATCH","UNIT_SCADA",1,"2018/06/01 08:20:00","GRIFSF1","11",NA,NA,NA
"D","DISPATCH","UNIT_SCADA",1,"2018/06/01 08:20:00","HUGSF1","-0.0130",NA,NA,NA
"D","DISPATCH","UNIT_SCADA",1,"2018/06/01 08:20:00","INVICTA","0",NA,NA,NA
"D","DISPATCH","UNIT_SCADA",1,"2018/06/01 08:20:00","LKBONNY1","16.343613",NA,NA,NA
"D","DISPATCH","UNIT_SCADA",1,"2018/06/01 08:20:00","LRSF1","6.99",NA,NA,NA
"D","DISPATCH","UNIT_SCADA",1,"2018/06/01 08:20:00","MBAHNTH","55.668747",NA,NA,NA
"D","DISPATCH","UNIT_SCADA",1,"2018/06/01 08:20:00","MLSP1","1.170001",NA,NA,NA
"D","DISPATCH","UNIT_SCADA",1,"2018/06/01 08:35:00","CAPTL_WF","6.620003",NA,NA,NA
"D","DISPATCH","UNIT_SCADA",1,"2018/06/01 08:35:00","BARCSF1","15.700001",NA,NA,NA
"D","DISPATCH","UNIT_SCADA",1,"2018/06/01 08:35:00","BUTLERSG","9.199999",NA,NA,NA
"D","DISPATCH","UNIT_SCADA",1,"2018/06/01 08:35:00","CALL_A_4","0",NA,NA,NA
"D","DISPATCH","UNIT_SCADA",1,"2018/06/01 08:35:00","CATHROCK","36.809998",NA,NA,NA
"D","DISPATCH","UNIT_SCADA",1,"2018/06/01 08:35:00","CHALLHWF","10.10",NA,NA,NA
"D","DISPATCH","UNIT_SCADA",1,"2018/06/01 08:35:00","CLOVER","12.40",NA,NA,NA
"D","DISPATCH","UNIT_SCADA",1,"2018/06/01 08:35:00","CLUNY","9.038682",NA,NA,NA
"D","DISPATCH","UNIT_SCADA",1,"2018/06/01 08:35:00","CNUNDAWF","7.909226",NA,NA,NA
"D","DISPATCH","UNIT_SCADA",1,"2018/06/01 08:35:00","CULLRGWF","0.92",NA,NA,NA
"D","DISPATCH","UNIT_SCADA",1,"2018/06/01 08:35:00","ERGT01","0",NA,NA,NA
"D","DISPATCH","UNIT_SCADA",1,"2018/06/01 08:35:00","GB01","0.065929",NA,NA,NA
"D","DISPATCH","UNIT_SCADA",1,"2018/06/01 08:35:00","GERMCRK","35.799999",NA,NA,NA
"D","DISPATCH","UNIT_SCADA",1,"2018/06/01 08:35:00","GRIFSF1","15",NA,NA,NA
"D","DISPATCH","UNIT_SCADA",1,"2018/06/01 08:35:00","HUGSF1","-0.0130",NA,NA,NA
"D","DISPATCH","UNIT_SCADA",1,"2018/06/01 08:35:00","INVICTA","0",NA,NA,NA
"D","DISPATCH","UNIT_SCADA",1,"2018/06/01 08:35:00","LKBONNY1","19.112204",NA,NA,NA
"D","DISPATCH","UNIT_SCADA",1,"2018/06/01 08:35:00","LRSF1","6.9960",NA,NA,NA
"D","DISPATCH","UNIT_SCADA",1,"2018/06/01 08:35:00","MBAHNTH","55.349991",NA,NA,NA
"D","DISPATCH","UNIT_SCADA",1,"2018/06/01 08:35:00","MLSP1","1.170001",NA,NA,NA
"D","DISPATCH","UNIT_SCADA",1,"2018/06/01 08:35:00","MLWF1","5.16",NA,NA,NA
"D","DISPATCH","UNIT_SCADA",1,"2018/06/01 08:35:00","MTMILLAR","55.854485",NA,NA,NA
"D","DISPATCH","UNIT_SCADA",1,"2018/06/01 08:35:00","PALOONA","12.82",NA,NA,NA
"D","DISPATCH","UNIT_SCADA",1,"2018/06/01 08:35:00","PIONEER","-0.90",NA,NA,NA
"D","DISPATCH","UNIT_SCADA",1,"2018/06/01 08:35:00","PORTWF","4",NA,NA,NA
"D","DISPATCH","UNIT_SCADA",1,"2018/06/01 08:35:00","REPULSE","0",NA,NA,NA
"D","DISPATCH","UNIT_SCADA",1,"2018/06/01 08:35:00","ROWALLAN","6.4965",NA,NA,NA
"D","DISPATCH","UNIT_SCADA",1,"2018/06/01 08:35:00","ROYALLA1","2.4620",NA,NA,NA
"D","DISPATCH","UNIT_SCADA",1,"2018/06/01 08:35:00","RPCG","-0.30",NA,NA,NA
"D","DISPATCH","UNIT_SCADA",1,"2018/06/01 08:35:00","RUBICON","0",NA,NA,NA
"D","DISPATCH","UNIT_SCADA",1,"2018/06/01 08:35:00","SMCSF1","26.842915",NA,NA,NA
"D","DISPATCH","UNIT_SCADA",1,"2018/06/01 08:35:00","STARHLWF","18.594578",NA,NA,NA
"D","DISPATCH","UNIT_SCADA",1,"2018/06/01 08:35:00","WAUBRAWF","27.558001",NA,NA,NA
"D","DISPATCH","UNIT_SCADA",1,"2018/06/01 08:35:00","WOOLNTH1","-0.709985",NA,NA,NA
"D","DISPATCH","UNIT_SCADA",1,"2018/06/01 08:35:00","WPWF","30",NA,NA,NA
"D","DISPATCH","UNIT_SCADA",1,"2018/06/01 08:35:00","YAMBUKWF","0.70",NA,NA,NA
"D","DISPATCH","UNIT_SCADA",1,"2018/06/01 08:35:00","YSWF1","0.20",NA,NA,NA
"D","DISPATCH","UNIT_SCADA",1,"2018/06/01 08:20:00","MLWF1","4.4250",NA,NA,NA
"D","DISPATCH","UNIT_SCADA",1,"2018/06/01 08:20:00","MTMILLAR","53.949509",NA,NA,NA
"D","DISPATCH","UNIT_SCADA",1,"2018/06/01 08:20:00","PALOONA","12.799999",NA,NA,NA
"D","DISPATCH","UNIT_SCADA",1,"2018/06/01 08:20:00","PIONEER","-0.90",NA,NA,NA
"D","DISPATCH","UNIT_SCADA",1,"2018/06/01 08:20:00","PORTWF","6.10",NA,NA,NA
"D","DISPATCH","UNIT_SCADA",1,"2018/06/01 08:20:00","REPULSE","0",NA,NA,NA
"D","DISPATCH","UNIT_SCADA",1,"2018/06/01 08:20:00","ROWALLAN","6.6243",NA,NA,NA
"D","DISPATCH","UNIT_SCADA",1,"2018/06/01 08:20:00","ROYALLA1","3.2630",NA,NA,NA
"D","DISPATCH","UNIT_SCADA",1,"2018/06/01 08:20:00","RPCG","-0.30",NA,NA,NA
"D","DISPATCH","UNIT_SCADA",1,"2018/06/01 08:20:00","RUBICON","0",NA,NA,NA
"D","DISPATCH","UNIT_SCADA",1,"2018/06/01 08:20:00","SMCSF1","23.166838",NA,NA,NA
"D","DISPATCH","UNIT_SCADA",1,"2018/06/01 08:20:00","STARHLWF","16.895073",NA,NA,NA
"D","DISPATCH","UNIT_SCADA",1,"2018/06/01 08:20:00","WAUBRAWF","37.09",NA,NA,NA
"D","DISPATCH","UNIT_SCADA",1,"2018/06/01 08:20:00","WOOLNTH1","-0.689985",NA,NA,NA
"D","DISPATCH","UNIT_SCADA",1,"2018/06/01 08:20:00","WPWF","39",NA,NA,NA
"D","DISPATCH","UNIT_SCADA",1,"2018/06/01 08:20:00","YAMBUKWF","0.70",NA,NA,NA
"D","DISPATCH","UNIT_SCADA",1,"2018/06/01 08:20:00","YSWF1","0.50",NA,NA,NA
"D","DISPATCH","UNIT_SCADA",1,"2018/06/01 08:25:00","BARCSF1","13.50",NA,NA,NA
"D","DISPATCH","UNIT_SCADA",1,"2018/06/01 08:25:00","BUTLERSG","9.199999",NA,NA,NA
"D","DISPATCH","UNIT_SCADA",1,"2018/06/01 08:25:00","CALL_A_4","0",NA,NA,NA
"D","DISPATCH","UNIT_SCADA",1,"2018/06/01 08:25:00","CAPTL_WF","3.800003",NA,NA,NA
"D","DISPATCH","UNIT_SCADA",1,"2018/06/01 08:25:00","CATHROCK","36.73",NA,NA,NA
"D","DISPATCH","UNIT_SCADA",1,"2018/06/01 08:25:00","CHALLHWF","8.80",NA,NA,NA
"D","DISPATCH","UNIT_SCADA",1,"2018/06/01 08:25:00","CLOVER","12.24",NA,NA,NA
"D","DISPATCH","UNIT_SCADA",1,"2018/06/01 08:25:00","CLUNY","9.024948",NA,NA,NA
"D","DISPATCH","UNIT_SCADA",1,"2018/06/01 08:25:00","CNUNDAWF","6.207241",NA,NA,NA
"D","DISPATCH","UNIT_SCADA",1,"2018/06/01 08:25:00","CULLRGWF","0.58",NA,NA,NA
"D","DISPATCH","UNIT_SCADA",1,"2018/06/01 08:25:00","ERGT01","0",NA,NA,NA
"D","DISPATCH","UNIT_SCADA",1,"2018/06/01 08:25:00","GB01","0.065929",NA,NA,NA
"D","DISPATCH","UNIT_SCADA",1,"2018/06/01 08:25:00","GERMCRK","35.099998",NA,NA,NA
"D","DISPATCH","UNIT_SCADA",1,"2018/06/01 08:25:00","GRIFSF1","12.50",NA,NA,NA
"D","DISPATCH","UNIT_SCADA",1,"2018/06/01 08:25:00","HUGSF1","-0.0130",NA,NA,NA
"D","DISPATCH","UNIT_SCADA",1,"2018/06/01 08:25:00","INVICTA","0",NA,NA,NA
"D","DISPATCH","UNIT_SCADA",1,"2018/06/01 08:25:00","LKBONNY1","17.236708",NA,NA,NA
"D","DISPATCH","UNIT_SCADA",1,"2018/06/01 08:25:00","LRSF1","6.9960",NA,NA,NA
"D","DISPATCH","UNIT_SCADA",1,"2018/06/01 08:25:00","MBAHNTH","55.349991",NA,NA,NA
"D","DISPATCH","UNIT_SCADA",1,"2018/06/01 08:25:00","MLSP1","1.170001",NA,NA,NA
"D","DISPATCH","UNIT_SCADA",1,"2018/06/01 08:25:00","MLWF1","5.37",NA,NA,NA
"D","DISPATCH","UNIT_SCADA",1,"2018/06/01 08:25:00","MTMILLAR","55.876808",NA,NA,NA
"D","DISPATCH","UNIT_SCADA",1,"2018/06/01 08:25:00","PALOONA","12.799999",NA,NA,NA
"D","DISPATCH","UNIT_SCADA",1,"2018/06/01 08:25:00","PIONEER","-0.90",NA,NA,NA
"D","DISPATCH","UNIT_SCADA",1,"2018/06/01 08:25:00","PORTWF","5.50",NA,NA,NA
"D","DISPATCH","UNIT_SCADA",1,"2018/06/01 08:25:00","REPULSE","0",NA,NA,NA
"D","DISPATCH","UNIT_SCADA",1,"2018/06/01 08:25:00","ROWALLAN","6.3261",NA,NA,NA
"D","DISPATCH","UNIT_SCADA",1,"2018/06/01 08:25:00","ROYALLA1","2.5820",NA,NA,NA
"D","DISPATCH","UNIT_SCADA",1,"2018/06/01 08:25:00","RPCG","-0.30",NA,NA,NA
"D","DISPATCH","UNIT_SCADA",1,"2018/06/01 08:25:00","RUBICON","0",NA,NA,NA
"D","DISPATCH","UNIT_SCADA",1,"2018/06/01 08:25:00","SMCSF1","24.803007",NA,NA,NA
"D","DISPATCH","UNIT_SCADA",1,"2018/06/01 08:25:00","STARHLWF","18.494606",NA,NA,NA
"D","DISPATCH","UNIT_SCADA",1,"2018/06/01 08:25:00","WAUBRAWF","34.618999",NA,NA,NA
"D","DISPATCH","UNIT_SCADA",1,"2018/06/01 08:25:00","WOOLNTH1","-0.699985",NA,NA,NA
"D","DISPATCH","UNIT_SCADA",1,"2018/06/01 08:25:00","WPWF","38",NA,NA,NA
"D","DISPATCH","UNIT_SCADA",1,"2018/06/01 08:25:00","YAMBUKWF","0.40",NA,NA,NA
"D","DISPATCH","UNIT_SCADA",1,"2018/06/01 08:25:00","YSWF1","0.60",NA,NA,NA
"D","DISPATCH","UNIT_SCADA",1,"2018/06/01 08:30:00","BARCSF1","13.50",NA,NA,NA
"D","DISPATCH","UNIT_SCADA",1,"2018/06/01 08:30:00","BUTLERSG","9.199999",NA,NA,NA
"D","DISPATCH","UNIT_SCADA",1,"2018/06/01 08:30:00","CALL_A_4","0",NA,NA,NA
"D","DISPATCH","UNIT_SCADA",1,"2018/06/01 08:30:00","CAPTL_WF","0",NA,NA,NA
"D","DISPATCH","UNIT_SCADA",1,"2018/06/01 08:30:00","CATHROCK","36.789997",NA,NA,NA
"D","DISPATCH","UNIT_SCADA",1,"2018/06/01 08:30:00","CHALLHWF","9.90",NA,NA,NA
"D","DISPATCH","UNIT_SCADA",1,"2018/06/01 08:30:00","CLOVER","12.56",NA,NA,NA
"D","DISPATCH","UNIT_SCADA",1,"2018/06/01 08:30:00","CLUNY","8.943465",NA,NA,NA
"D","DISPATCH","UNIT_SCADA",1,"2018/06/01 08:30:00","CNUNDAWF","6.607708",NA,NA,NA
"D","DISPATCH","UNIT_SCADA",1,"2018/06/01 08:30:00","CULLRGWF","0.77",NA,NA,NA
"D","DISPATCH","UNIT_SCADA",1,"2018/06/01 08:30:00","ERGT01","0",NA,NA,NA
"D","DISPATCH","UNIT_SCADA",1,"2018/06/01 08:30:00","GB01","0.065929",NA,NA,NA
"D","DISPATCH","UNIT_SCADA",1,"2018/06/01 08:30:00","GERMCRK","35",NA,NA,NA
"D","DISPATCH","UNIT_SCADA",1,"2018/06/01 08:30:00","GRIFSF1","13.699997",NA,NA,NA
"D","DISPATCH","UNIT_SCADA",1,"2018/06/01 08:30:00","HUGSF1","-0.0130",NA,NA,NA
"D","DISPATCH","UNIT_SCADA",1,"2018/06/01 08:30:00","INVICTA","0",NA,NA,NA
"D","DISPATCH","UNIT_SCADA",1,"2018/06/01 08:30:00","LKBONNY1","18.665657",NA,NA,NA
"D","DISPATCH","UNIT_SCADA",1,"2018/06/01 08:30:00","LRSF1","6.9960",NA,NA,NA
"D","DISPATCH","UNIT_SCADA",1,"2018/06/01 08:30:00","MBAHNTH","55.349991",NA,NA,NA
"D","DISPATCH","UNIT_SCADA",1,"2018/06/01 08:30:00","MLSP1","1.170001",NA,NA,NA
"D","DISPATCH","UNIT_SCADA",1,"2018/06/01 08:30:00","MLWF1","4.8450",NA,NA,NA
"D","DISPATCH","UNIT_SCADA",1,"2018/06/01 08:30:00","MTMILLAR","55.906574",NA,NA,NA
"D","DISPATCH","UNIT_SCADA",1,"2018/06/01 08:30:00","PALOONA","12.799999",NA,NA,NA
"D","DISPATCH","UNIT_SCADA",1,"2018/06/01 08:30:00","PIONEER","-0.90",NA,NA,NA
"D","DISPATCH","UNIT_SCADA",1,"2018/06/01 08:30:00","PORTWF","4.90",NA,NA,NA
"D","DISPATCH","UNIT_SCADA",1,"2018/06/01 08:30:00","REPULSE","0",NA,NA,NA
"D","DISPATCH","UNIT_SCADA",1,"2018/06/01 08:30:00","ROWALLAN","6.2835",NA,NA,NA
"D","DISPATCH","UNIT_SCADA",1,"2018/06/01 08:30:00","ROYALLA1","3.33",NA,NA,NA
"D","DISPATCH","UNIT_SCADA",1,"2018/06/01 08:30:00","RPCG","-0.30",NA,NA,NA
"D","DISPATCH","UNIT_SCADA",1,"2018/06/01 08:30:00","RUBICON","0",NA,NA,NA
"D","DISPATCH","UNIT_SCADA",1,"2018/06/01 08:30:00","SMCSF1","26.009439",NA,NA,NA
"D","DISPATCH","UNIT_SCADA",1,"2018/06/01 08:30:00","STARHLWF","18.694548",NA,NA,NA
"D","DISPATCH","UNIT_SCADA",1,"2018/06/01 08:30:00","WAUBRAWF","32.000999",NA,NA,NA
"D","DISPATCH","UNIT_SCADA",1,"2018/06/01 08:30:00","WOOLNTH1","-0.649985",NA,NA,NA
"D","DISPATCH","UNIT_SCADA",1,"2018/06/01 08:30:00","WPWF","33",NA,NA,NA
"D","DISPATCH","UNIT_SCADA",1,"2018/06/01 08:30:00","YAMBUKWF","0.50",NA,NA,NA
"D","DISPATCH","UNIT_SCADA",1,"2018/06/01 08:30:00","YSWF1","0.40",NA,NA,NA
"D","DISPATCH","UNIT_SCADA",1,"2018/06/01 08:40:00","BARCSF1","15.700001",NA,NA,NA
"D","DISPATCH","UNIT_SCADA",1,"2018/06/01 08:40:00","BUTLERSG","9.199999",NA,NA,NA
"D","DISPATCH","UNIT_SCADA",1,"2018/06/01 08:40:00","CALL_A_4","0",NA,NA,NA
"D","DISPATCH","UNIT_SCADA",1,"2018/06/01 08:40:00","CAPTL_WF","0",NA,NA,NA
"D","DISPATCH","UNIT_SCADA",1,"2018/06/01 08:40:00","CATHROCK","37.32",NA,NA,NA
"D","DISPATCH","UNIT_SCADA",1,"2018/06/01 08:40:00","CHALLHWF","9.20",NA,NA,NA
"D","DISPATCH","UNIT_SCADA",1,"2018/06/01 08:40:00","CLOVER","12.70",NA,NA,NA
"D","DISPATCH","UNIT_SCADA",1,"2018/06/01 08:40:00","CLUNY","8.986496",NA,NA,NA
"D","DISPATCH","UNIT_SCADA",1,"2018/06/01 08:40:00","CNUNDAWF","9.310862",NA,NA,NA
"D","DISPATCH","UNIT_SCADA",1,"2018/06/01 08:40:00","CULLRGWF","1.73",NA,NA,NA
"D","DISPATCH","UNIT_SCADA",1,"2018/06/01 08:40:00","ERGT01","0",NA,NA,NA
"D","DISPATCH","UNIT_SCADA",1,"2018/06/01 08:40:00","GB01","0.065929",NA,NA,NA
"D","DISPATCH","UNIT_SCADA",1,"2018/06/01 08:40:00","GERMCRK","35.700001",NA,NA,NA
"D","DISPATCH","UNIT_SCADA",1,"2018/06/01 08:40:00","GRIFSF1","17.200005",NA,NA,NA
"D","DISPATCH","UNIT_SCADA",1,"2018/06/01 08:40:00","HUGSF1","-0.0130",NA,NA,NA
"D","DISPATCH","UNIT_SCADA",1,"2018/06/01 08:40:00","INVICTA","0",NA,NA,NA
"D","DISPATCH","UNIT_SCADA",1,"2018/06/01 08:40:00","LKBONNY1","21.255629",NA,NA,NA
"D","DISPATCH","UNIT_SCADA",1,"2018/06/01 08:40:00","LRSF1","6.9960",NA,NA,NA
"D","DISPATCH","UNIT_SCADA",1,"2018/06/01 08:40:00","MBAHNTH","55.349991",NA,NA,NA
"D","DISPATCH","UNIT_SCADA",1,"2018/06/01 08:40:00","MLSP1","1.170001",NA,NA,NA
"D","DISPATCH","UNIT_SCADA",1,"2018/06/01 08:40:00","MLWF1","6",NA,NA,NA
"D","DISPATCH","UNIT_SCADA",1,"2018/06/01 08:40:00","MTMILLAR","55.794952",NA,NA,NA
"D","DISPATCH","UNIT_SCADA",1,"2018/06/01 08:40:00","PALOONA","12.82",NA,NA,NA
"D","DISPATCH","UNIT_SCADA",1,"2018/06/01 08:40:00","PIONEER","-0.90",NA,NA,NA
"D","DISPATCH","UNIT_SCADA",1,"2018/06/01 08:40:00","PORTWF","3.10",NA,NA,NA
"D","DISPATCH","UNIT_SCADA",1,"2018/06/01 08:40:00","REPULSE","0",NA,NA,NA
"D","DISPATCH","UNIT_SCADA",1,"2018/06/01 08:40:00","ROWALLAN","6.6243",NA,NA,NA
"D","DISPATCH","UNIT_SCADA",1,"2018/06/01 08:40:00","ROYALLA1","2.4390",NA,NA,NA
"D","DISPATCH","UNIT_SCADA",1,"2018/06/01 08:40:00","RPCG","-0.30",NA,NA,NA
"D","DISPATCH","UNIT_SCADA",1,"2018/06/01 08:40:00","RUBICON","0",NA,NA,NA
"D","DISPATCH","UNIT_SCADA",1,"2018/06/01 08:40:00","SMCSF1","27.971327",NA,NA,NA
"D","DISPATCH","UNIT_SCADA",1,"2018/06/01 08:40:00","STARHLWF","19.194403",NA,NA,NA
"D","DISPATCH","UNIT_SCADA",1,"2018/06/01 08:40:00","WAUBRAWF","25.457001",NA,NA,NA
"D","DISPATCH","UNIT_SCADA",1,"2018/06/01 08:40:00","WOOLNTH1","-0.609985",NA,NA,NA
"D","DISPATCH","UNIT_SCADA",1,"2018/06/01 08:40:00","WPWF","26",NA,NA,NA
"D","DISPATCH","UNIT_SCADA",1,"2018/06/01 08:40:00","YAMBUKWF","0.80",NA,NA,NA
"D","DISPATCH","UNIT_SCADA",1,"2018/06/01 08:40:00","YSWF1","0.20",NA,NA,NA
"D","DISPATCH","UNIT_SCADA",1,"2018/06/01 08:45:00","BARCSF1","2.30",NA,NA,NA
"D","DISPATCH","UNIT_SCADA",1,"2018/06/01 08:45:00","BUTLERSG","9.199999",NA,NA,NA
"D","DISPATCH","UNIT_SCADA",1,"2018/06/01 08:45:00","CALL_A_4","0",NA,NA,NA
"D","DISPATCH","UNIT_SCADA",1,"2018/06/01 08:45:00","CAPTL_WF","0",NA,NA,NA
"D","DISPATCH","UNIT_SCADA",1,"2018/06/01 08:45:00","CATHROCK","36.779999",NA,NA,NA
"D","DISPATCH","UNIT_SCADA",1,"2018/06/01 08:45:00","CHALLHWF","9",NA,NA,NA
"D","DISPATCH","UNIT_SCADA",1,"2018/06/01 08:45:00","CLOVER","12.47",NA,NA,NA
"D","DISPATCH","UNIT_SCADA",1,"2018/06/01 08:45:00","CLUNY","9.038682",NA,NA,NA
"D","DISPATCH","UNIT_SCADA",1,"2018/06/01 08:45:00","CNUNDAWF","10.011679",NA,NA,NA
"D","DISPATCH","UNIT_SCADA",1,"2018/06/01 08:45:00","CULLRGWF","1.93",NA,NA,NA
"D","DISPATCH","UNIT_SCADA",1,"2018/06/01 08:45:00","ERGT01","0",NA,NA,NA
"D","DISPATCH","UNIT_SCADA",1,"2018/06/01 08:45:00","GB01","0.065929",NA,NA,NA
"D","DISPATCH","UNIT_SCADA",1,"2018/06/01 08:45:00","GERMCRK","35.099998",NA,NA,NA
"D","DISPATCH","UNIT_SCADA",1,"2018/06/01 08:45:00","GRIFSF1","18.599998",NA,NA,NA
"D","DISPATCH","UNIT_SCADA",1,"2018/06/01 08:45:00","HUGSF1","-0.0130",NA,NA,NA
"D","DISPATCH","UNIT_SCADA",1,"2018/06/01 08:45:00","INVICTA","0",NA,NA,NA
"D","DISPATCH","UNIT_SCADA",1,"2018/06/01 08:45:00","LKBONNY1","22.952507",NA,NA,NA
"D","DISPATCH","UNIT_SCADA",1,"2018/06/01 08:45:00","LRSF1","6.9960",NA,NA,NA
"D","DISPATCH","UNIT_SCADA",1,"2018/06/01 08:45:00","MBAHNTH","55.349991",NA,NA,NA
"D","DISPATCH","UNIT_SCADA",1,"2018/06/01 08:45:00","MLSP1","3.193001",NA,NA,NA
"D","DISPATCH","UNIT_SCADA",1,"2018/06/01 08:45:00","MLWF1","5.8950",NA,NA,NA
"D","DISPATCH","UNIT_SCADA",1,"2018/06/01 08:45:00","MTMILLAR","55.720539",NA,NA,NA
"D","DISPATCH","UNIT_SCADA",1,"2018/06/01 08:45:00","PALOONA","12.82",NA,NA,NA
"D","DISPATCH","UNIT_SCADA",1,"2018/06/01 08:45:00","PIONEER","-0.90",NA,NA,NA
"D","DISPATCH","UNIT_SCADA",1,"2018/06/01 08:45:00","PORTWF","2.20",NA,NA,NA
"D","DISPATCH","UNIT_SCADA",1,"2018/06/01 08:45:00","REPULSE","0",NA,NA,NA
"D","DISPATCH","UNIT_SCADA",1,"2018/06/01 08:45:00","ROWALLAN","6.6740",NA,NA,NA
"D","DISPATCH","UNIT_SCADA",1,"2018/06/01 08:45:00","ROYALLA1","9.137001",NA,NA,NA
"D","DISPATCH","UNIT_SCADA",1,"2018/06/01 08:45:00","RPCG","-0.30",NA,NA,NA
"D","DISPATCH","UNIT_SCADA",1,"2018/06/01 08:45:00","RUBICON","0",NA,NA,NA
"D","DISPATCH","UNIT_SCADA",1,"2018/06/01 08:45:00","SMCSF1","29.997879",NA,NA,NA
"D","DISPATCH","UNIT_SCADA",1,"2018/06/01 08:45:00","STARHLWF","21.793644",NA,NA,NA
"D","DISPATCH","UNIT_SCADA",1,"2018/06/01 08:45:00","WAUBRAWF","23.450001",NA,NA,NA
"D","DISPATCH","UNIT_SCADA",1,"2018/06/01 08:45:00","WOOLNTH1","-0.599985",NA,NA,NA
"D","DISPATCH","UNIT_SCADA",1,"2018/06/01 08:45:00","WPWF","26",NA,NA,NA
"D","DISPATCH","UNIT_SCADA",1,"2018/06/01 08:45:00","YAMBUKWF","1.20",NA,NA,NA
"D","DISPATCH","UNIT_SCADA",1,"2018/06/01 08:45:00","YSWF1","0",NA,NA,NA
"D","DISPATCH","UNIT_SCADA",1,"2018/06/01 08:50:00","BARCSF1","6.20",NA,NA,NA
"D","DISPATCH","UNIT_SCADA",1,"2018/06/01 08:50:00","BUTLERSG","9.199999",NA,NA,NA
"D","DISPATCH","UNIT_SCADA",1,"2018/06/01 08:50:00","CALL_A_4","0",NA,NA,NA
"D","DISPATCH","UNIT_SCADA",1,"2018/06/01 08:50:00","CAPTL_WF","0",NA,NA,NA
"D","DISPATCH","UNIT_SCADA",1,"2018/06/01 08:50:00","CATHROCK","38.009998",NA,NA,NA
"D","DISPATCH","UNIT_SCADA",1,"2018/06/01 08:50:00","CHALLHWF","9.30",NA,NA,NA
"D","DISPATCH","UNIT_SCADA",1,"2018/06/01 08:50:00","CLOVER","12.58",NA,NA,NA
"D","DISPATCH","UNIT_SCADA",1,"2018/06/01 08:50:00","CLUNY","9.091783",NA,NA,NA
"D","DISPATCH","UNIT_SCADA",1,"2018/06/01 08:50:00","CNUNDAWF","10.412146",NA,NA,NA
"D","DISPATCH","UNIT_SCADA",1,"2018/06/01 08:50:00","CULLRGWF","1.54",NA,NA,NA
"D","DISPATCH","UNIT_SCADA",1,"2018/06/01 08:50:00","ERGT01","0",NA,NA,NA
"D","DISPATCH","UNIT_SCADA",1,"2018/06/01 08:50:00","GB01","0.065929",NA,NA,NA
"D","DISPATCH","UNIT_SCADA",1,"2018/06/01 08:50:00","GERMCRK","35.700001",NA,NA,NA
"D","DISPATCH","UNIT_SCADA",1,"2018/06/01 08:50:00","GRIFSF1","19.700005",NA,NA,NA
"D","DISPATCH","UNIT_SCADA",1,"2018/06/01 08:50:00","HUGSF1","-0.0130",NA,NA,NA
"D","DISPATCH","UNIT_SCADA",1,"2018/06/01 08:50:00","INVICTA","0",NA,NA,NA
"D","DISPATCH","UNIT_SCADA",1,"2018/06/01 08:50:00","LKBONNY1","27.328665",NA,NA,NA
"D","DISPATCH","UNIT_SCADA",1,"2018/06/01 08:50:00","LRSF1","6.9960",NA,NA,NA
"D","DISPATCH","UNIT_SCADA",1,"2018/06/01 08:50:00","MBAHNTH","55.349991",NA,NA,NA
"D","DISPATCH","UNIT_SCADA",1,"2018/06/01 08:50:00","MLSP1","3.228001",NA,NA,NA
"D","DISPATCH","UNIT_SCADA",1,"2018/06/01 08:50:00","MLWF1","6",NA,NA,NA
"D","DISPATCH","UNIT_SCADA",1,"2018/06/01 08:50:00","MTMILLAR","53.547676",NA,NA,NA
"D","DISPATCH","UNIT_SCADA",1,"2018/06/01 08:50:00","PALOONA","12.82",NA,NA,NA
"D","DISPATCH","UNIT_SCADA",1,"2018/06/01 08:50:00","PIONEER","-0.90",NA,NA,NA
"D","DISPATCH","UNIT_SCADA",1,"2018/06/01 08:50:00","PORTWF","1.60",NA,NA,NA
"D","DISPATCH","UNIT_SCADA",1,"2018/06/01 08:50:00","REPULSE","0",NA,NA,NA
"D","DISPATCH","UNIT_SCADA",1,"2018/06/01 08:50:00","ROWALLAN","6.5675",NA,NA,NA
"D","DISPATCH","UNIT_SCADA",1,"2018/06/01 08:50:00","ROYALLA1","11.084001",NA,NA,NA
"D","DISPATCH","UNIT_SCADA",1,"2018/06/01 08:50:00","RPCG","-0.30",NA,NA,NA
"D","DISPATCH","UNIT_SCADA",1,"2018/06/01 08:50:00","RUBICON","0",NA,NA,NA
"D","DISPATCH","UNIT_SCADA",1,"2018/06/01 08:50:00","SMCSF1","30.904461",NA,NA,NA
"D","DISPATCH","UNIT_SCADA",1,"2018/06/01 08:50:00","STARHLWF","19.594286",NA,NA,NA
"D","DISPATCH","UNIT_SCADA",1,"2018/06/01 08:50:00","WAUBRAWF","21.125999",NA,NA,NA
"D","DISPATCH","UNIT_SCADA",1,"2018/06/01 08:50:00","WOOLNTH1","-0.599985",NA,NA,NA
"D","DISPATCH","UNIT_SCADA",1,"2018/06/01 08:50:00","WPWF","27",NA,NA,NA
"D","DISPATCH","UNIT_SCADA",1,"2018/06/01 08:50:00","YAMBUKWF","1.10",NA,NA,NA
"D","DISPATCH","UNIT_SCADA",1,"2018/06/01 08:50:00","YSWF1","0",NA,NA,NA
"D","DISPATCH","UNIT_SCADA",1,"2018/06/01 08:55:00","BARCSF1","16.50",NA,NA,NA
"D","DISPATCH","UNIT_SCADA",1,"2018/06/01 08:55:00","BUTLERSG","9.199999",NA,NA,NA
"D","DISPATCH","UNIT_SCADA",1,"2018/06/01 08:55:00","CALL_A_4","0",NA,NA,NA
"D","DISPATCH","UNIT_SCADA",1,"2018/06/01 08:55:00","CAPTL_WF","0",NA,NA,NA
"D","DISPATCH","UNIT_SCADA",1,"2018/06/01 08:55:00","CATHROCK","36.869999",NA,NA,NA
"D","DISPATCH","UNIT_SCADA",1,"2018/06/01 08:55:00","CHALLHWF","8.90",NA,NA,NA
"D","DISPATCH","UNIT_SCADA",1,"2018/06/01 08:55:00","CLOVER","12.33",NA,NA,NA
"D","DISPATCH","UNIT_SCADA",1,"2018/06/01 08:55:00","CLUNY","9.072556",NA,NA,NA
"D","DISPATCH","UNIT_SCADA",1,"2018/06/01 08:55:00","CNUNDAWF","13.816117",NA,NA,NA
"D","DISPATCH","UNIT_SCADA",1,"2018/06/01 08:55:00","CULLRGWF","1.51",NA,NA,NA
"D","DISPATCH","UNIT_SCADA",1,"2018/06/01 08:55:00","ERGT01","0",NA,NA,NA
"D","DISPATCH","UNIT_SCADA",1,"2018/06/01 08:55:00","GB01","0.065929",NA,NA,NA
"D","DISPATCH","UNIT_SCADA",1,"2018/06/01 08:55:00","GERMCRK","35.799999",NA,NA,NA
"D","DISPATCH","UNIT_SCADA",1,"2018/06/01 08:55:00","GRIFSF1","20.700005",NA,NA,NA
"D","DISPATCH","UNIT_SCADA",1,"2018/06/01 08:55:00","HUGSF1","-0.0130",NA,NA,NA
"D","DISPATCH","UNIT_SCADA",1,"2018/06/01 08:55:00","INVICTA","0",NA,NA,NA
"D","DISPATCH","UNIT_SCADA",1,"2018/06/01 08:55:00","LKBONNY1","31.079659",NA,NA,NA
"D","DISPATCH","UNIT_SCADA",1,"2018/06/01 08:55:00","LRSF1","6.9960",NA,NA,NA
"D","DISPATCH","UNIT_SCADA",1,"2018/06/01 08:55:00","MBAHNTH","55.349991",NA,NA,NA
"D","DISPATCH","UNIT_SCADA",1,"2018/06/01 08:55:00","MLSP1","6.971001",NA,NA,NA
"D","DISPATCH","UNIT_SCADA",1,"2018/06/01 08:55:00","MLWF1","6.6450",NA,NA,NA
"D","DISPATCH","UNIT_SCADA",1,"2018/06/01 08:55:00","MTMILLAR","53.503029",NA,NA,NA
"D","DISPATCH","UNIT_SCADA",1,"2018/06/01 08:55:00","PALOONA","12.75",NA,NA,NA
"D","DISPATCH","UNIT_SCADA",1,"2018/06/01 08:55:00","PIONEER","-0.90",NA,NA,NA
"D","DISPATCH","UNIT_SCADA",1,"2018/06/01 08:55:00","PORTWF","1.90",NA,NA,NA
"D","DISPATCH","UNIT_SCADA",1,"2018/06/01 08:55:00","REPULSE","0",NA,NA,NA
"D","DISPATCH","UNIT_SCADA",1,"2018/06/01 08:55:00","ROWALLAN","6.6740",NA,NA,NA
"D","DISPATCH","UNIT_SCADA",1,"2018/06/01 08:55:00","ROYALLA1","10.870001",NA,NA,NA
"D","DISPATCH","UNIT_SCADA",1,"2018/06/01 08:55:00","RPCG","-0.30",NA,NA,NA
"D","DISPATCH","UNIT_SCADA",1,"2018/06/01 08:55:00","RUBICON","0",NA,NA,NA
"D","DISPATCH","UNIT_SCADA",1,"2018/06/01 08:55:00","SMCSF1","28.308117",NA,NA,NA
"D","DISPATCH","UNIT_SCADA",1,"2018/06/01 08:55:00","STARHLWF","19.794228",NA,NA,NA
"D","DISPATCH","UNIT_SCADA",1,"2018/06/01 08:55:00","WAUBRAWF","21.0450",NA,NA,NA
"D","DISPATCH","UNIT_SCADA",1,"2018/06/01 08:55:00","WOOLNTH1","-0.659985",NA,NA,NA
"D","DISPATCH","UNIT_SCADA",1,"2018/06/01 08:55:00","WPWF","27",NA,NA,NA
"D","DISPATCH","UNIT_SCADA",1,"2018/06/01 08:55:00","YAMBUKWF","1.10",NA,NA,NA
"D","DISPATCH","UNIT_SCADA",1,"2018/06/01 08:55:00","YSWF1","0.10",NA,NA,NA
"D","DISPATCH","UNIT_SCADA",1,"2018/06/01 09:00:00","BARCSF1","16.50",NA,NA,NA
"D","DISPATCH","UNIT_SCADA",1,"2018/06/01 09:00:00","BUTLERSG","9.199999",NA,NA,NA
"D","DISPATCH","UNIT_SCADA",1,"2018/06/01 09:00:00","CALL_A_4","0",NA,NA,NA
"D","DISPATCH","UNIT_SCADA",1,"2018/06/01 09:00:00","CAPTL_WF","0",NA,NA,NA
"D","DISPATCH","UNIT_SCADA",1,"2018/06/01 09:00:00","CATHROCK","36.759998",NA,NA,NA
"D","DISPATCH","UNIT_SCADA",1,"2018/06/01 09:00:00","CHALLHWF","8",NA,NA,NA
"D","DISPATCH","UNIT_SCADA",1,"2018/06/01 09:00:00","CLOVER","12.80",NA,NA,NA
"D","DISPATCH","UNIT_SCADA",1,"2018/06/01 09:00:00","CLUNY","9.048753",NA,NA,NA
"D","DISPATCH","UNIT_SCADA",1,"2018/06/01 09:00:00","CNUNDAWF","14.717169",NA,NA,NA
"D","DISPATCH","UNIT_SCADA",1,"2018/06/01 09:00:00","CULLRGWF","1.54",NA,NA,NA
"D","DISPATCH","UNIT_SCADA",1,"2018/06/01 09:00:00","ERGT01","0",NA,NA,NA
"D","DISPATCH","UNIT_SCADA",1,"2018/06/01 09:00:00","GB01","0.065929",NA,NA,NA
"D","DISPATCH","UNIT_SCADA",1,"2018/06/01 09:00:00","GERMCRK","36.799999",NA,NA,NA
"D","DISPATCH","UNIT_SCADA",1,"2018/06/01 09:00:00","GRIFSF1","20.900002",NA,NA,NA
"D","DISPATCH","UNIT_SCADA",1,"2018/06/01 09:00:00","HUGSF1","-0.0130",NA,NA,NA
"D","DISPATCH","UNIT_SCADA",1,"2018/06/01 09:00:00","INVICTA","0",NA,NA,NA
"D","DISPATCH","UNIT_SCADA",1,"2018/06/01 09:00:00","LKBONNY1","30.633112",NA,NA,NA
"D","DISPATCH","UNIT_SCADA",1,"2018/06/01 09:00:00","LRSF1","6.9960",NA,NA,NA
"D","DISPATCH","UNIT_SCADA",1,"2018/06/01 09:00:00","MBAHNTH","55.349991",NA,NA,NA
"D","DISPATCH","UNIT_SCADA",1,"2018/06/01 09:00:00","MLSP1","3.287001",NA,NA,NA
"D","DISPATCH","UNIT_SCADA",1,"2018/06/01 09:00:00","MLWF1","6.84",NA,NA,NA
"D","DISPATCH","UNIT_SCADA",1,"2018/06/01 09:00:00","MTMILLAR","53.607208",NA,NA,NA
"D","DISPATCH","UNIT_SCADA",1,"2018/06/01 09:00:00","PALOONA","12.87",NA,NA,NA
"D","DISPATCH","UNIT_SCADA",1,"2018/06/01 09:00:00","PIONEER","-0.90",NA,NA,NA
"D","DISPATCH","UNIT_SCADA",1,"2018/06/01 09:00:00","PORTWF","1.30",NA,NA,NA
"D","DISPATCH","UNIT_SCADA",1,"2018/06/01 09:00:00","REPULSE","0",NA,NA,NA
"D","DISPATCH","UNIT_SCADA",1,"2018/06/01 09:00:00","ROWALLAN","6.4326",NA,NA,NA
"D","DISPATCH","UNIT_SCADA",1,"2018/06/01 09:00:00","ROYALLA1","10.2510",NA,NA,NA
"D","DISPATCH","UNIT_SCADA",1,"2018/06/01 09:00:00","RPCG","-0.30",NA,NA,NA
"D","DISPATCH","UNIT_SCADA",1,"2018/06/01 09:00:00","RUBICON","0",NA,NA,NA
"D","DISPATCH","UNIT_SCADA",1,"2018/06/01 09:00:00","SMCSF1","29.195415",NA,NA,NA
"D","DISPATCH","UNIT_SCADA",1,"2018/06/01 09:00:00","STARHLWF","18.094723",NA,NA,NA
"D","DISPATCH","UNIT_SCADA",1,"2018/06/01 09:00:00","WAUBRAWF","18.804001",NA,NA,NA
"D","DISPATCH","UNIT_SCADA",1,"2018/06/01 09:00:00","WOOLNTH1","-0.639985",NA,NA,NA
"D","DISPATCH","UNIT_SCADA",1,"2018/06/01 09:15:00","CAPTL_WF","0",NA,NA,NA
"D","DISPATCH","UNIT_SCADA",1,"2018/06/01 09:15:00","BARCSF1","16.10",NA,NA,NA
"D","DISPATCH","UNIT_SCADA",1,"2018/06/01 09:15:00","BUTLERSG","9.099998",NA,NA,NA
"D","DISPATCH","UNIT_SCADA",1,"2018/06/01 09:15:00","CALL_A_4","0",NA,NA,NA
"D","DISPATCH","UNIT_SCADA",1,"2018/06/01 09:15:00","CATHROCK","30.009998",NA,NA,NA
"D","DISPATCH","UNIT_SCADA",1,"2018/06/01 09:15:00","CHALLHWF","5.80",NA,NA,NA
"D","DISPATCH","UNIT_SCADA",1,"2018/06/01 09:15:00","CLOVER","12.90",NA,NA,NA
"D","DISPATCH","UNIT_SCADA",1,"2018/06/01 09:15:00","CLUNY","9.048753",NA,NA,NA
"D","DISPATCH","UNIT_SCADA",1,"2018/06/01 09:15:00","CNUNDAWF","12.915066",NA,NA,NA
"D","DISPATCH","UNIT_SCADA",1,"2018/06/01 09:15:00","CULLRGWF","0.64",NA,NA,NA
"D","DISPATCH","UNIT_SCADA",1,"2018/06/01 09:15:00","ERGT01","0",NA,NA,NA
"D","DISPATCH","UNIT_SCADA",1,"2018/06/01 09:15:00","GB01","0.063343",NA,NA,NA
"D","DISPATCH","UNIT_SCADA",1,"2018/06/01 09:15:00","GERMCRK","33.400002",NA,NA,NA
"D","DISPATCH","UNIT_SCADA",1,"2018/06/01 09:15:00","GRIFSF1","21.200005",NA,NA,NA
"D","DISPATCH","UNIT_SCADA",1,"2018/06/01 09:15:00","HUGSF1","-0.0130",NA,NA,NA
"D","DISPATCH","UNIT_SCADA",1,"2018/06/01 09:15:00","INVICTA","0",NA,NA,NA
"D","DISPATCH","UNIT_SCADA",1,"2018/06/01 09:15:00","LKBONNY1","27.864521",NA,NA,NA
"D","DISPATCH","UNIT_SCADA",1,"2018/06/01 09:15:00","LRSF1","6.9960",NA,NA,NA
"D","DISPATCH","UNIT_SCADA",1,"2018/06/01 09:15:00","MBAHNTH","55.349991",NA,NA,NA
"D","DISPATCH","UNIT_SCADA",1,"2018/06/01 09:15:00","MLSP1","1.989001",NA,NA,NA
"D","DISPATCH","UNIT_SCADA",1,"2018/06/01 09:15:00","MLWF1","4.95",NA,NA,NA
"D","DISPATCH","UNIT_SCADA",1,"2018/06/01 09:15:00","MTMILLAR","59.597462",NA,NA,NA
"D","DISPATCH","UNIT_SCADA",1,"2018/06/01 09:15:00","PALOONA","12.87",NA,NA,NA
"D","DISPATCH","UNIT_SCADA",1,"2018/06/01 09:15:00","PIONEER","-0.90",NA,NA,NA
"D","DISPATCH","UNIT_SCADA",1,"2018/06/01 09:15:00","PORTWF","1.30",NA,NA,NA
"D","DISPATCH","UNIT_SCADA",1,"2018/06/01 09:15:00","REPULSE","0",NA,NA,NA
"D","DISPATCH","UNIT_SCADA",1,"2018/06/01 09:15:00","ROWALLAN","6.4752",NA,NA,NA
"D","DISPATCH","UNIT_SCADA",1,"2018/06/01 09:15:00","ROYALLA1","6.8690",NA,NA,NA
"D","DISPATCH","UNIT_SCADA",1,"2018/06/01 09:15:00","RPCG","-0.30",NA,NA,NA
"D","DISPATCH","UNIT_SCADA",1,"2018/06/01 09:15:00","RUBICON","0",NA,NA,NA
"D","DISPATCH","UNIT_SCADA",1,"2018/06/01 09:15:00","SMCSF1","31.781591",NA,NA,NA
"D","DISPATCH","UNIT_SCADA",1,"2018/06/01 09:15:00","STARHLWF","15.595452",NA,NA,NA
"D","DISPATCH","UNIT_SCADA",1,"2018/06/01 09:15:00","WAUBRAWF","11.8140",NA,NA,NA
"D","DISPATCH","UNIT_SCADA",1,"2018/06/01 09:15:00","WOOLNTH1","-0.699985",NA,NA,NA
"D","DISPATCH","UNIT_SCADA",1,"2018/06/01 09:15:00","WPWF","25",NA,NA,NA
"D","DISPATCH","UNIT_SCADA",1,"2018/06/01 09:15:00","YAMBUKWF","-0.10",NA,NA,NA
"D","DISPATCH","UNIT_SCADA",1,"2018/06/01 09:15:00","YSWF1","0",NA,NA,NA
"D","DISPATCH","UNIT_SCADA",1,"2018/06/01 09:00:00","WPWF","28",NA,NA,NA
"D","DISPATCH","UNIT_SCADA",1,"2018/06/01 09:00:00","YAMBUKWF","0.60",NA,NA,NA
"D","DISPATCH","UNIT_SCADA",1,"2018/06/01 09:00:00","YSWF1","0.10",NA,NA,NA
"D","DISPATCH","UNIT_SCADA",1,"2018/06/01 09:05:00","BARCSF1","16.50",NA,NA,NA
"D","DISPATCH","UNIT_SCADA",1,"2018/06/01 09:05:00","BUTLERSG","9.199999",NA,NA,NA
"D","DISPATCH","UNIT_SCADA",1,"2018/06/01 09:05:00","CALL_A_4","0",NA,NA,NA
"D","DISPATCH","UNIT_SCADA",1,"2018/06/01 09:05:00","CAPTL_WF","0",NA,NA,NA
"D","DISPATCH","UNIT_SCADA",1,"2018/06/01 09:05:00","CATHROCK","32.119999",NA,NA,NA
"D","DISPATCH","UNIT_SCADA",1,"2018/06/01 09:05:00","CHALLHWF","8",NA,NA,NA
"D","DISPATCH","UNIT_SCADA",1,"2018/06/01 09:05:00","CLOVER","12.74",NA,NA,NA
"D","DISPATCH","UNIT_SCADA",1,"2018/06/01 09:05:00","CLUNY","9.044175",NA,NA,NA
"D","DISPATCH","UNIT_SCADA",1,"2018/06/01 09:05:00","CNUNDAWF","15.818453",NA,NA,NA
"D","DISPATCH","UNIT_SCADA",1,"2018/06/01 09:05:00","CULLRGWF","1.44",NA,NA,NA
"D","DISPATCH","UNIT_SCADA",1,"2018/06/01 09:05:00","ERGT01","0",NA,NA,NA
"D","DISPATCH","UNIT_SCADA",1,"2018/06/01 09:05:00","GB01","0.065929",NA,NA,NA
"D","DISPATCH","UNIT_SCADA",1,"2018/06/01 09:05:00","GERMCRK","37.400002",NA,NA,NA
"D","DISPATCH","UNIT_SCADA",1,"2018/06/01 09:05:00","GRIFSF1","21",NA,NA,NA
"D","DISPATCH","UNIT_SCADA",1,"2018/06/01 09:05:00","HUGSF1","-0.0130",NA,NA,NA
"D","DISPATCH","UNIT_SCADA",1,"2018/06/01 09:05:00","INVICTA","0",NA,NA,NA
"D","DISPATCH","UNIT_SCADA",1,"2018/06/01 09:05:00","LKBONNY1","30.275873",NA,NA,NA
"D","DISPATCH","UNIT_SCADA",1,"2018/06/01 09:05:00","LRSF1","6.9960",NA,NA,NA
"D","DISPATCH","UNIT_SCADA",1,"2018/06/01 09:05:00","MBAHNTH","55.349991",NA,NA,NA
"D","DISPATCH","UNIT_SCADA",1,"2018/06/01 09:05:00","MLSP1","2.486001",NA,NA,NA
"D","DISPATCH","UNIT_SCADA",1,"2018/06/01 09:05:00","MLWF1","6.4350",NA,NA,NA
"D","DISPATCH","UNIT_SCADA",1,"2018/06/01 09:05:00","MTMILLAR","57.067417",NA,NA,NA
"D","DISPATCH","UNIT_SCADA",1,"2018/06/01 09:05:00","PALOONA","12.87",NA,NA,NA
"D","DISPATCH","UNIT_SCADA",1,"2018/06/01 09:05:00","PIONEER","-0.90",NA,NA,NA
"D","DISPATCH","UNIT_SCADA",1,"2018/06/01 09:05:00","PORTWF","1.30",NA,NA,NA
"D","DISPATCH","UNIT_SCADA",1,"2018/06/01 09:05:00","REPULSE","0",NA,NA,NA
"D","DISPATCH","UNIT_SCADA",1,"2018/06/01 09:05:00","ROWALLAN","6.5462",NA,NA,NA
"D","DISPATCH","UNIT_SCADA",1,"2018/06/01 09:05:00","ROYALLA1","11.025001",NA,NA,NA
"D","DISPATCH","UNIT_SCADA",1,"2018/06/01 09:05:00","RPCG","-0.30",NA,NA,NA
"D","DISPATCH","UNIT_SCADA",1,"2018/06/01 09:05:00","RUBICON","0",NA,NA,NA
"D","DISPATCH","UNIT_SCADA",1,"2018/06/01 09:05:00","SMCSF1","30.081171",NA,NA,NA
"D","DISPATCH","UNIT_SCADA",1,"2018/06/01 09:05:00","STARHLWF","16.595161",NA,NA,NA
"D","DISPATCH","UNIT_SCADA",1,"2018/06/01 09:05:00","WAUBRAWF","15.8250",NA,NA,NA
"D","DISPATCH","UNIT_SCADA",1,"2018/06/01 09:05:00","WOOLNTH1","-0.699985",NA,NA,NA
"D","DISPATCH","UNIT_SCADA",1,"2018/06/01 09:05:00","WPWF","24",NA,NA,NA
"D","DISPATCH","UNIT_SCADA",1,"2018/06/01 09:05:00","YAMBUKWF","0.20",NA,NA,NA
"D","DISPATCH","UNIT_SCADA",1,"2018/06/01 09:05:00","YSWF1","0.20",NA,NA,NA
"D","DISPATCH","UNIT_SCADA",1,"2018/06/01 09:10:00","BARCSF1","12.000001",NA,NA,NA
"D","DISPATCH","UNIT_SCADA",1,"2018/06/01 09:10:00","BUTLERSG","9.199999",NA,NA,NA
"D","DISPATCH","UNIT_SCADA",1,"2018/06/01 09:10:00","CALL_A_4","0",NA,NA,NA
"D","DISPATCH","UNIT_SCADA",1,"2018/06/01 09:10:00","CAPTL_WF","0",NA,NA,NA
"D","DISPATCH","UNIT_SCADA",1,"2018/06/01 09:10:00","CATHROCK","31.849998",NA,NA,NA
"D","DISPATCH","UNIT_SCADA",1,"2018/06/01 09:10:00","CHALLHWF","7.20",NA,NA,NA
"D","DISPATCH","UNIT_SCADA",1,"2018/06/01 09:10:00","CLOVER","13.110001",NA,NA,NA
"D","DISPATCH","UNIT_SCADA",1,"2018/06/01 09:10:00","CLUNY","9.057908",NA,NA,NA
"D","DISPATCH","UNIT_SCADA",1,"2018/06/01 09:10:00","CNUNDAWF","15.217752",NA,NA,NA
"D","DISPATCH","UNIT_SCADA",1,"2018/06/01 09:10:00","CULLRGWF","1.21",NA,NA,NA
"D","DISPATCH","UNIT_SCADA",1,"2018/06/01 09:10:00","ERGT01","0",NA,NA,NA
"D","DISPATCH","UNIT_SCADA",1,"2018/06/01 09:10:00","GB01","0.063343",NA,NA,NA
"D","DISPATCH","UNIT_SCADA",1,"2018/06/01 09:10:00","GERMCRK","37.900002",NA,NA,NA
"D","DISPATCH","UNIT_SCADA",1,"2018/06/01 09:10:00","GRIFSF1","21.099998",NA,NA,NA
"D","DISPATCH","UNIT_SCADA",1,"2018/06/01 09:10:00","HUGSF1","-0.0130",NA,NA,NA
"D","DISPATCH","UNIT_SCADA",1,"2018/06/01 09:10:00","INVICTA","0",NA,NA,NA
"D","DISPATCH","UNIT_SCADA",1,"2018/06/01 09:10:00","LKBONNY1","28.400377",NA,NA,NA
"D","DISPATCH","UNIT_SCADA",1,"2018/06/01 09:10:00","LRSF1","6.9960",NA,NA,NA
"D","DISPATCH","UNIT_SCADA",1,"2018/06/01 09:10:00","MBAHNTH","55.349991",NA,NA,NA
"D","DISPATCH","UNIT_SCADA",1,"2018/06/01 09:10:00","MLSP1","3.773001",NA,NA,NA
"D","DISPATCH","UNIT_SCADA",1,"2018/06/01 09:10:00","MLWF1","5.3850",NA,NA,NA
"D","DISPATCH","UNIT_SCADA",1,"2018/06/01 09:10:00","MTMILLAR","57.007889",NA,NA,NA
"D","DISPATCH","UNIT_SCADA",1,"2018/06/01 09:10:00","PALOONA","12.87",NA,NA,NA
"D","DISPATCH","UNIT_SCADA",1,"2018/06/01 09:10:00","PIONEER","-0.90",NA,NA,NA
"D","DISPATCH","UNIT_SCADA",1,"2018/06/01 09:10:00","PORTWF","1.30",NA,NA,NA
"D","DISPATCH","UNIT_SCADA",1,"2018/06/01 09:10:00","REPULSE","0",NA,NA,NA
"D","DISPATCH","UNIT_SCADA",1,"2018/06/01 09:10:00","ROWALLAN","6.4255",NA,NA,NA
"D","DISPATCH","UNIT_SCADA",1,"2018/06/01 09:10:00","ROYALLA1","6.979001",NA,NA,NA
"D","DISPATCH","UNIT_SCADA",1,"2018/06/01 09:10:00","RPCG","-0.30",NA,NA,NA
"D","DISPATCH","UNIT_SCADA",1,"2018/06/01 09:10:00","RUBICON","0",NA,NA,NA
"D","DISPATCH","UNIT_SCADA",1,"2018/06/01 09:10:00","SMCSF1","30.9258",NA,NA,NA
"D","DISPATCH","UNIT_SCADA",1,"2018/06/01 09:10:00","STARHLWF","14.295832",NA,NA,NA
"D","DISPATCH","UNIT_SCADA",1,"2018/06/01 09:10:00","WAUBRAWF","13.1620",NA,NA,NA
"D","DISPATCH","UNIT_SCADA",1,"2018/06/01 09:10:00","WOOLNTH1","-0.679985",NA,NA,NA
"D","DISPATCH","UNIT_SCADA",1,"2018/06/01 09:10:00","WPWF","24",NA,NA,NA
"D","DISPATCH","UNIT_SCADA",1,"2018/06/01 09:10:00","YAMBUKWF","0",NA,NA,NA
"D","DISPATCH","UNIT_SCADA",1,"2018/06/01 09:10:00","YSWF1","0",NA,NA,NA
"D","DISPATCH","UNIT_SCADA",1,"2018/06/01 09:20:00","BARCSF1","16.10",NA,NA,NA
"D","DISPATCH","UNIT_SCADA",1,"2018/06/01 09:20:00","BUTLERSG","9.199999",NA,NA,NA
"D","DISPATCH","UNIT_SCADA",1,"2018/06/01 09:20:00","CALL_A_4","0",NA,NA,NA
"D","DISPATCH","UNIT_SCADA",1,"2018/06/01 09:20:00","CAPTL_WF","0",NA,NA,NA
"D","DISPATCH","UNIT_SCADA",1,"2018/06/01 09:20:00","CATHROCK","29.619999",NA,NA,NA
"D","DISPATCH","UNIT_SCADA",1,"2018/06/01 09:20:00","CHALLHWF","4.90",NA,NA,NA
"D","DISPATCH","UNIT_SCADA",1,"2018/06/01 09:20:00","CLOVER","12.23",NA,NA,NA
"D","DISPATCH","UNIT_SCADA",1,"2018/06/01 09:20:00","CLUNY","9.100939",NA,NA,NA
"D","DISPATCH","UNIT_SCADA",1,"2018/06/01 09:20:00","CNUNDAWF","13.916234",NA,NA,NA
"D","DISPATCH","UNIT_SCADA",1,"2018/06/01 09:20:00","CULLRGWF","0.24",NA,NA,NA
"D","DISPATCH","UNIT_SCADA",1,"2018/06/01 09:20:00","ERGT01","0",NA,NA,NA
"D","DISPATCH","UNIT_SCADA",1,"2018/06/01 09:20:00","GB01","0.063343",NA,NA,NA
"D","DISPATCH","UNIT_SCADA",1,"2018/06/01 09:20:00","GERMCRK","33.599998",NA,NA,NA
"D","DISPATCH","UNIT_SCADA",1,"2018/06/01 09:20:00","GRIFSF1","21.200005",NA,NA,NA
"D","DISPATCH","UNIT_SCADA",1,"2018/06/01 09:20:00","HUGSF1","-0.0130",NA,NA,NA
"D","DISPATCH","UNIT_SCADA",1,"2018/06/01 09:20:00","INVICTA","0",NA,NA,NA
"D","DISPATCH","UNIT_SCADA",1,"2018/06/01 09:20:00","LKBONNY1","25.631786",NA,NA,NA
"D","DISPATCH","UNIT_SCADA",1,"2018/06/01 09:20:00","LRSF1","6.9960",NA,NA,NA
"D","DISPATCH","UNIT_SCADA",1,"2018/06/01 09:20:00","MBAHNTH","55.349991",NA,NA,NA
"D","DISPATCH","UNIT_SCADA",1,"2018/06/01 09:20:00","MLSP1","4.051001",NA,NA,NA
"D","DISPATCH","UNIT_SCADA",1,"2018/06/01 09:20:00","MLWF1","4.56",NA,NA,NA
"D","DISPATCH","UNIT_SCADA",1,"2018/06/01 09:20:00","MTMILLAR","59.470963",NA,NA,NA
"D","DISPATCH","UNIT_SCADA",1,"2018/06/01 09:20:00","PALOONA","12.87",NA,NA,NA
"D","DISPATCH","UNIT_SCADA",1,"2018/06/01 09:20:00","PIONEER","-0.90",NA,NA,NA
"D","DISPATCH","UNIT_SCADA",1,"2018/06/01 09:20:00","PORTWF","1.30",NA,NA,NA
"D","DISPATCH","UNIT_SCADA",1,"2018/06/01 09:20:00","REPULSE","0",NA,NA,NA
"D","DISPATCH","UNIT_SCADA",1,"2018/06/01 09:20:00","ROWALLAN","6.4823",NA,NA,NA
"D","DISPATCH","UNIT_SCADA",1,"2018/06/01 09:20:00","ROYALLA1","12.611001",NA,NA,NA
"D","DISPATCH","UNIT_SCADA",1,"2018/06/01 09:20:00","RPCG","-0.30",NA,NA,NA
"D","DISPATCH","UNIT_SCADA",1,"2018/06/01 09:20:00","RUBICON","0",NA,NA,NA
"D","DISPATCH","UNIT_SCADA",1,"2018/06/01 09:20:00","SMCSF1","32.565269",NA,NA,NA
"D","DISPATCH","UNIT_SCADA",1,"2018/06/01 09:20:00","STARHLWF","16.395220",NA,NA,NA
"D","DISPATCH","UNIT_SCADA",1,"2018/06/01 09:20:00","WAUBRAWF","9.7110",NA,NA,NA
"D","DISPATCH","UNIT_SCADA",1,"2018/06/01 09:20:00","WOOLNTH1","-0.699985",NA,NA,NA
"D","DISPATCH","UNIT_SCADA",1,"2018/06/01 09:20:00","WPWF","21",NA,NA,NA
"D","DISPATCH","UNIT_SCADA",1,"2018/06/01 09:20:00","YAMBUKWF","-0.20",NA,NA,NA
"D","DISPATCH","UNIT_SCADA",1,"2018/06/01 09:20:00","YSWF1","-0.10",NA,NA,NA
"D","DISPATCH","UNIT_SCADA",1,"2018/06/01 09:25:00","BARCSF1","16.10",NA,NA,NA
"D","DISPATCH","UNIT_SCADA",1,"2018/06/01 09:25:00","BUTLERSG","9.199999",NA,NA,NA
"D","DISPATCH","UNIT_SCADA",1,"2018/06/01 09:25:00","CALL_A_4","0",NA,NA,NA
"D","DISPATCH","UNIT_SCADA",1,"2018/06/01 09:25:00","CAPTL_WF","0",NA,NA,NA
"D","DISPATCH","UNIT_SCADA",1,"2018/06/01 09:25:00","CATHROCK","28.289999",NA,NA,NA
"D","DISPATCH","UNIT_SCADA",1,"2018/06/01 09:25:00","CHALLHWF","4.60",NA,NA,NA
"D","DISPATCH","UNIT_SCADA",1,"2018/06/01 09:25:00","CLOVER","12.44",NA,NA,NA
"D","DISPATCH","UNIT_SCADA",1,"2018/06/01 09:25:00","CLUNY","9.005722",NA,NA,NA
"D","DISPATCH","UNIT_SCADA",1,"2018/06/01 09:25:00","CNUNDAWF","12.514599",NA,NA,NA
"D","DISPATCH","UNIT_SCADA",1,"2018/06/01 09:25:00","CULLRGWF","0",NA,NA,NA
"D","DISPATCH","UNIT_SCADA",1,"2018/06/01 09:25:00","ERGT01","0",NA,NA,NA
"D","DISPATCH","UNIT_SCADA",1,"2018/06/01 09:25:00","GB01","0.063343",NA,NA,NA
"D","DISPATCH","UNIT_SCADA",1,"2018/06/01 09:25:00","GERMCRK","35.299999",NA,NA,NA
"D","DISPATCH","UNIT_SCADA",1,"2018/06/01 09:25:00","GRIFSF1","21.200005",NA,NA,NA
"D","DISPATCH","UNIT_SCADA",1,"2018/06/01 09:25:00","HUGSF1","-0.0130",NA,NA,NA
"D","DISPATCH","UNIT_SCADA",1,"2018/06/01 09:25:00","INVICTA","0",NA,NA,NA
"D","DISPATCH","UNIT_SCADA",1,"2018/06/01 09:25:00","LKBONNY1","22.773888",NA,NA,NA
"D","DISPATCH","UNIT_SCADA",1,"2018/06/01 09:25:00","LRSF1","6.9960",NA,NA,NA
"D","DISPATCH","UNIT_SCADA",1,"2018/06/01 09:25:00","MBAHNTH","55.349991",NA,NA,NA
"D","DISPATCH","UNIT_SCADA",1,"2018/06/01 09:25:00","MLSP1","3.270001",NA,NA,NA
"D","DISPATCH","UNIT_SCADA",1,"2018/06/01 09:25:00","MLWF1","3.81",NA,NA,NA
"D","DISPATCH","UNIT_SCADA",1,"2018/06/01 09:25:00","MTMILLAR","60.579716",NA,NA,NA
"D","DISPATCH","UNIT_SCADA",1,"2018/06/01 09:25:00","PALOONA","12.87",NA,NA,NA
"D","DISPATCH","UNIT_SCADA",1,"2018/06/01 09:25:00","PIONEER","-0.90",NA,NA,NA
"D","DISPATCH","UNIT_SCADA",1,"2018/06/01 09:25:00","PORTWF","1.30",NA,NA,NA
"D","DISPATCH","UNIT_SCADA",1,"2018/06/01 09:25:00","REPULSE","0",NA,NA,NA
"D","DISPATCH","UNIT_SCADA",1,"2018/06/01 09:25:00","ROWALLAN","6.2551",NA,NA,NA
"D","DISPATCH","UNIT_SCADA",1,"2018/06/01 09:25:00","ROYALLA1","14.586001",NA,NA,NA
"D","DISPATCH","UNIT_SCADA",1,"2018/06/01 09:25:00","RPCG","-0.30",NA,NA,NA
"D","DISPATCH","UNIT_SCADA",1,"2018/06/01 09:25:00","RUBICON","0",NA,NA,NA
"D","DISPATCH","UNIT_SCADA",1,"2018/06/01 09:25:00","SMCSF1","33.374836",NA,NA,NA
"D","DISPATCH","UNIT_SCADA",1,"2018/06/01 09:25:00","STARHLWF","16.295248",NA,NA,NA
"D","DISPATCH","UNIT_SCADA",1,"2018/06/01 09:25:00","WAUBRAWF","7.91",NA,NA,NA
"D","DISPATCH","UNIT_SCADA",1,"2018/06/01 09:25:00","WOOLNTH1","-0.679985",NA,NA,NA
"D","DISPATCH","UNIT_SCADA",1,"2018/06/01 09:25:00","WPWF","21",NA,NA,NA
"D","DISPATCH","UNIT_SCADA",1,"2018/06/01 09:25:00","YAMBUKWF","-0.10",NA,NA,NA
"D","DISPATCH","UNIT_SCADA",1,"2018/06/01 09:25:00","YSWF1","0",NA,NA,NA
"D","DISPATCH","UNIT_SCADA",1,"2018/06/01 09:30:00","BARCSF1","16.10",NA,NA,NA
"D","DISPATCH","UNIT_SCADA",1,"2018/06/01 09:30:00","BUTLERSG","9.199999",NA,NA,NA
"D","DISPATCH","UNIT_SCADA",1,"2018/06/01 09:30:00","CALL_A_4","0",NA,NA,NA
"D","DISPATCH","UNIT_SCADA",1,"2018/06/01 09:30:00","CAPTL_WF","0",NA,NA,NA
"D","DISPATCH","UNIT_SCADA",1,"2018/06/01 09:30:00","CATHROCK","28.109999",NA,NA,NA
"D","DISPATCH","UNIT_SCADA",1,"2018/06/01 09:30:00","CHALLHWF","5.50",NA,NA,NA
"D","DISPATCH","UNIT_SCADA",1,"2018/06/01 09:30:00","CLOVER","12.34",NA,NA,NA
"D","DISPATCH","UNIT_SCADA",1,"2018/06/01 09:30:00","CLUNY","9.0103",NA,NA,NA
"D","DISPATCH","UNIT_SCADA",1,"2018/06/01 09:30:00","CNUNDAWF","12.114131",NA,NA,NA
"D","DISPATCH","UNIT_SCADA",1,"2018/06/01 09:30:00","CULLRGWF","0",NA,NA,NA
"D","DISPATCH","UNIT_SCADA",1,"2018/06/01 09:30:00","ERGT01","0",NA,NA,NA
"D","DISPATCH","UNIT_SCADA",1,"2018/06/01 09:30:00","GB01","0.063343",NA,NA,NA
"D","DISPATCH","UNIT_SCADA",1,"2018/06/01 09:30:00","GERMCRK","34.700001",NA,NA,NA
"D","DISPATCH","UNIT_SCADA",1,"2018/06/01 09:30:00","GRIFSF1","21.200005",NA,NA,NA
"D","DISPATCH","UNIT_SCADA",1,"2018/06/01 09:30:00","HUGSF1","-0.0130",NA,NA,NA
"D","DISPATCH","UNIT_SCADA",1,"2018/06/01 09:30:00","INVICTA","0",NA,NA,NA
"D","DISPATCH","UNIT_SCADA",1,"2018/06/01 09:30:00","LKBONNY1","21.344938",NA,NA,NA
"D","DISPATCH","UNIT_SCADA",1,"2018/06/01 09:30:00","LRSF1","6.9960",NA,NA,NA
"D","DISPATCH","UNIT_SCADA",1,"2018/06/01 09:30:00","MBAHNTH","55.349991",NA,NA,NA
"D","DISPATCH","UNIT_SCADA",1,"2018/06/01 09:30:00","MLSP1","3.314001",NA,NA,NA
"D","DISPATCH","UNIT_SCADA",1,"2018/06/01 09:30:00","MLWF1","3.2850",NA,NA,NA
"D","DISPATCH","UNIT_SCADA",1,"2018/06/01 09:30:00","MTMILLAR","60.602039",NA,NA,NA
"D","DISPATCH","UNIT_SCADA",1,"2018/06/01 09:30:00","PALOONA","12.87",NA,NA,NA
"D","DISPATCH","UNIT_SCADA",1,"2018/06/01 09:30:00","PIONEER","-0.90",NA,NA,NA
"D","DISPATCH","UNIT_SCADA",1,"2018/06/01 09:30:00","PORTWF","1.30",NA,NA,NA
"D","DISPATCH","UNIT_SCADA",1,"2018/06/01 09:30:00","REPULSE","0",NA,NA,NA
"D","DISPATCH","UNIT_SCADA",1,"2018/06/01 09:30:00","ROWALLAN","6.3261",NA,NA,NA
"D","DISPATCH","UNIT_SCADA",1,"2018/06/01 09:30:00","ROYALLA1","16.2460",NA,NA,NA
"D","DISPATCH","UNIT_SCADA",1,"2018/06/01 09:30:00","RPCG","-0.30",NA,NA,NA
"D","DISPATCH","UNIT_SCADA",1,"2018/06/01 09:30:00","RUBICON","0",NA,NA,NA
"D","DISPATCH","UNIT_SCADA",1,"2018/06/01 09:30:00","SMCSF1","35.048115",NA,NA,NA
"D","DISPATCH","UNIT_SCADA",1,"2018/06/01 09:30:00","STARHLWF","17.694839",NA,NA,NA
"D","DISPATCH","UNIT_SCADA",1,"2018/06/01 09:30:00","WAUBRAWF","6.8840",NA,NA,NA
"D","DISPATCH","UNIT_SCADA",1,"2018/06/01 09:30:00","WOOLNTH1","-0.699985",NA,NA,NA
"D","DISPATCH","UNIT_SCADA",1,"2018/06/01 09:30:00","WPWF","19",NA,NA,NA
"D","DISPATCH","UNIT_SCADA",1,"2018/06/01 09:30:00","YAMBUKWF","-0.10",NA,NA,NA
"D","DISPATCH","UNIT_SCADA",1,"2018/06/01 09:30:00","YSWF1","0.10",NA,NA,NA
"D","DISPATCH","UNIT_SCADA",1,"2018/06/01 09:35:00","BARCSF1","16.10",NA,NA,NA
"D","DISPATCH","UNIT_SCADA",1,"2018/06/01 09:35:00","BUTLERSG","9.199999",NA,NA,NA
"D","DISPATCH","UNIT_SCADA",1,"2018/06/01 09:35:00","CALL_A_4","0",NA,NA,NA
"D","DISPATCH","UNIT_SCADA",1,"2018/06/01 09:35:00","CAPTL_WF","0",NA,NA,NA
"D","DISPATCH","UNIT_SCADA",1,"2018/06/01 09:35:00","CATHROCK","26.899998",NA,NA,NA
"D","DISPATCH","UNIT_SCADA",1,"2018/06/01 09:35:00","CHALLHWF","6",NA,NA,NA
"D","DISPATCH","UNIT_SCADA",1,"2018/06/01 09:35:00","CLOVER","12.13",NA,NA,NA
"D","DISPATCH","UNIT_SCADA",1,"2018/06/01 09:35:00","CLUNY","8.977341",NA,NA,NA
"D","DISPATCH","UNIT_SCADA",1,"2018/06/01 09:35:00","CNUNDAWF","9.811445",NA,NA,NA
"D","DISPATCH","UNIT_SCADA",1,"2018/06/01 09:35:00","CULLRGWF","0.09",NA,NA,NA
"D","DISPATCH","UNIT_SCADA",1,"2018/06/01 09:35:00","ERGT01","0",NA,NA,NA
"D","DISPATCH","UNIT_SCADA",1,"2018/06/01 09:35:00","GB01","0.063343",NA,NA,NA
"D","DISPATCH","UNIT_SCADA",1,"2018/06/01 09:35:00","GERMCRK","31.90",NA,NA,NA
"D","DISPATCH","UNIT_SCADA",1,"2018/06/01 09:35:00","GRIFSF1","21.200005",NA,NA,NA
"D","DISPATCH","UNIT_SCADA",1,"2018/06/01 09:35:00","HUGSF1","-0.0130",NA,NA,NA
"D","DISPATCH","UNIT_SCADA",1,"2018/06/01 09:35:00","INVICTA","0",NA,NA,NA
"D","DISPATCH","UNIT_SCADA",1,"2018/06/01 09:35:00","LKBONNY1","17.861872",NA,NA,NA
"D","DISPATCH","UNIT_SCADA",1,"2018/06/01 09:35:00","LRSF1","6.9960",NA,NA,NA
"D","DISPATCH","UNIT_SCADA",1,"2018/06/01 09:35:00","MBAHNTH","55.349991",NA,NA,NA
"D","DISPATCH","UNIT_SCADA",1,"2018/06/01 09:35:00","MLSP1","2.112001",NA,NA,NA
"D","DISPATCH","UNIT_SCADA",1,"2018/06/01 09:35:00","MLWF1","3.48",NA,NA,NA
"D","DISPATCH","UNIT_SCADA",1,"2018/06/01 09:35:00","MTMILLAR","60.549950",NA,NA,NA
"D","DISPATCH","UNIT_SCADA",1,"2018/06/01 09:35:00","PALOONA","12.87",NA,NA,NA
"D","DISPATCH","UNIT_SCADA",1,"2018/06/01 09:35:00","PIONEER","-0.90",NA,NA,NA
"D","DISPATCH","UNIT_SCADA",1,"2018/06/01 09:35:00","PORTWF","1.20",NA,NA,NA
"D","DISPATCH","UNIT_SCADA",1,"2018/06/01 09:35:00","REPULSE","0",NA,NA,NA
"D","DISPATCH","UNIT_SCADA",1,"2018/06/01 09:35:00","ROWALLAN","6.5320",NA,NA,NA
"D","DISPATCH","UNIT_SCADA",1,"2018/06/01 09:35:00","ROYALLA1","10.398001",NA,NA,NA
"D","DISPATCH","UNIT_SCADA",1,"2018/06/01 09:35:00","RPCG","-0.30",NA,NA,NA
"D","DISPATCH","UNIT_SCADA",1,"2018/06/01 09:35:00","RUBICON","0",NA,NA,NA
"D","DISPATCH","UNIT_SCADA",1,"2018/06/01 09:35:00","SMCSF1","36.058941",NA,NA,NA
"D","DISPATCH","UNIT_SCADA",1,"2018/06/01 09:35:00","STARHLWF","16.795103",NA,NA,NA
"D","DISPATCH","UNIT_SCADA",1,"2018/06/01 09:35:00","WAUBRAWF","6.6330",NA,NA,NA
"D","DISPATCH","UNIT_SCADA",1,"2018/06/01 09:35:00","WOOLNTH1","-0.699985",NA,NA,NA
"D","DISPATCH","UNIT_SCADA",1,"2018/06/01 09:35:00","WPWF","18",NA,NA,NA
"D","DISPATCH","UNIT_SCADA",1,"2018/06/01 09:35:00","YAMBUKWF","-0.10",NA,NA,NA
"D","DISPATCH","UNIT_SCADA",1,"2018/06/01 09:35:00","YSWF1","0",NA,NA,NA
"D","DISPATCH","UNIT_SCADA",1,"2018/06/01 09:40:00","BARCSF1","16.10",NA,NA,NA
"D","DISPATCH","UNIT_SCADA",1,"2018/06/01 09:40:00","BUTLERSG","9.099998",NA,NA,NA
"D","DISPATCH","UNIT_SCADA",1,"2018/06/01 09:40:00","CALL_A_4","0",NA,NA,NA
"D","DISPATCH","UNIT_SCADA",1,"2018/06/01 09:40:00","CAPTL_WF","0",NA,NA,NA
"D","DISPATCH","UNIT_SCADA",1,"2018/06/01 09:40:00","CATHROCK","28.179998",NA,NA,NA
"D","DISPATCH","UNIT_SCADA",1,"2018/06/01 09:40:00","CHALLHWF","6",NA,NA,NA
"D","DISPATCH","UNIT_SCADA",1,"2018/06/01 09:40:00","CLOVER","12.20",NA,NA,NA
"D","DISPATCH","UNIT_SCADA",1,"2018/06/01 09:40:00","CLUNY","8.986496",NA,NA,NA
"D","DISPATCH","UNIT_SCADA",1,"2018/06/01 09:40:00","CNUNDAWF","9.811445",NA,NA,NA
"D","DISPATCH","UNIT_SCADA",1,"2018/06/01 09:40:00","CULLRGWF","0",NA,NA,NA
"D","DISPATCH","UNIT_SCADA",1,"2018/06/01 09:40:00","ERGT01","0",NA,NA,NA
"D","DISPATCH","UNIT_SCADA",1,"2018/06/01 09:40:00","GB01","0.063343",NA,NA,NA
"D","DISPATCH","UNIT_SCADA",1,"2018/06/01 09:40:00","GERMCRK","32.099998",NA,NA,NA
"D","DISPATCH","UNIT_SCADA",1,"2018/06/01 09:40:00","GRIFSF1","21.300003",NA,NA,NA
"D","DISPATCH","UNIT_SCADA",1,"2018/06/01 09:40:00","HUGSF1","-0.0130",NA,NA,NA
"D","DISPATCH","UNIT_SCADA",1,"2018/06/01 09:40:00","INVICTA","0",NA,NA,NA
"D","DISPATCH","UNIT_SCADA",1,"2018/06/01 09:40:00","LKBONNY1","17.683254",NA,NA,NA
"D","DISPATCH","UNIT_SCADA",1,"2018/06/01 09:40:00","LRSF1","6.9960",NA,NA,NA
"D","DISPATCH","UNIT_SCADA",1,"2018/06/01 09:40:00","MBAHNTH","55.349991",NA,NA,NA
"D","DISPATCH","UNIT_SCADA",1,"2018/06/01 09:40:00","MLSP1","2.112001",NA,NA,NA
"D","DISPATCH","UNIT_SCADA",1,"2018/06/01 09:40:00","MLWF1","3.27",NA,NA,NA
"D","DISPATCH","UNIT_SCADA",1,"2018/06/01 09:40:00","MTMILLAR","60.549950",NA,NA,NA
"D","DISPATCH","UNIT_SCADA",1,"2018/06/01 09:40:00","PALOONA","12.87",NA,NA,NA
"D","DISPATCH","UNIT_SCADA",1,"2018/06/01 09:40:00","PIONEER","-0.90",NA,NA,NA
"D","DISPATCH","UNIT_SCADA",1,"2018/06/01 09:40:00","PORTWF","1",NA,NA,NA
"D","DISPATCH","UNIT_SCADA",1,"2018/06/01 09:40:00","REPULSE","0",NA,NA,NA
"D","DISPATCH","UNIT_SCADA",1,"2018/06/01 09:40:00","ROWALLAN","6.7095",NA,NA,NA
"D","DISPATCH","UNIT_SCADA",1,"2018/06/01 09:40:00","ROYALLA1","10.9680",NA,NA,NA
"D","DISPATCH","UNIT_SCADA",1,"2018/06/01 09:40:00","RPCG","-0.30",NA,NA,NA
"D","DISPATCH","UNIT_SCADA",1,"2018/06/01 09:40:00","RUBICON","0",NA,NA,NA
"D","DISPATCH","UNIT_SCADA",1,"2018/06/01 09:40:00","SMCSF1","35.566788",NA,NA,NA
"D","DISPATCH","UNIT_SCADA",1,"2018/06/01 09:40:00","STARHLWF","18.094723",NA,NA,NA
"D","DISPATCH","UNIT_SCADA",1,"2018/06/01 09:40:00","WAUBRAWF","5.8290",NA,NA,NA
"D","DISPATCH","UNIT_SCADA",1,"2018/06/01 09:40:00","WOOLNTH1","-0.699985",NA,NA,NA
"D","DISPATCH","UNIT_SCADA",1,"2018/06/01 09:40:00","WPWF","18",NA,NA,NA
"D","DISPATCH","UNIT_SCADA",1,"2018/06/01 09:40:00","YAMBUKWF","-0.20",NA,NA,NA
"D","DISPATCH","UNIT_SCADA",1,"2018/06/01 09:40:00","YSWF1","0",NA,NA,NA
"D","DISPATCH","UNIT_SCADA",1,"2018/06/01 09:45:00","BARCSF1","16.10",NA,NA,NA
"D","DISPATCH","UNIT_SCADA",1,"2018/06/01 09:45:00","BUTLERSG","9.199999",NA,NA,NA
"D","DISPATCH","UNIT_SCADA",1,"2018/06/01 09:45:00","CALL_A_4","0",NA,NA,NA
"D","DISPATCH","UNIT_SCADA",1,"2018/06/01 09:45:00","CAPTL_WF","0",NA,NA,NA
"D","DISPATCH","UNIT_SCADA",1,"2018/06/01 09:45:00","CATHROCK","29.139997",NA,NA,NA
"D","DISPATCH","UNIT_SCADA",1,"2018/06/01 09:45:00","CHALLHWF","6.90",NA,NA,NA
"D","DISPATCH","UNIT_SCADA",1,"2018/06/01 09:45:00","CLOVER","12.27",NA,NA,NA
"D","DISPATCH","UNIT_SCADA",1,"2018/06/01 09:45:00","CLUNY","9.077134",NA,NA,NA
"D","DISPATCH","UNIT_SCADA",1,"2018/06/01 09:45:00","CNUNDAWF","9.811445",NA,NA,NA
"D","DISPATCH","UNIT_SCADA",1,"2018/06/01 09:45:00","CULLRGWF","0",NA,NA,NA
"D","DISPATCH","UNIT_SCADA",1,"2018/06/01 09:45:00","ERGT01","0",NA,NA,NA
"D","DISPATCH","UNIT_SCADA",1,"2018/06/01 10:00:00","CAPTL_WF","0",NA,NA,NA
"D","DISPATCH","UNIT_SCADA",1,"2018/06/01 10:00:00","BARCSF1","16.10",NA,NA,NA
"D","DISPATCH","UNIT_SCADA",1,"2018/06/01 10:00:00","BUTLERSG","9.199999",NA,NA,NA
"D","DISPATCH","UNIT_SCADA",1,"2018/06/01 10:00:00","CALL_A_4","0",NA,NA,NA
"D","DISPATCH","UNIT_SCADA",1,"2018/06/01 10:00:00","CATHROCK","30.909998",NA,NA,NA
"D","DISPATCH","UNIT_SCADA",1,"2018/06/01 10:00:00","CHALLHWF","6.60",NA,NA,NA
"D","DISPATCH","UNIT_SCADA",1,"2018/06/01 10:00:00","CLOVER","12.70",NA,NA,NA
"D","DISPATCH","UNIT_SCADA",1,"2018/06/01 10:00:00","CLUNY","9.100939",NA,NA,NA
"D","DISPATCH","UNIT_SCADA",1,"2018/06/01 10:00:00","CNUNDAWF","8.209577",NA,NA,NA
"D","DISPATCH","UNIT_SCADA",1,"2018/06/01 10:00:00","CULLRGWF","0.30",NA,NA,NA
"D","DISPATCH","UNIT_SCADA",1,"2018/06/01 10:00:00","ERGT01","0",NA,NA,NA
"D","DISPATCH","UNIT_SCADA",1,"2018/06/01 10:00:00","GB01","0.054211",NA,NA,NA
"D","DISPATCH","UNIT_SCADA",1,"2018/06/01 10:00:00","GERMCRK","35",NA,NA,NA
"D","DISPATCH","UNIT_SCADA",1,"2018/06/01 10:00:00","GRIFSF1","21",NA,NA,NA
"D","DISPATCH","UNIT_SCADA",1,"2018/06/01 10:00:00","HUGSF1","-0.0130",NA,NA,NA
"D","DISPATCH","UNIT_SCADA",1,"2018/06/01 10:00:00","INVICTA","0",NA,NA,NA
"D","DISPATCH","UNIT_SCADA",1,"2018/06/01 10:00:00","LKBONNY1","16.254305",NA,NA,NA
"D","DISPATCH","UNIT_SCADA",1,"2018/06/01 10:00:00","LRSF1","6.9960",NA,NA,NA
"D","DISPATCH","UNIT_SCADA",1,"2018/06/01 10:00:00","MBAHNTH","55.349991",NA,NA,NA
"D","DISPATCH","UNIT_SCADA",1,"2018/06/01 10:00:00","MLSP1","2.116001",NA,NA,NA
"D","DISPATCH","UNIT_SCADA",1,"2018/06/01 10:00:00","MLWF1","3.1650",NA,NA,NA
"D","DISPATCH","UNIT_SCADA",1,"2018/06/01 10:00:00","MTMILLAR","57.350189",NA,NA,NA
"D","DISPATCH","UNIT_SCADA",1,"2018/06/01 10:00:00","PALOONA","12.87",NA,NA,NA
"D","DISPATCH","UNIT_SCADA",1,"2018/06/01 10:00:00","PIONEER","-0.90",NA,NA,NA
"D","DISPATCH","UNIT_SCADA",1,"2018/06/01 10:00:00","PORTWF","0.10",NA,NA,NA
"D","DISPATCH","UNIT_SCADA",1,"2018/06/01 10:00:00","REPULSE","0",NA,NA,NA
"D","DISPATCH","UNIT_SCADA",1,"2018/06/01 10:00:00","ROWALLAN","6.3190",NA,NA,NA
"D","DISPATCH","UNIT_SCADA",1,"2018/06/01 10:00:00","ROYALLA1","15.642001",NA,NA,NA
"D","DISPATCH","UNIT_SCADA",1,"2018/06/01 10:00:00","RPCG","-0.30",NA,NA,NA
"D","DISPATCH","UNIT_SCADA",1,"2018/06/01 10:00:00","RUBICON","0",NA,NA,NA
"D","DISPATCH","UNIT_SCADA",1,"2018/06/01 10:00:00","SMCSF1","36.019154",NA,NA,NA
"D","DISPATCH","UNIT_SCADA",1,"2018/06/01 10:00:00","STARHLWF","17.794811",NA,NA,NA
"D","DISPATCH","UNIT_SCADA",1,"2018/06/01 10:00:00","WAUBRAWF","5.1230",NA,NA,NA
"D","DISPATCH","UNIT_SCADA",1,"2018/06/01 10:00:00","WOOLNTH1","-0.509985",NA,NA,NA
"D","DISPATCH","UNIT_SCADA",1,"2018/06/01 10:00:00","WPWF","18",NA,NA,NA
"D","DISPATCH","UNIT_SCADA",1,"2018/06/01 10:00:00","YAMBUKWF","-0.20",NA,NA,NA
"D","DISPATCH","UNIT_SCADA",1,"2018/06/01 10:00:00","YSWF1","0",NA,NA,NA
"D","DISPATCH","UNIT_SCADA",1,"2018/06/01 09:45:00","GB01","0.063343",NA,NA,NA
"D","DISPATCH","UNIT_SCADA",1,"2018/06/01 09:45:00","GERMCRK","32.200001",NA,NA,NA
"D","DISPATCH","UNIT_SCADA",1,"2018/06/01 09:45:00","GRIFSF1","21.300003",NA,NA,NA
"D","DISPATCH","UNIT_SCADA",1,"2018/06/01 09:45:00","HUGSF1","-0.0130",NA,NA,NA
"D","DISPATCH","UNIT_SCADA",1,"2018/06/01 09:45:00","INVICTA","0",NA,NA,NA
"D","DISPATCH","UNIT_SCADA",1,"2018/06/01 09:45:00","LKBONNY1","14.289498",NA,NA,NA
"D","DISPATCH","UNIT_SCADA",1,"2018/06/01 09:45:00","LRSF1","6.9960",NA,NA,NA
"D","DISPATCH","UNIT_SCADA",1,"2018/06/01 09:45:00","MBAHNTH","55.349991",NA,NA,NA
"D","DISPATCH","UNIT_SCADA",1,"2018/06/01 09:45:00","MLSP1","2.112001",NA,NA,NA
"D","DISPATCH","UNIT_SCADA",1,"2018/06/01 09:45:00","MLWF1","3.21",NA,NA,NA
"D","DISPATCH","UNIT_SCADA",1,"2018/06/01 09:45:00","MTMILLAR","59.642113",NA,NA,NA
"D","DISPATCH","UNIT_SCADA",1,"2018/06/01 09:45:00","PALOONA","12.87",NA,NA,NA
"D","DISPATCH","UNIT_SCADA",1,"2018/06/01 09:45:00","PIONEER","-0.90",NA,NA,NA
"D","DISPATCH","UNIT_SCADA",1,"2018/06/01 09:45:00","PORTWF","0.70",NA,NA,NA
"D","DISPATCH","UNIT_SCADA",1,"2018/06/01 09:45:00","REPULSE","0",NA,NA,NA
"D","DISPATCH","UNIT_SCADA",1,"2018/06/01 09:45:00","ROWALLAN","6.6101",NA,NA,NA
"D","DISPATCH","UNIT_SCADA",1,"2018/06/01 09:45:00","ROYALLA1","15.375001",NA,NA,NA
"D","DISPATCH","UNIT_SCADA",1,"2018/06/01 09:45:00","RPCG","-0.30",NA,NA,NA
"D","DISPATCH","UNIT_SCADA",1,"2018/06/01 09:45:00","RUBICON","0",NA,NA,NA
"D","DISPATCH","UNIT_SCADA",1,"2018/06/01 09:45:00","SMCSF1","36.005829",NA,NA,NA
"D","DISPATCH","UNIT_SCADA",1,"2018/06/01 09:45:00","STARHLWF","18.394636",NA,NA,NA
"D","DISPATCH","UNIT_SCADA",1,"2018/06/01 09:45:00","WAUBRAWF","5.2170",NA,NA,NA
"D","DISPATCH","UNIT_SCADA",1,"2018/06/01 09:45:00","WOOLNTH1","-0.639985",NA,NA,NA
"D","DISPATCH","UNIT_SCADA",1,"2018/06/01 09:45:00","WPWF","19",NA,NA,NA
"D","DISPATCH","UNIT_SCADA",1,"2018/06/01 09:45:00","YAMBUKWF","-0.20",NA,NA,NA
"D","DISPATCH","UNIT_SCADA",1,"2018/06/01 09:45:00","YSWF1","0",NA,NA,NA
"D","DISPATCH","UNIT_SCADA",1,"2018/06/01 09:50:00","BARCSF1","16.10",NA,NA,NA
"D","DISPATCH","UNIT_SCADA",1,"2018/06/01 09:50:00","BUTLERSG","9.199999",NA,NA,NA
"D","DISPATCH","UNIT_SCADA",1,"2018/06/01 09:50:00","CALL_A_4","0",NA,NA,NA
"D","DISPATCH","UNIT_SCADA",1,"2018/06/01 09:50:00","CAPTL_WF","0",NA,NA,NA
"D","DISPATCH","UNIT_SCADA",1,"2018/06/01 09:50:00","CATHROCK","28.679998",NA,NA,NA
"D","DISPATCH","UNIT_SCADA",1,"2018/06/01 09:50:00","CHALLHWF","7.40",NA,NA,NA
"D","DISPATCH","UNIT_SCADA",1,"2018/06/01 09:50:00","CLOVER","12.35",NA,NA,NA
"D","DISPATCH","UNIT_SCADA",1,"2018/06/01 09:50:00","CLUNY","9.053330",NA,NA,NA
"D","DISPATCH","UNIT_SCADA",1,"2018/06/01 09:50:00","CNUNDAWF","8.209577",NA,NA,NA
"D","DISPATCH","UNIT_SCADA",1,"2018/06/01 09:50:00","CULLRGWF","0.06",NA,NA,NA
"D","DISPATCH","UNIT_SCADA",1,"2018/06/01 09:50:00","ERGT01","0",NA,NA,NA
"D","DISPATCH","UNIT_SCADA",1,"2018/06/01 09:50:00","GB01","0.063343",NA,NA,NA
"D","DISPATCH","UNIT_SCADA",1,"2018/06/01 09:50:00","GERMCRK","35.799999",NA,NA,NA
"D","DISPATCH","UNIT_SCADA",1,"2018/06/01 09:50:00","GRIFSF1","21.200005",NA,NA,NA
"D","DISPATCH","UNIT_SCADA",1,"2018/06/01 09:50:00","HUGSF1","-0.0130",NA,NA,NA
"D","DISPATCH","UNIT_SCADA",1,"2018/06/01 09:50:00","INVICTA","0",NA,NA,NA
"D","DISPATCH","UNIT_SCADA",1,"2018/06/01 09:50:00","LKBONNY1","15.093283",NA,NA,NA
"D","DISPATCH","UNIT_SCADA",1,"2018/06/01 09:50:00","LRSF1","6.9960",NA,NA,NA
"D","DISPATCH","UNIT_SCADA",1,"2018/06/01 09:50:00","MBAHNTH","55.349991",NA,NA,NA
"D","DISPATCH","UNIT_SCADA",1,"2018/06/01 09:50:00","MLSP1","1.710001",NA,NA,NA
"D","DISPATCH","UNIT_SCADA",1,"2018/06/01 09:50:00","MLWF1","3.0750",NA,NA,NA
"D","DISPATCH","UNIT_SCADA",1,"2018/06/01 09:50:00","MTMILLAR","60.594601",NA,NA,NA
"D","DISPATCH","UNIT_SCADA",1,"2018/06/01 09:50:00","PALOONA","12.87",NA,NA,NA
"D","DISPATCH","UNIT_SCADA",1,"2018/06/01 09:50:00","PIONEER","-0.90",NA,NA,NA
"D","DISPATCH","UNIT_SCADA",1,"2018/06/01 09:50:00","PORTWF","0.40",NA,NA,NA
"D","DISPATCH","UNIT_SCADA",1,"2018/06/01 09:50:00","REPULSE","0",NA,NA,NA
"D","DISPATCH","UNIT_SCADA",1,"2018/06/01 09:50:00","ROWALLAN","6.6527",NA,NA,NA
"D","DISPATCH","UNIT_SCADA",1,"2018/06/01 09:50:00","ROYALLA1","15.685001",NA,NA,NA
"D","DISPATCH","UNIT_SCADA",1,"2018/06/01 09:50:00","RPCG","-0.30",NA,NA,NA
"D","DISPATCH","UNIT_SCADA",1,"2018/06/01 09:50:00","RUBICON","0",NA,NA,NA
"D","DISPATCH","UNIT_SCADA",1,"2018/06/01 09:50:00","SMCSF1","36.025787",NA,NA,NA
"D","DISPATCH","UNIT_SCADA",1,"2018/06/01 09:50:00","STARHLWF","17.194986",NA,NA,NA
"D","DISPATCH","UNIT_SCADA",1,"2018/06/01 09:50:00","WAUBRAWF","5.3160",NA,NA,NA
"D","DISPATCH","UNIT_SCADA",1,"2018/06/01 09:50:00","WOOLNTH1","-0.449985",NA,NA,NA
"D","DISPATCH","UNIT_SCADA",1,"2018/06/01 09:50:00","WPWF","18",NA,NA,NA
"D","DISPATCH","UNIT_SCADA",1,"2018/06/01 09:50:00","YAMBUKWF","-0.20",NA,NA,NA
"D","DISPATCH","UNIT_SCADA",1,"2018/06/01 09:50:00","YSWF1","0",NA,NA,NA
"D","DISPATCH","UNIT_SCADA",1,"2018/06/01 09:55:00","BARCSF1","16.10",NA,NA,NA
"D","DISPATCH","UNIT_SCADA",1,"2018/06/01 09:55:00","BUTLERSG","9.199999",NA,NA,NA
"D","DISPATCH","UNIT_SCADA",1,"2018/06/01 09:55:00","CALL_A_4","0",NA,NA,NA
"D","DISPATCH","UNIT_SCADA",1,"2018/06/01 09:55:00","CAPTL_WF","0",NA,NA,NA
"D","DISPATCH","UNIT_SCADA",1,"2018/06/01 09:55:00","CATHROCK","30.579998",NA,NA,NA
"D","DISPATCH","UNIT_SCADA",1,"2018/06/01 09:55:00","CHALLHWF","7",NA,NA,NA
"D","DISPATCH","UNIT_SCADA",1,"2018/06/01 09:55:00","CLOVER","12.37",NA,NA,NA
"D","DISPATCH","UNIT_SCADA",1,"2018/06/01 09:55:00","CLUNY","9.072556",NA,NA,NA
"D","DISPATCH","UNIT_SCADA",1,"2018/06/01 09:55:00","CNUNDAWF","8.710161",NA,NA,NA
"D","DISPATCH","UNIT_SCADA",1,"2018/06/01 09:55:00","CULLRGWF","0",NA,NA,NA
"D","DISPATCH","UNIT_SCADA",1,"2018/06/01 09:55:00","ERGT01","0",NA,NA,NA
"D","DISPATCH","UNIT_SCADA",1,"2018/06/01 09:55:00","GB01","0.054211",NA,NA,NA
"D","DISPATCH","UNIT_SCADA",1,"2018/06/01 09:55:00","GERMCRK","35.200001",NA,NA,NA
"D","DISPATCH","UNIT_SCADA",1,"2018/06/01 09:55:00","GRIFSF1","21.099998",NA,NA,NA
"D","DISPATCH","UNIT_SCADA",1,"2018/06/01 09:55:00","HUGSF1","-0.0130",NA,NA,NA
"D","DISPATCH","UNIT_SCADA",1,"2018/06/01 09:55:00","INVICTA","0",NA,NA,NA
"D","DISPATCH","UNIT_SCADA",1,"2018/06/01 09:55:00","LKBONNY1","15.182591",NA,NA,NA
"D","DISPATCH","UNIT_SCADA",1,"2018/06/01 09:55:00","LRSF1","6.9960",NA,NA,NA
"D","DISPATCH","UNIT_SCADA",1,"2018/06/01 09:55:00","MBAHNTH","55.349991",NA,NA,NA
"D","DISPATCH","UNIT_SCADA",1,"2018/06/01 09:55:00","MLSP1","2.116001",NA,NA,NA
"D","DISPATCH","UNIT_SCADA",1,"2018/06/01 09:55:00","MLWF1","3.0750",NA,NA,NA
"D","DISPATCH","UNIT_SCADA",1,"2018/06/01 09:55:00","MTMILLAR","58.228264",NA,NA,NA
"D","DISPATCH","UNIT_SCADA",1,"2018/06/01 09:55:00","PALOONA","12.87",NA,NA,NA
"D","DISPATCH","UNIT_SCADA",1,"2018/06/01 09:55:00","PIONEER","-0.90",NA,NA,NA
"D","DISPATCH","UNIT_SCADA",1,"2018/06/01 09:55:00","PORTWF","0.50",NA,NA,NA
"D","DISPATCH","UNIT_SCADA",1,"2018/06/01 09:55:00","REPULSE","0",NA,NA,NA
"D","DISPATCH","UNIT_SCADA",1,"2018/06/01 09:55:00","ROWALLAN","6.3616",NA,NA,NA
"D","DISPATCH","UNIT_SCADA",1,"2018/06/01 09:55:00","ROYALLA1","16.022001",NA,NA,NA
"D","DISPATCH","UNIT_SCADA",1,"2018/06/01 09:55:00","RPCG","-0.30",NA,NA,NA
"D","DISPATCH","UNIT_SCADA",1,"2018/06/01 09:55:00","RUBICON","0",NA,NA,NA
"D","DISPATCH","UNIT_SCADA",1,"2018/06/01 09:55:00","SMCSF1","36.006683",NA,NA,NA
"D","DISPATCH","UNIT_SCADA",1,"2018/06/01 09:55:00","STARHLWF","16.595161",NA,NA,NA
"D","DISPATCH","UNIT_SCADA",1,"2018/06/01 09:55:00","WAUBRAWF","4.9220",NA,NA,NA
"D","DISPATCH","UNIT_SCADA",1,"2018/06/01 09:55:00","WOOLNTH1","-0.399985",NA,NA,NA
"D","DISPATCH","UNIT_SCADA",1,"2018/06/01 09:55:00","WPWF","19",NA,NA,NA
"D","DISPATCH","UNIT_SCADA",1,"2018/06/01 09:55:00","YAMBUKWF","-0.20",NA,NA,NA
"D","DISPATCH","UNIT_SCADA",1,"2018/06/01 09:55:00","YSWF1","0",NA,NA,NA
"D","DISPATCH","UNIT_SCADA",1,"2018/06/01 10:05:00","BARCSF1","16.10",NA,NA,NA
"D","DISPATCH","UNIT_SCADA",1,"2018/06/01 10:05:00","BUTLERSG","9.199999",NA,NA,NA
"D","DISPATCH","UNIT_SCADA",1,"2018/06/01 10:05:00","CALL_A_4","0",NA,NA,NA
"D","DISPATCH","UNIT_SCADA",1,"2018/06/01 10:05:00","CAPTL_WF","0",NA,NA,NA
"D","DISPATCH","UNIT_SCADA",1,"2018/06/01 10:05:00","CATHROCK","31.789999",NA,NA,NA
"D","DISPATCH","UNIT_SCADA",1,"2018/06/01 10:05:00","CHALLHWF","5",NA,NA,NA
"D","DISPATCH","UNIT_SCADA",1,"2018/06/01 10:05:00","CLOVER","12.63",NA,NA,NA
"D","DISPATCH","UNIT_SCADA",1,"2018/06/01 10:05:00","CLUNY","9.053330",NA,NA,NA
"D","DISPATCH","UNIT_SCADA",1,"2018/06/01 10:05:00","CNUNDAWF","9.711329",NA,NA,NA
"D","DISPATCH","UNIT_SCADA",1,"2018/06/01 10:05:00","CULLRGWF","0.01",NA,NA,NA
"D","DISPATCH","UNIT_SCADA",1,"2018/06/01 10:05:00","ERGT01","0",NA,NA,NA
"D","DISPATCH","UNIT_SCADA",1,"2018/06/01 10:05:00","GB01","0.054211",NA,NA,NA
"D","DISPATCH","UNIT_SCADA",1,"2018/06/01 10:05:00","GERMCRK","35.400002",NA,NA,NA
"D","DISPATCH","UNIT_SCADA",1,"2018/06/01 10:05:00","GRIFSF1","20.900002",NA,NA,NA
"D","DISPATCH","UNIT_SCADA",1,"2018/06/01 10:05:00","HUGSF1","-0.0130",NA,NA,NA
"D","DISPATCH","UNIT_SCADA",1,"2018/06/01 10:05:00","INVICTA","0",NA,NA,NA
"D","DISPATCH","UNIT_SCADA",1,"2018/06/01 10:05:00","LKBONNY1","14.736045",NA,NA,NA
"D","DISPATCH","UNIT_SCADA",1,"2018/06/01 10:05:00","LRSF1","6.9960",NA,NA,NA
"D","DISPATCH","UNIT_SCADA",1,"2018/06/01 10:05:00","MBAHNTH","55.349991",NA,NA,NA
"D","DISPATCH","UNIT_SCADA",1,"2018/06/01 10:05:00","MLSP1","2.919001",NA,NA,NA
"D","DISPATCH","UNIT_SCADA",1,"2018/06/01 10:05:00","MLWF1","2.43",NA,NA,NA
"D","DISPATCH","UNIT_SCADA",1,"2018/06/01 10:05:00","MTMILLAR","55.088028",NA,NA,NA
"D","DISPATCH","UNIT_SCADA",1,"2018/06/01 10:05:00","PALOONA","12.87",NA,NA,NA
"D","DISPATCH","UNIT_SCADA",1,"2018/06/01 10:05:00","PIONEER","-0.90",NA,NA,NA
"D","DISPATCH","UNIT_SCADA",1,"2018/06/01 10:05:00","PORTWF","0.10",NA,NA,NA
"D","DISPATCH","UNIT_SCADA",1,"2018/06/01 10:05:00","REPULSE","0",NA,NA,NA
"D","DISPATCH","UNIT_SCADA",1,"2018/06/01 10:05:00","ROWALLAN","6.3758",NA,NA,NA
"D","DISPATCH","UNIT_SCADA",1,"2018/06/01 10:05:00","ROYALLA1","18.572001",NA,NA,NA
"D","DISPATCH","UNIT_SCADA",1,"2018/06/01 10:05:00","RPCG","-0.30",NA,NA,NA
"D","DISPATCH","UNIT_SCADA",1,"2018/06/01 10:05:00","RUBICON","0",NA,NA,NA
"D","DISPATCH","UNIT_SCADA",1,"2018/06/01 10:05:00","SMCSF1","36.057434",NA,NA,NA
"D","DISPATCH","UNIT_SCADA",1,"2018/06/01 10:05:00","STARHLWF","19.794228",NA,NA,NA
"D","DISPATCH","UNIT_SCADA",1,"2018/06/01 10:05:00","WAUBRAWF","5.46",NA,NA,NA
"D","DISPATCH","UNIT_SCADA",1,"2018/06/01 10:05:00","WOOLNTH1","-0.509985",NA,NA,NA
"D","DISPATCH","UNIT_SCADA",1,"2018/06/01 10:05:00","WPWF","19",NA,NA,NA
"D","DISPATCH","UNIT_SCADA",1,"2018/06/01 10:05:00","YAMBUKWF","-0.20",NA,NA,NA
"D","DISPATCH","UNIT_SCADA",1,"2018/06/01 10:05:00","YSWF1","0",NA,NA,NA
"D","DISPATCH","UNIT_SCADA",1,"2018/06/01 10:10:00","BARCSF1","16.10",NA,NA,NA
"D","DISPATCH","UNIT_SCADA",1,"2018/06/01 10:10:00","BUTLERSG","9.199999",NA,NA,NA
"D","DISPATCH","UNIT_SCADA",1,"2018/06/01 10:10:00","CALL_A_4","0",NA,NA,NA
"D","DISPATCH","UNIT_SCADA",1,"2018/06/01 10:10:00","CAPTL_WF","10.491997",NA,NA,NA
"D","DISPATCH","UNIT_SCADA",1,"2018/06/01 10:10:00","CATHROCK","29.499998",NA,NA,NA
"D","DISPATCH","UNIT_SCADA",1,"2018/06/01 10:10:00","CHALLHWF","4.20",NA,NA,NA
"D","DISPATCH","UNIT_SCADA",1,"2018/06/01 10:10:00","CLOVER","12.41",NA,NA,NA
"D","DISPATCH","UNIT_SCADA",1,"2018/06/01 10:10:00","CLUNY","9.067979",NA,NA,NA
"D","DISPATCH","UNIT_SCADA",1,"2018/06/01 10:10:00","CNUNDAWF","9.511095",NA,NA,NA
"D","DISPATCH","UNIT_SCADA",1,"2018/06/01 10:10:00","CULLRGWF","0.27",NA,NA,NA
"D","DISPATCH","UNIT_SCADA",1,"2018/06/01 10:10:00","ERGT01","0",NA,NA,NA
"D","DISPATCH","UNIT_SCADA",1,"2018/06/01 10:10:00","GB01","0.054211",NA,NA,NA
"D","DISPATCH","UNIT_SCADA",1,"2018/06/01 10:10:00","GERMCRK","35.299999",NA,NA,NA
"D","DISPATCH","UNIT_SCADA",1,"2018/06/01 10:10:00","GRIFSF1","20.700005",NA,NA,NA
"D","DISPATCH","UNIT_SCADA",1,"2018/06/01 10:10:00","HUGSF1","-0.0130",NA,NA,NA
"D","DISPATCH","UNIT_SCADA",1,"2018/06/01 10:10:00","INVICTA","0",NA,NA,NA
"D","DISPATCH","UNIT_SCADA",1,"2018/06/01 10:10:00","LKBONNY1","14.110879",NA,NA,NA
"D","DISPATCH","UNIT_SCADA",1,"2018/06/01 10:10:00","LRSF1","6.9960",NA,NA,NA
"D","DISPATCH","UNIT_SCADA",1,"2018/06/01 10:10:00","MBAHNTH","55.349991",NA,NA,NA
"D","DISPATCH","UNIT_SCADA",1,"2018/06/01 10:10:00","MLSP1","3.723001",NA,NA,NA
"D","DISPATCH","UNIT_SCADA",1,"2018/06/01 10:10:00","MLWF1","2.22",NA,NA,NA
"D","DISPATCH","UNIT_SCADA",1,"2018/06/01 10:10:00","MTMILLAR","54.165306",NA,NA,NA
"D","DISPATCH","UNIT_SCADA",1,"2018/06/01 10:10:00","PALOONA","12.87",NA,NA,NA
"D","DISPATCH","UNIT_SCADA",1,"2018/06/01 10:10:00","PIONEER","-0.90",NA,NA,NA
"D","DISPATCH","UNIT_SCADA",1,"2018/06/01 10:10:00","PORTWF","0",NA,NA,NA
"D","DISPATCH","UNIT_SCADA",1,"2018/06/01 10:10:00","REPULSE","0",NA,NA,NA
"D","DISPATCH","UNIT_SCADA",1,"2018/06/01 10:10:00","ROWALLAN","6.4184",NA,NA,NA
"D","DISPATCH","UNIT_SCADA",1,"2018/06/01 10:10:00","ROYALLA1","16.082001",NA,NA,NA
"D","DISPATCH","UNIT_SCADA",1,"2018/06/01 10:10:00","RPCG","-0.30",NA,NA,NA
"D","DISPATCH","UNIT_SCADA",1,"2018/06/01 10:10:00","RUBICON","0",NA,NA,NA
"D","DISPATCH","UNIT_SCADA",1,"2018/06/01 10:10:00","SMCSF1","35.930981",NA,NA,NA
"D","DISPATCH","UNIT_SCADA",1,"2018/06/01 10:10:00","STARHLWF","19.194403",NA,NA,NA
"D","DISPATCH","UNIT_SCADA",1,"2018/06/01 10:10:00","WAUBRAWF","4.8550",NA,NA,NA
"D","DISPATCH","UNIT_SCADA",1,"2018/06/01 10:10:00","WOOLNTH1","-0.499985",NA,NA,NA
"D","DISPATCH","UNIT_SCADA",1,"2018/06/01 10:10:00","WPWF","17",NA,NA,NA
"D","DISPATCH","UNIT_SCADA",1,"2018/06/01 10:10:00","YAMBUKWF","-0.20",NA,NA,NA
"D","DISPATCH","UNIT_SCADA",1,"2018/06/01 10:10:00","YSWF1","0",NA,NA,NA
"D","DISPATCH","UNIT_SCADA",1,"2018/06/01 10:15:00","BARCSF1","16.10",NA,NA,NA
"D","DISPATCH","UNIT_SCADA",1,"2018/06/01 10:15:00","BUTLERSG","9.199999",NA,NA,NA
"D","DISPATCH","UNIT_SCADA",1,"2018/06/01 10:15:00","CALL_A_4","0",NA,NA,NA
"D","DISPATCH","UNIT_SCADA",1,"2018/06/01 10:15:00","CAPTL_WF","14.2920",NA,NA,NA
"D","DISPATCH","UNIT_SCADA",1,"2018/06/01 10:15:00","CATHROCK","30.069998",NA,NA,NA
"D","DISPATCH","UNIT_SCADA",1,"2018/06/01 10:15:00","CHALLHWF","3.20",NA,NA,NA
"D","DISPATCH","UNIT_SCADA",1,"2018/06/01 10:15:00","CLOVER","12.77",NA,NA,NA
"D","DISPATCH","UNIT_SCADA",1,"2018/06/01 10:15:00","CLUNY","9.053330",NA,NA,NA
"D","DISPATCH","UNIT_SCADA",1,"2018/06/01 10:15:00","CNUNDAWF","8.610044",NA,NA,NA
"D","DISPATCH","UNIT_SCADA",1,"2018/06/01 10:15:00","CULLRGWF","0.19",NA,NA,NA
"D","DISPATCH","UNIT_SCADA",1,"2018/06/01 10:15:00","ERGT01","0",NA,NA,NA
"D","DISPATCH","UNIT_SCADA",1,"2018/06/01 10:15:00","GB01","0.054211",NA,NA,NA
"D","DISPATCH","UNIT_SCADA",1,"2018/06/01 10:15:00","GERMCRK","35.700001",NA,NA,NA
"D","DISPATCH","UNIT_SCADA",1,"2018/06/01 10:15:00","GRIFSF1","20.599998",NA,NA,NA
"D","DISPATCH","UNIT_SCADA",1,"2018/06/01 10:15:00","HUGSF1","-0.0130",NA,NA,NA
"D","DISPATCH","UNIT_SCADA",1,"2018/06/01 10:15:00","INVICTA","0",NA,NA,NA
"D","DISPATCH","UNIT_SCADA",1,"2018/06/01 10:15:00","LKBONNY1","13.664332",NA,NA,NA
"D","DISPATCH","UNIT_SCADA",1,"2018/06/01 10:15:00","LRSF1","6.9960",NA,NA,NA
"D","DISPATCH","UNIT_SCADA",1,"2018/06/01 10:15:00","MBAHNTH","55.349991",NA,NA,NA
"D","DISPATCH","UNIT_SCADA",1,"2018/06/01 10:15:00","MLSP1","4.118001",NA,NA,NA
"D","DISPATCH","UNIT_SCADA",1,"2018/06/01 10:15:00","MLWF1","2.13",NA,NA,NA
"D","DISPATCH","UNIT_SCADA",1,"2018/06/01 10:15:00","MTMILLAR","55.3708",NA,NA,NA
"D","DISPATCH","UNIT_SCADA",1,"2018/06/01 10:15:00","PALOONA","12.87",NA,NA,NA
"D","DISPATCH","UNIT_SCADA",1,"2018/06/01 10:15:00","PIONEER","-0.90",NA,NA,NA
"D","DISPATCH","UNIT_SCADA",1,"2018/06/01 10:15:00","PORTWF","0",NA,NA,NA
"D","DISPATCH","UNIT_SCADA",1,"2018/06/01 10:15:00","REPULSE","0",NA,NA,NA
"D","DISPATCH","UNIT_SCADA",1,"2018/06/01 10:15:00","ROWALLAN","6.6243",NA,NA,NA
"D","DISPATCH","UNIT_SCADA",1,"2018/06/01 10:15:00","ROYALLA1","7.819001",NA,NA,NA
"D","DISPATCH","UNIT_SCADA",1,"2018/06/01 10:15:00","RPCG","-0.30",NA,NA,NA
"D","DISPATCH","UNIT_SCADA",1,"2018/06/01 10:15:00","RUBICON","0",NA,NA,NA
"D","DISPATCH","UNIT_SCADA",1,"2018/06/01 10:15:00","SMCSF1","36.029694",NA,NA,NA
"D","DISPATCH","UNIT_SCADA",1,"2018/06/01 10:15:00","STARHLWF","15.295540",NA,NA,NA
"D","DISPATCH","UNIT_SCADA",1,"2018/06/01 10:15:00","WAUBRAWF","4.9480",NA,NA,NA
"D","DISPATCH","UNIT_SCADA",1,"2018/06/01 10:15:00","WOOLNTH1","-0.389985",NA,NA,NA
"D","DISPATCH","UNIT_SCADA",1,"2018/06/01 10:15:00","WPWF","13",NA,NA,NA
"D","DISPATCH","UNIT_SCADA",1,"2018/06/01 10:15:00","YAMBUKWF","-0.20",NA,NA,NA
"D","DISPATCH","UNIT_SCADA",1,"2018/06/01 10:15:00","YSWF1","0",NA,NA,NA
"D","DISPATCH","UNIT_SCADA",1,"2018/06/01 10:20:00","BARCSF1","16.10",NA,NA,NA
"D","DISPATCH","UNIT_SCADA",1,"2018/06/01 10:20:00","BUTLERSG","9.199999",NA,NA,NA
"D","DISPATCH","UNIT_SCADA",1,"2018/06/01 10:20:00","CALL_A_4","0",NA,NA,NA
"D","DISPATCH","UNIT_SCADA",1,"2018/06/01 10:20:00","CAPTL_WF","23.519997",NA,NA,NA
"D","DISPATCH","UNIT_SCADA",1,"2018/06/01 10:20:00","CATHROCK","27.799999",NA,NA,NA
"D","DISPATCH","UNIT_SCADA",1,"2018/06/01 10:20:00","CHALLHWF","2.30",NA,NA,NA
"D","DISPATCH","UNIT_SCADA",1,"2018/06/01 10:20:00","CLOVER","12.64",NA,NA,NA
"D","DISPATCH","UNIT_SCADA",1,"2018/06/01 10:20:00","CLUNY","9.091783",NA,NA,NA
"D","DISPATCH","UNIT_SCADA",1,"2018/06/01 10:20:00","CNUNDAWF","7.708993",NA,NA,NA
"D","DISPATCH","UNIT_SCADA",1,"2018/06/01 10:20:00","CULLRGWF","0.09",NA,NA,NA
"D","DISPATCH","UNIT_SCADA",1,"2018/06/01 10:20:00","ERGT01","0",NA,NA,NA
"D","DISPATCH","UNIT_SCADA",1,"2018/06/01 10:20:00","GB01","0.054211",NA,NA,NA
"D","DISPATCH","UNIT_SCADA",1,"2018/06/01 10:20:00","GERMCRK","34.799999",NA,NA,NA
"D","DISPATCH","UNIT_SCADA",1,"2018/06/01 10:20:00","GRIFSF1","20.500008",NA,NA,NA
"D","DISPATCH","UNIT_SCADA",1,"2018/06/01 10:20:00","HUGSF1","-0.0130",NA,NA,NA
"D","DISPATCH","UNIT_SCADA",1,"2018/06/01 10:20:00","INVICTA","0",NA,NA,NA
"D","DISPATCH","UNIT_SCADA",1,"2018/06/01 10:20:00","LKBONNY1","13.307096",NA,NA,NA
"D","DISPATCH","UNIT_SCADA",1,"2018/06/01 10:20:00","LRSF1","6.9960",NA,NA,NA
"D","DISPATCH","UNIT_SCADA",1,"2018/06/01 10:20:00","MBAHNTH","55.349991",NA,NA,NA
"D","DISPATCH","UNIT_SCADA",1,"2018/06/01 10:20:00","MLSP1","6.667001",NA,NA,NA
"D","DISPATCH","UNIT_SCADA",1,"2018/06/01 10:20:00","MLWF1","2.16",NA,NA,NA
"D","DISPATCH","UNIT_SCADA",1,"2018/06/01 10:20:00","MTMILLAR","52.386833",NA,NA,NA
"D","DISPATCH","UNIT_SCADA",1,"2018/06/01 10:20:00","PALOONA","12.969999",NA,NA,NA
"D","DISPATCH","UNIT_SCADA",1,"2018/06/01 10:20:00","PIONEER","-0.90",NA,NA,NA
"D","DISPATCH","UNIT_SCADA",1,"2018/06/01 10:20:00","PORTWF","0.40",NA,NA,NA
"D","DISPATCH","UNIT_SCADA",1,"2018/06/01 10:20:00","REPULSE","0",NA,NA,NA
"D","DISPATCH","UNIT_SCADA",1,"2018/06/01 10:20:00","ROWALLAN","6.5533",NA,NA,NA
"D","DISPATCH","UNIT_SCADA",1,"2018/06/01 10:20:00","ROYALLA1","14.393001",NA,NA,NA
"D","DISPATCH","UNIT_SCADA",1,"2018/06/01 10:20:00","RPCG","-0.30",NA,NA,NA
"D","DISPATCH","UNIT_SCADA",1,"2018/06/01 10:20:00","RUBICON","0",NA,NA,NA
"D","DISPATCH","UNIT_SCADA",1,"2018/06/01 10:20:00","SMCSF1","36.025139",NA,NA,NA
"D","DISPATCH","UNIT_SCADA",1,"2018/06/01 10:20:00","STARHLWF","17.994753",NA,NA,NA
"D","DISPATCH","UNIT_SCADA",1,"2018/06/01 10:20:00","WAUBRAWF","4.4280",NA,NA,NA
"D","DISPATCH","UNIT_SCADA",1,"2018/06/01 10:20:00","WOOLNTH1","-0.389985",NA,NA,NA
"D","DISPATCH","UNIT_SCADA",1,"2018/06/01 10:20:00","WPWF","12",NA,NA,NA
"D","DISPATCH","UNIT_SCADA",1,"2018/06/01 10:20:00","YAMBUKWF","-0.20",NA,NA,NA
"D","DISPATCH","UNIT_SCADA",1,"2018/06/01 10:20:00","YSWF1","0",NA,NA,NA
"D","DISPATCH","UNIT_SCADA",1,"2018/06/01 10:25:00","BARCSF1","16.10",NA,NA,NA
"D","DISPATCH","UNIT_SCADA",1,"2018/06/01 10:25:00","BUTLERSG","9.199999",NA,NA,NA
"D","DISPATCH","UNIT_SCADA",1,"2018/06/01 10:25:00","CALL_A_4","0",NA,NA,NA
"D","DISPATCH","UNIT_SCADA",1,"2018/06/01 10:25:00","CAPTL_WF","17.239998",NA,NA,NA
"D","DISPATCH","UNIT_SCADA",1,"2018/06/01 10:25:00","CLUNY","9.100939",NA,NA,NA
"D","DISPATCH","UNIT_SCADA",1,"2018/06/01 10:25:00","CATHROCK","24.409998",NA,NA,NA
"D","DISPATCH","UNIT_SCADA",1,"2018/06/01 10:25:00","CHALLHWF","1.40",NA,NA,NA
"D","DISPATCH","UNIT_SCADA",1,"2018/06/01 10:25:00","CLOVER","12.81",NA,NA,NA
"D","DISPATCH","UNIT_SCADA",1,"2018/06/01 10:25:00","CNUNDAWF","7.708993",NA,NA,NA
"D","DISPATCH","UNIT_SCADA",1,"2018/06/01 10:25:00","CULLRGWF","0.37",NA,NA,NA
"D","DISPATCH","UNIT_SCADA",1,"2018/06/01 10:25:00","ERGT01","0",NA,NA,NA
"D","DISPATCH","UNIT_SCADA",1,"2018/06/01 10:25:00","GB01","0.054211",NA,NA,NA
"D","DISPATCH","UNIT_SCADA",1,"2018/06/01 10:25:00","GERMCRK","35.299999",NA,NA,NA
"D","DISPATCH","UNIT_SCADA",1,"2018/06/01 10:25:00","GRIFSF1","20.299995",NA,NA,NA
"D","DISPATCH","UNIT_SCADA",1,"2018/06/01 10:25:00","HUGSF1","-0.0130",NA,NA,NA
"D","DISPATCH","UNIT_SCADA",1,"2018/06/01 10:25:00","INVICTA","0",NA,NA,NA
"D","DISPATCH","UNIT_SCADA",1,"2018/06/01 10:25:00","LKBONNY1","12.503311",NA,NA,NA
"D","DISPATCH","UNIT_SCADA",1,"2018/06/01 10:25:00","LRSF1","6.9960",NA,NA,NA
"D","DISPATCH","UNIT_SCADA",1,"2018/06/01 10:25:00","MBAHNTH","55.349991",NA,NA,NA
"D","DISPATCH","UNIT_SCADA",1,"2018/06/01 10:25:00","MLSP1","5.797001",NA,NA,NA
"D","DISPATCH","UNIT_SCADA",1,"2018/06/01 10:25:00","MLWF1","2.19",NA,NA,NA
"D","DISPATCH","UNIT_SCADA",1,"2018/06/01 10:25:00","MTMILLAR","53.770916",NA,NA,NA
"D","DISPATCH","UNIT_SCADA",1,"2018/06/01 10:25:00","PALOONA","12.92",NA,NA,NA
"D","DISPATCH","UNIT_SCADA",1,"2018/06/01 10:25:00","PIONEER","-0.90",NA,NA,NA
"D","DISPATCH","UNIT_SCADA",1,"2018/06/01 10:25:00","PORTWF","0.10",NA,NA,NA
"D","DISPATCH","UNIT_SCADA",1,"2018/06/01 10:40:00","BARCSF1","16.10",NA,NA,NA
"D","DISPATCH","UNIT_SCADA",1,"2018/06/01 10:40:00","BUTLERSG","9.199999",NA,NA,NA
"D","DISPATCH","UNIT_SCADA",1,"2018/06/01 10:40:00","CALL_A_4","0",NA,NA,NA
"D","DISPATCH","UNIT_SCADA",1,"2018/06/01 10:40:00","CAPTL_WF","17.559998",NA,NA,NA
"D","DISPATCH","UNIT_SCADA",1,"2018/06/01 10:40:00","CATHROCK","21.489998",NA,NA,NA
"D","DISPATCH","UNIT_SCADA",1,"2018/06/01 10:40:00","CHALLHWF","0.20",NA,NA,NA
"D","DISPATCH","UNIT_SCADA",1,"2018/06/01 10:40:00","CLOVER","8.09",NA,NA,NA
"D","DISPATCH","UNIT_SCADA",1,"2018/06/01 10:40:00","CLUNY","9.048753",NA,NA,NA
"D","DISPATCH","UNIT_SCADA",1,"2018/06/01 10:40:00","CNUNDAWF","6.207241",NA,NA,NA
"D","DISPATCH","UNIT_SCADA",1,"2018/06/01 10:40:00","CULLRGWF","-0.05",NA,NA,NA
"D","DISPATCH","UNIT_SCADA",1,"2018/06/01 10:40:00","ERGT01","0",NA,NA,NA
"D","DISPATCH","UNIT_SCADA",1,"2018/06/01 10:40:00","GB01","0.047188",NA,NA,NA
"D","DISPATCH","UNIT_SCADA",1,"2018/06/01 10:40:00","GERMCRK","30.40",NA,NA,NA
"D","DISPATCH","UNIT_SCADA",1,"2018/06/01 10:40:00","GRIFSF1","19.799995",NA,NA,NA
"D","DISPATCH","UNIT_SCADA",1,"2018/06/01 10:40:00","HUGSF1","-0.0130",NA,NA,NA
"D","DISPATCH","UNIT_SCADA",1,"2018/06/01 10:40:00","INVICTA","0",NA,NA,NA
"D","DISPATCH","UNIT_SCADA",1,"2018/06/01 10:40:00","LKBONNY1","10.627814",NA,NA,NA
"D","DISPATCH","UNIT_SCADA",1,"2018/06/01 10:40:00","LRSF1","6.9960",NA,NA,NA
"D","DISPATCH","UNIT_SCADA",1,"2018/06/01 10:40:00","MBAHNTH","55.349991",NA,NA,NA
"D","DISPATCH","UNIT_SCADA",1,"2018/06/01 10:40:00","MLSP1","7.537001",NA,NA,NA
"D","DISPATCH","UNIT_SCADA",1,"2018/06/01 10:40:00","MLWF1","1.1250",NA,NA,NA
"D","DISPATCH","UNIT_SCADA",1,"2018/06/01 10:40:00","MTMILLAR","51.352489",NA,NA,NA
"D","DISPATCH","UNIT_SCADA",1,"2018/06/01 10:40:00","PALOONA","12.92",NA,NA,NA
"D","DISPATCH","UNIT_SCADA",1,"2018/06/01 10:40:00","PIONEER","-0.90",NA,NA,NA
"D","DISPATCH","UNIT_SCADA",1,"2018/06/01 10:40:00","PORTWF","-0.30",NA,NA,NA
"D","DISPATCH","UNIT_SCADA",1,"2018/06/01 10:40:00","REPULSE","0",NA,NA,NA
"D","DISPATCH","UNIT_SCADA",1,"2018/06/01 10:40:00","ROWALLAN","6.4823",NA,NA,NA
"D","DISPATCH","UNIT_SCADA",1,"2018/06/01 10:40:00","ROYALLA1","20.175001",NA,NA,NA
"D","DISPATCH","UNIT_SCADA",1,"2018/06/01 10:40:00","RPCG","-0.30",NA,NA,NA
"D","DISPATCH","UNIT_SCADA",1,"2018/06/01 10:40:00","RUBICON","0",NA,NA,NA
"D","DISPATCH","UNIT_SCADA",1,"2018/06/01 10:40:00","SMCSF1","36.007767",NA,NA,NA
"D","DISPATCH","UNIT_SCADA",1,"2018/06/01 10:40:00","STARHLWF","15.895365",NA,NA,NA
"D","DISPATCH","UNIT_SCADA",1,"2018/06/01 10:40:00","WAUBRAWF","1.7480",NA,NA,NA
"D","DISPATCH","UNIT_SCADA",1,"2018/06/01 10:40:00","WOOLNTH1","-0.439985",NA,NA,NA
"D","DISPATCH","UNIT_SCADA",1,"2018/06/01 10:40:00","WPWF","14",NA,NA,NA
"D","DISPATCH","UNIT_SCADA",1,"2018/06/01 10:40:00","YAMBUKWF","-0.20",NA,NA,NA
"D","DISPATCH","UNIT_SCADA",1,"2018/06/01 10:40:00","YSWF1","0",NA,NA,NA
"D","DISPATCH","UNIT_SCADA",1,"2018/06/01 10:25:00","REPULSE","0",NA,NA,NA
"D","DISPATCH","UNIT_SCADA",1,"2018/06/01 10:25:00","ROWALLAN","6.4255",NA,NA,NA
"D","DISPATCH","UNIT_SCADA",1,"2018/06/01 10:25:00","ROYALLA1","14.962001",NA,NA,NA
"D","DISPATCH","UNIT_SCADA",1,"2018/06/01 10:25:00","RPCG","-0.30",NA,NA,NA
"D","DISPATCH","UNIT_SCADA",1,"2018/06/01 10:25:00","RUBICON","0",NA,NA,NA
"D","DISPATCH","UNIT_SCADA",1,"2018/06/01 10:25:00","SMCSF1","36.039391",NA,NA,NA
"D","DISPATCH","UNIT_SCADA",1,"2018/06/01 10:25:00","STARHLWF","15.995336",NA,NA,NA
"D","DISPATCH","UNIT_SCADA",1,"2018/06/01 10:25:00","WAUBRAWF","3.5470",NA,NA,NA
"D","DISPATCH","UNIT_SCADA",1,"2018/06/01 10:25:00","WOOLNTH1","-0.449985",NA,NA,NA
"D","DISPATCH","UNIT_SCADA",1,"2018/06/01 10:25:00","WPWF","12",NA,NA,NA
"D","DISPATCH","UNIT_SCADA",1,"2018/06/01 10:25:00","YAMBUKWF","-0.20",NA,NA,NA
"D","DISPATCH","UNIT_SCADA",1,"2018/06/01 10:25:00","YSWF1","0",NA,NA,NA
"D","DISPATCH","UNIT_SCADA",1,"2018/06/01 10:30:00","BARCSF1","16.10",NA,NA,NA
"D","DISPATCH","UNIT_SCADA",1,"2018/06/01 10:30:00","BUTLERSG","9.199999",NA,NA,NA
"D","DISPATCH","UNIT_SCADA",1,"2018/06/01 10:30:00","CALL_A_4","0",NA,NA,NA
"D","DISPATCH","UNIT_SCADA",1,"2018/06/01 10:30:00","CAPTL_WF","18.867996",NA,NA,NA
"D","DISPATCH","UNIT_SCADA",1,"2018/06/01 10:30:00","CATHROCK","22.379999",NA,NA,NA
"D","DISPATCH","UNIT_SCADA",1,"2018/06/01 10:30:00","CLOVER","12.30",NA,NA,NA
"D","DISPATCH","UNIT_SCADA",1,"2018/06/01 10:30:00","CLUNY","9.057908",NA,NA,NA
"D","DISPATCH","UNIT_SCADA",1,"2018/06/01 10:30:00","CNUNDAWF","5.806774",NA,NA,NA
"D","DISPATCH","UNIT_SCADA",1,"2018/06/01 10:30:00","CULLRGWF","-0.11",NA,NA,NA
"D","DISPATCH","UNIT_SCADA",1,"2018/06/01 10:30:00","ERGT01","0",NA,NA,NA
"D","DISPATCH","UNIT_SCADA",1,"2018/06/01 10:30:00","GB01","0.054211",NA,NA,NA
"D","DISPATCH","UNIT_SCADA",1,"2018/06/01 10:30:00","GERMCRK","35.400002",NA,NA,NA
"D","DISPATCH","UNIT_SCADA",1,"2018/06/01 10:30:00","GRIFSF1","20.099998",NA,NA,NA
"D","DISPATCH","UNIT_SCADA",1,"2018/06/01 10:30:00","HUGSF1","-0.0130",NA,NA,NA
"D","DISPATCH","UNIT_SCADA",1,"2018/06/01 10:30:00","INVICTA","0",NA,NA,NA
"D","DISPATCH","UNIT_SCADA",1,"2018/06/01 10:30:00","LKBONNY1","12.860548",NA,NA,NA
"D","DISPATCH","UNIT_SCADA",1,"2018/06/01 10:30:00","LRSF1","6.9960",NA,NA,NA
"D","DISPATCH","UNIT_SCADA",1,"2018/06/01 10:30:00","MBAHNTH","55.349991",NA,NA,NA
"D","DISPATCH","UNIT_SCADA",1,"2018/06/01 10:30:00","MLSP1","5.478001",NA,NA,NA
"D","DISPATCH","UNIT_SCADA",1,"2018/06/01 10:30:00","MTMILLAR","52.706810",NA,NA,NA
"D","DISPATCH","UNIT_SCADA",1,"2018/06/01 10:30:00","PALOONA","12.92",NA,NA,NA
"D","DISPATCH","UNIT_SCADA",1,"2018/06/01 10:30:00","PIONEER","-0.90",NA,NA,NA
"D","DISPATCH","UNIT_SCADA",1,"2018/06/01 10:30:00","PORTWF","-0.20",NA,NA,NA
"D","DISPATCH","UNIT_SCADA",1,"2018/06/01 10:30:00","REPULSE","0",NA,NA,NA
"D","DISPATCH","UNIT_SCADA",1,"2018/06/01 10:30:00","ROWALLAN","6.5888",NA,NA,NA
"D","DISPATCH","UNIT_SCADA",1,"2018/06/01 10:30:00","ROYALLA1","18.303001",NA,NA,NA
"D","DISPATCH","UNIT_SCADA",1,"2018/06/01 10:30:00","RPCG","-0.30",NA,NA,NA
"D","DISPATCH","UNIT_SCADA",1,"2018/06/01 10:30:00","RUBICON","0",NA,NA,NA
"D","DISPATCH","UNIT_SCADA",1,"2018/06/01 10:30:00","SMCSF1","36.041939",NA,NA,NA
"D","DISPATCH","UNIT_SCADA",1,"2018/06/01 10:30:00","STARHLWF","16.395220",NA,NA,NA
"D","DISPATCH","UNIT_SCADA",1,"2018/06/01 10:30:00","WAUBRAWF","2.9180",NA,NA,NA
"D","DISPATCH","UNIT_SCADA",1,"2018/06/01 10:30:00","WOOLNTH1","-0.549985",NA,NA,NA
"D","DISPATCH","UNIT_SCADA",1,"2018/06/01 10:30:00","WPWF","12",NA,NA,NA
"D","DISPATCH","UNIT_SCADA",1,"2018/06/01 10:30:00","YSWF1","0",NA,NA,NA
"D","DISPATCH","UNIT_SCADA",1,"2018/06/01 10:35:00","BARCSF1","16.10",NA,NA,NA
"D","DISPATCH","UNIT_SCADA",1,"2018/06/01 10:35:00","BUTLERSG","9.199999",NA,NA,NA
"D","DISPATCH","UNIT_SCADA",1,"2018/06/01 10:35:00","CALL_A_4","0",NA,NA,NA
"D","DISPATCH","UNIT_SCADA",1,"2018/06/01 10:35:00","CAPTL_WF","33.155998",NA,NA,NA
"D","DISPATCH","UNIT_SCADA",1,"2018/06/01 10:35:00","CATHROCK","20.839998",NA,NA,NA
"D","DISPATCH","UNIT_SCADA",1,"2018/06/01 10:35:00","CHALLHWF","0.20",NA,NA,NA
"D","DISPATCH","UNIT_SCADA",1,"2018/06/01 10:35:00","CLOVER","12.25",NA,NA,NA
"D","DISPATCH","UNIT_SCADA",1,"2018/06/01 10:35:00","CLUNY","9.034104",NA,NA,NA
"D","DISPATCH","UNIT_SCADA",1,"2018/06/01 10:35:00","CNUNDAWF","6.107124",NA,NA,NA
"D","DISPATCH","UNIT_SCADA",1,"2018/06/01 10:35:00","CULLRGWF","-0.03",NA,NA,NA
"D","DISPATCH","UNIT_SCADA",1,"2018/06/01 10:35:00","ERGT01","0",NA,NA,NA
"D","DISPATCH","UNIT_SCADA",1,"2018/06/01 10:35:00","GB01","0.054211",NA,NA,NA
"D","DISPATCH","UNIT_SCADA",1,"2018/06/01 10:35:00","GERMCRK","33.50",NA,NA,NA
"D","DISPATCH","UNIT_SCADA",1,"2018/06/01 10:35:00","GRIFSF1","20.000008",NA,NA,NA
"D","DISPATCH","UNIT_SCADA",1,"2018/06/01 10:35:00","HUGSF1","-0.0130",NA,NA,NA
"D","DISPATCH","UNIT_SCADA",1,"2018/06/01 10:35:00","INVICTA","0",NA,NA,NA
"D","DISPATCH","UNIT_SCADA",1,"2018/06/01 10:35:00","LKBONNY1","13.217786",NA,NA,NA
"D","DISPATCH","UNIT_SCADA",1,"2018/06/01 10:35:00","LRSF1","6.9960",NA,NA,NA
"D","DISPATCH","UNIT_SCADA",1,"2018/06/01 10:35:00","MBAHNTH","55.349991",NA,NA,NA
"D","DISPATCH","UNIT_SCADA",1,"2018/06/01 10:35:00","MLSP1","7.522001",NA,NA,NA
"D","DISPATCH","UNIT_SCADA",1,"2018/06/01 10:35:00","MLWF1","1.6650",NA,NA,NA
"D","DISPATCH","UNIT_SCADA",1,"2018/06/01 10:35:00","MTMILLAR","52.371948",NA,NA,NA
"D","DISPATCH","UNIT_SCADA",1,"2018/06/01 10:35:00","PALOONA","12.92",NA,NA,NA
"D","DISPATCH","UNIT_SCADA",1,"2018/06/01 10:35:00","PIONEER","-0.90",NA,NA,NA
"D","DISPATCH","UNIT_SCADA",1,"2018/06/01 10:35:00","PORTWF","-0.20",NA,NA,NA
"D","DISPATCH","UNIT_SCADA",1,"2018/06/01 10:35:00","REPULSE","0",NA,NA,NA
"D","DISPATCH","UNIT_SCADA",1,"2018/06/01 10:35:00","ROWALLAN","6.4752",NA,NA,NA
"D","DISPATCH","UNIT_SCADA",1,"2018/06/01 10:35:00","ROYALLA1","20.1450",NA,NA,NA
"D","DISPATCH","UNIT_SCADA",1,"2018/06/01 10:35:00","RPCG","-0.30",NA,NA,NA
"D","DISPATCH","UNIT_SCADA",1,"2018/06/01 10:35:00","RUBICON","0",NA,NA,NA
"D","DISPATCH","UNIT_SCADA",1,"2018/06/01 10:35:00","SMCSF1","36.026051",NA,NA,NA
"D","DISPATCH","UNIT_SCADA",1,"2018/06/01 10:35:00","STARHLWF","16.495190",NA,NA,NA
"D","DISPATCH","UNIT_SCADA",1,"2018/06/01 10:35:00","WAUBRAWF","2.7070",NA,NA,NA
"D","DISPATCH","UNIT_SCADA",1,"2018/06/01 10:35:00","WOOLNTH1","-0.539985",NA,NA,NA
"D","DISPATCH","UNIT_SCADA",1,"2018/06/01 10:35:00","WPWF","11",NA,NA,NA
"D","DISPATCH","UNIT_SCADA",1,"2018/06/01 10:35:00","YAMBUKWF","-0.20",NA,NA,NA
"D","DISPATCH","UNIT_SCADA",1,"2018/06/01 10:35:00","YSWF1","0",NA,NA,NA
"D","DISPATCH","UNIT_SCADA",1,"2018/06/01 10:45:00","BARCSF1","16.10",NA,NA,NA
"D","DISPATCH","UNIT_SCADA",1,"2018/06/01 10:45:00","BUTLERSG","9.199999",NA,NA,NA
"D","DISPATCH","UNIT_SCADA",1,"2018/06/01 10:45:00","CALL_A_4","0",NA,NA,NA
"D","DISPATCH","UNIT_SCADA",1,"2018/06/01 10:45:00","CAPTL_WF","21.427994",NA,NA,NA
"D","DISPATCH","UNIT_SCADA",1,"2018/06/01 10:45:00","CATHROCK","21.209999",NA,NA,NA
"D","DISPATCH","UNIT_SCADA",1,"2018/06/01 10:45:00","CHALLHWF","0.20",NA,NA,NA
"D","DISPATCH","UNIT_SCADA",1,"2018/06/01 10:45:00","CLOVER","13.20",NA,NA,NA
"D","DISPATCH","UNIT_SCADA",1,"2018/06/01 10:45:00","CLUNY","9.077134",NA,NA,NA
"D","DISPATCH","UNIT_SCADA",1,"2018/06/01 10:45:00","CNUNDAWF","5.005839",NA,NA,NA
"D","DISPATCH","UNIT_SCADA",1,"2018/06/01 10:45:00","CULLRGWF","-0.05",NA,NA,NA
"D","DISPATCH","UNIT_SCADA",1,"2018/06/01 10:45:00","ERGT01","0",NA,NA,NA
"D","DISPATCH","UNIT_SCADA",1,"2018/06/01 10:45:00","GB01","0.047188",NA,NA,NA
"D","DISPATCH","UNIT_SCADA",1,"2018/06/01 10:45:00","GERMCRK","29.90",NA,NA,NA
"D","DISPATCH","UNIT_SCADA",1,"2018/06/01 10:45:00","GRIFSF1","19.700005",NA,NA,NA
"D","DISPATCH","UNIT_SCADA",1,"2018/06/01 10:45:00","HUGSF1","-0.0130",NA,NA,NA
"D","DISPATCH","UNIT_SCADA",1,"2018/06/01 10:45:00","INVICTA","0",NA,NA,NA
"D","DISPATCH","UNIT_SCADA",1,"2018/06/01 10:45:00","LKBONNY1","11.163671",NA,NA,NA
"D","DISPATCH","UNIT_SCADA",1,"2018/06/01 10:45:00","LRSF1","6.9960",NA,NA,NA
"D","DISPATCH","UNIT_SCADA",1,"2018/06/01 10:45:00","MBAHNTH","55.349991",NA,NA,NA
"D","DISPATCH","UNIT_SCADA",1,"2018/06/01 10:45:00","MLSP1","8.825001",NA,NA,NA
"D","DISPATCH","UNIT_SCADA",1,"2018/06/01 10:45:00","MLWF1","0.90",NA,NA,NA
"D","DISPATCH","UNIT_SCADA",1,"2018/06/01 10:45:00","MTMILLAR","53.294674",NA,NA,NA
"D","DISPATCH","UNIT_SCADA",1,"2018/06/01 10:45:00","PALOONA","12.92",NA,NA,NA
"D","DISPATCH","UNIT_SCADA",1,"2018/06/01 10:45:00","PIONEER","-0.90",NA,NA,NA
"D","DISPATCH","UNIT_SCADA",1,"2018/06/01 10:45:00","PORTWF","-0.40",NA,NA,NA
"D","DISPATCH","UNIT_SCADA",1,"2018/06/01 10:45:00","REPULSE","0",NA,NA,NA
"D","DISPATCH","UNIT_SCADA",1,"2018/06/01 10:45:00","ROWALLAN","6.4539",NA,NA,NA
"D","DISPATCH","UNIT_SCADA",1,"2018/06/01 10:45:00","ROYALLA1","18.309002",NA,NA,NA
"D","DISPATCH","UNIT_SCADA",1,"2018/06/01 10:45:00","RPCG","-0.30",NA,NA,NA
"D","DISPATCH","UNIT_SCADA",1,"2018/06/01 10:45:00","RUBICON","0",NA,NA,NA
"D","DISPATCH","UNIT_SCADA",1,"2018/06/01 10:45:00","SMCSF1","36.017590",NA,NA,NA
"D","DISPATCH","UNIT_SCADA",1,"2018/06/01 10:45:00","STARHLWF","14.595744",NA,NA,NA
"D","DISPATCH","UNIT_SCADA",1,"2018/06/01 10:45:00","WAUBRAWF","1.0570",NA,NA,NA
"D","DISPATCH","UNIT_SCADA",1,"2018/06/01 10:45:00","WOOLNTH1","-0.689985",NA,NA,NA
"D","DISPATCH","UNIT_SCADA",1,"2018/06/01 10:45:00","WPWF","14",NA,NA,NA
"D","DISPATCH","UNIT_SCADA",1,"2018/06/01 10:45:00","YAMBUKWF","0.10",NA,NA,NA
"D","DISPATCH","UNIT_SCADA",1,"2018/06/01 10:45:00","YSWF1","0",NA,NA,NA
"D","DISPATCH","UNIT_SCADA",1,"2018/06/01 10:50:00","BARCSF1","16.10",NA,NA,NA
"D","DISPATCH","UNIT_SCADA",1,"2018/06/01 10:50:00","BUTLERSG","9.199999",NA,NA,NA
"D","DISPATCH","UNIT_SCADA",1,"2018/06/01 10:50:00","CALL_A_4","0",NA,NA,NA
"D","DISPATCH","UNIT_SCADA",1,"2018/06/01 10:50:00","CAPTL_WF","22.548004",NA,NA,NA
"D","DISPATCH","UNIT_SCADA",1,"2018/06/01 10:50:00","CATHROCK","21.849998",NA,NA,NA
"D","DISPATCH","UNIT_SCADA",1,"2018/06/01 10:50:00","CHALLHWF","0",NA,NA,NA
"D","DISPATCH","UNIT_SCADA",1,"2018/06/01 10:50:00","CLOVER","12.48",NA,NA,NA
"D","DISPATCH","UNIT_SCADA",1,"2018/06/01 10:50:00","CLUNY","9.081712",NA,NA,NA
"D","DISPATCH","UNIT_SCADA",1,"2018/06/01 10:50:00","CNUNDAWF","5.606540",NA,NA,NA
"D","DISPATCH","UNIT_SCADA",1,"2018/06/01 10:50:00","CULLRGWF","0",NA,NA,NA
"D","DISPATCH","UNIT_SCADA",1,"2018/06/01 10:50:00","ERGT01","0",NA,NA,NA
"D","DISPATCH","UNIT_SCADA",1,"2018/06/01 10:50:00","GB01","0.047188",NA,NA,NA
"D","DISPATCH","UNIT_SCADA",1,"2018/06/01 10:50:00","GERMCRK","30.40",NA,NA,NA
"D","DISPATCH","UNIT_SCADA",1,"2018/06/01 10:50:00","GRIFSF1","19.500008",NA,NA,NA
"D","DISPATCH","UNIT_SCADA",1,"2018/06/01 10:50:00","HUGSF1","-0.0130",NA,NA,NA
"D","DISPATCH","UNIT_SCADA",1,"2018/06/01 10:50:00","INVICTA","0",NA,NA,NA
"D","DISPATCH","UNIT_SCADA",1,"2018/06/01 10:50:00","LKBONNY1","9.020246",NA,NA,NA
"D","DISPATCH","UNIT_SCADA",1,"2018/06/01 10:50:00","LRSF1","6.9960",NA,NA,NA
"D","DISPATCH","UNIT_SCADA",1,"2018/06/01 10:50:00","MBAHNTH","55.349991",NA,NA,NA
"D","DISPATCH","UNIT_SCADA",1,"2018/06/01 10:50:00","MLSP1","11.772001",NA,NA,NA
"D","DISPATCH","UNIT_SCADA",1,"2018/06/01 10:50:00","MLWF1","1.32",NA,NA,NA
"D","DISPATCH","UNIT_SCADA",1,"2018/06/01 10:50:00","MTMILLAR","53.004463",NA,NA,NA
"D","DISPATCH","UNIT_SCADA",1,"2018/06/01 10:50:00","PALOONA","12.92",NA,NA,NA
"D","DISPATCH","UNIT_SCADA",1,"2018/06/01 10:50:00","PIONEER","-0.90",NA,NA,NA
"D","DISPATCH","UNIT_SCADA",1,"2018/06/01 10:50:00","PORTWF","-0.30",NA,NA,NA
"D","DISPATCH","UNIT_SCADA",1,"2018/06/01 10:50:00","REPULSE","0",NA,NA,NA
"D","DISPATCH","UNIT_SCADA",1,"2018/06/01 10:50:00","ROWALLAN","6.5817",NA,NA,NA
"D","DISPATCH","UNIT_SCADA",1,"2018/06/01 10:50:00","ROYALLA1","18.915001",NA,NA,NA
"D","DISPATCH","UNIT_SCADA",1,"2018/06/01 10:50:00","RPCG","-0.30",NA,NA,NA
"D","DISPATCH","UNIT_SCADA",1,"2018/06/01 10:50:00","RUBICON","0",NA,NA,NA
"D","DISPATCH","UNIT_SCADA",1,"2018/06/01 10:50:00","SMCSF1","36.011772",NA,NA,NA
"D","DISPATCH","UNIT_SCADA",1,"2018/06/01 10:50:00","STARHLWF","12.696298",NA,NA,NA
"D","DISPATCH","UNIT_SCADA",1,"2018/06/01 10:50:00","WAUBRAWF","0.2660",NA,NA,NA
"D","DISPATCH","UNIT_SCADA",1,"2018/06/01 10:50:00","WOOLNTH1","-0.769985",NA,NA,NA
"D","DISPATCH","UNIT_SCADA",1,"2018/06/01 10:50:00","WPWF","13",NA,NA,NA
"D","DISPATCH","UNIT_SCADA",1,"2018/06/01 10:50:00","YAMBUKWF","0.40",NA,NA,NA
"D","DISPATCH","UNIT_SCADA",1,"2018/06/01 10:50:00","YSWF1","0.10",NA,NA,NA
"D","DISPATCH","UNIT_SCADA",1,"2018/06/01 10:55:00","BARCSF1","16.10",NA,NA,NA
"D","DISPATCH","UNIT_SCADA",1,"2018/06/01 10:55:00","BUTLERSG","9.199999",NA,NA,NA
"D","DISPATCH","UNIT_SCADA",1,"2018/06/01 10:55:00","CALL_A_4","0",NA,NA,NA
"D","DISPATCH","UNIT_SCADA",1,"2018/06/01 10:55:00","CAPTL_WF","33.551994",NA,NA,NA
"D","DISPATCH","UNIT_SCADA",1,"2018/06/01 10:55:00","CATHROCK","22.549999",NA,NA,NA
"D","DISPATCH","UNIT_SCADA",1,"2018/06/01 10:55:00","CHALLHWF","0",NA,NA,NA
"D","DISPATCH","UNIT_SCADA",1,"2018/06/01 10:55:00","CLOVER","12.400001",NA,NA,NA
"D","DISPATCH","UNIT_SCADA",1,"2018/06/01 10:55:00","CLUNY","9.100939",NA,NA,NA
"D","DISPATCH","UNIT_SCADA",1,"2018/06/01 10:55:00","CNUNDAWF","5.206073",NA,NA,NA
"D","DISPATCH","UNIT_SCADA",1,"2018/06/01 10:55:00","CULLRGWF","-0.13",NA,NA,NA
"D","DISPATCH","UNIT_SCADA",1,"2018/06/01 10:55:00","ERGT01","0",NA,NA,NA
"D","DISPATCH","UNIT_SCADA",1,"2018/06/01 10:55:00","GB01","0.047188",NA,NA,NA
"D","DISPATCH","UNIT_SCADA",1,"2018/06/01 10:55:00","GERMCRK","31.799999",NA,NA,NA
"D","DISPATCH","UNIT_SCADA",1,"2018/06/01 10:55:00","GRIFSF1","19.400002",NA,NA,NA
"D","DISPATCH","UNIT_SCADA",1,"2018/06/01 10:55:00","HUGSF1","-0.0130",NA,NA,NA
"D","DISPATCH","UNIT_SCADA",1,"2018/06/01 10:55:00","INVICTA","0",NA,NA,NA
"D","DISPATCH","UNIT_SCADA",1,"2018/06/01 10:55:00","LKBONNY1","8.841627",NA,NA,NA
"D","DISPATCH","UNIT_SCADA",1,"2018/06/01 10:55:00","LRSF1","6.9960",NA,NA,NA
"D","DISPATCH","UNIT_SCADA",1,"2018/06/01 10:55:00","MBAHNTH","55.349991",NA,NA,NA
"D","DISPATCH","UNIT_SCADA",1,"2018/06/01 10:55:00","MLSP1","12.204001",NA,NA,NA
"D","DISPATCH","UNIT_SCADA",1,"2018/06/01 10:55:00","MLWF1","1.32",NA,NA,NA
"D","DISPATCH","UNIT_SCADA",1,"2018/06/01 10:55:00","MTMILLAR","50.965542",NA,NA,NA
"D","DISPATCH","UNIT_SCADA",1,"2018/06/01 10:55:00","PALOONA","12.92",NA,NA,NA
"D","DISPATCH","UNIT_SCADA",1,"2018/06/01 10:55:00","PIONEER","-0.90",NA,NA,NA
"D","DISPATCH","UNIT_SCADA",1,"2018/06/01 10:55:00","PORTWF","-0.30",NA,NA,NA
"D","DISPATCH","UNIT_SCADA",1,"2018/06/01 10:55:00","REPULSE","0",NA,NA,NA
"D","DISPATCH","UNIT_SCADA",1,"2018/06/01 10:55:00","ROWALLAN","6.4894",NA,NA,NA
"D","DISPATCH","UNIT_SCADA",1,"2018/06/01 10:55:00","ROYALLA1","20.102001",NA,NA,NA
"D","DISPATCH","UNIT_SCADA",1,"2018/06/01 10:55:00","RPCG","-0.30",NA,NA,NA
"D","DISPATCH","UNIT_SCADA",1,"2018/06/01 10:55:00","RUBICON","0",NA,NA,NA
"D","DISPATCH","UNIT_SCADA",1,"2018/06/01 10:55:00","SMCSF1","36.012932",NA,NA,NA
"D","DISPATCH","UNIT_SCADA",1,"2018/06/01 10:55:00","STARHLWF","13.396093",NA,NA,NA
"D","DISPATCH","UNIT_SCADA",1,"2018/06/01 10:55:00","WAUBRAWF","0",NA,NA,NA
"D","DISPATCH","UNIT_SCADA",1,"2018/06/01 10:55:00","WOOLNTH1","-0.669985",NA,NA,NA
"D","DISPATCH","UNIT_SCADA",1,"2018/06/01 10:55:00","WPWF","12",NA,NA,NA
"D","DISPATCH","UNIT_SCADA",1,"2018/06/01 10:55:00","YAMBUKWF","0.40",NA,NA,NA
"D","DISPATCH","UNIT_SCADA",1,"2018/06/01 10:55:00","YSWF1","0",NA,NA,NA
"D","DISPATCH","UNIT_SCADA",1,"2018/06/01 11:00:00","BARCSF1","16.10",NA,NA,NA
"D","DISPATCH","UNIT_SCADA",1,"2018/06/01 11:00:00","BUTLERSG","9.199999",NA,NA,NA
"D","DISPATCH","UNIT_SCADA",1,"2018/06/01 11:00:00","CALL_A_4","0",NA,NA,NA
"D","DISPATCH","UNIT_SCADA",1,"2018/06/01 11:00:00","CAPTL_WF","39.975998",NA,NA,NA
"D","DISPATCH","UNIT_SCADA",1,"2018/06/01 11:00:00","CATHROCK","20.189999",NA,NA,NA
"D","DISPATCH","UNIT_SCADA",1,"2018/06/01 11:00:00","CHALLHWF","0",NA,NA,NA
"D","DISPATCH","UNIT_SCADA",1,"2018/06/01 11:00:00","CLOVER","12.320001",NA,NA,NA
"D","DISPATCH","UNIT_SCADA",1,"2018/06/01 11:00:00","CLUNY","9.110094",NA,NA,NA
"D","DISPATCH","UNIT_SCADA",1,"2018/06/01 11:00:00","CNUNDAWF","5.105956",NA,NA,NA
"D","DISPATCH","UNIT_SCADA",1,"2018/06/01 11:00:00","CULLRGWF","0.01",NA,NA,NA
"D","DISPATCH","UNIT_SCADA",1,"2018/06/01 11:00:00","ERGT01","0",NA,NA,NA
"D","DISPATCH","UNIT_SCADA",1,"2018/06/01 11:00:00","GB01","0.047188",NA,NA,NA
"D","DISPATCH","UNIT_SCADA",1,"2018/06/01 11:00:00","GERMCRK","30.200001",NA,NA,NA
"D","DISPATCH","UNIT_SCADA",1,"2018/06/01 11:00:00","GRIFSF1","19.299995",NA,NA,NA
"D","DISPATCH","UNIT_SCADA",1,"2018/06/01 11:00:00","HUGSF1","-0.0130",NA,NA,NA
"D","DISPATCH","UNIT_SCADA",1,"2018/06/01 11:00:00","INVICTA","0",NA,NA,NA
"D","DISPATCH","UNIT_SCADA",1,"2018/06/01 11:00:00","LKBONNY1","9.198864",NA,NA,NA
"D","DISPATCH","UNIT_SCADA",1,"2018/06/01 11:00:00","LRSF1","6.9960",NA,NA,NA
"D","DISPATCH","UNIT_SCADA",1,"2018/06/01 11:00:00","MBAHNTH","55.349991",NA,NA,NA
"D","DISPATCH","UNIT_SCADA",1,"2018/06/01 11:00:00","MLSP1","12.642001",NA,NA,NA
"D","DISPATCH","UNIT_SCADA",1,"2018/06/01 11:00:00","MLWF1","0.8850",NA,NA,NA
"D","DISPATCH","UNIT_SCADA",1,"2018/06/01 11:00:00","MTMILLAR","49.574017",NA,NA,NA
"D","DISPATCH","UNIT_SCADA",1,"2018/06/01 11:00:00","PALOONA","12.92",NA,NA,NA
"D","DISPATCH","UNIT_SCADA",1,"2018/06/01 11:00:00","PIONEER","-0.90",NA,NA,NA
"D","DISPATCH","UNIT_SCADA",1,"2018/06/01 11:00:00","PORTWF","-0.30",NA,NA,NA
"D","DISPATCH","UNIT_SCADA",1,"2018/06/01 11:00:00","REPULSE","0",NA,NA,NA
"D","DISPATCH","UNIT_SCADA",1,"2018/06/01 11:00:00","ROWALLAN","6.5888",NA,NA,NA
"D","DISPATCH","UNIT_SCADA",1,"2018/06/01 11:00:00","ROYALLA1","17.539001",NA,NA,NA
"D","DISPATCH","UNIT_SCADA",1,"2018/06/01 11:00:00","RPCG","-0.30",NA,NA,NA
"D","DISPATCH","UNIT_SCADA",1,"2018/06/01 11:00:00","RUBICON","0",NA,NA,NA
"D","DISPATCH","UNIT_SCADA",1,"2018/06/01 11:00:00","SMCSF1","36.050877",NA,NA,NA
"D","DISPATCH","UNIT_SCADA",1,"2018/06/01 11:00:00","STARHLWF","11.796560",NA,NA,NA
"D","DISPATCH","UNIT_SCADA",1,"2018/06/01 11:00:00","WAUBRAWF","0",NA,NA,NA
"D","DISPATCH","UNIT_SCADA",1,"2018/06/01 11:00:00","WOOLNTH1","-0.749985",NA,NA,NA
"D","DISPATCH","UNIT_SCADA",1,"2018/06/01 11:00:00","WPWF","12",NA,NA,NA
"D","DISPATCH","UNIT_SCADA",1,"2018/06/01 11:05:00","BUTLERSG","9.199999",NA,NA,NA
"D","DISPATCH","UNIT_SCADA",1,"2018/06/01 11:00:00","YAMBUKWF","0",NA,NA,NA
"D","DISPATCH","UNIT_SCADA",1,"2018/06/01 11:00:00","YSWF1","0.10",NA,NA,NA
"D","DISPATCH","UNIT_SCADA",1,"2018/06/01 11:05:00","BARCSF1","16.10",NA,NA,NA
"D","DISPATCH","UNIT_SCADA",1,"2018/06/01 11:05:00","CALL_A_4","0",NA,NA,NA
"D","DISPATCH","UNIT_SCADA",1,"2018/06/01 11:05:00","CAPTL_WF","21.891998",NA,NA,NA
"D","DISPATCH","UNIT_SCADA",1,"2018/06/01 11:05:00","CATHROCK","20.129999",NA,NA,NA
"D","DISPATCH","UNIT_SCADA",1,"2018/06/01 11:05:00","CHALLHWF","0",NA,NA,NA
"D","DISPATCH","UNIT_SCADA",1,"2018/06/01 11:05:00","CLOVER","12.72",NA,NA,NA
"D","DISPATCH","UNIT_SCADA",1,"2018/06/01 11:05:00","CLUNY","9.086289",NA,NA,NA
"D","DISPATCH","UNIT_SCADA",1,"2018/06/01 11:05:00","CNUNDAWF","4.705489",NA,NA,NA
"D","DISPATCH","UNIT_SCADA",1,"2018/06/01 11:05:00","CULLRGWF","-0.07",NA,NA,NA
"D","DISPATCH","UNIT_SCADA",1,"2018/06/01 11:05:00","ERGT01","0",NA,NA,NA
"D","DISPATCH","UNIT_SCADA",1,"2018/06/01 11:05:00","GB01","0.047188",NA,NA,NA
"D","DISPATCH","UNIT_SCADA",1,"2018/06/01 11:05:00","GERMCRK","30.50",NA,NA,NA
"D","DISPATCH","UNIT_SCADA",1,"2018/06/01 11:05:00","GRIFSF1","19.099998",NA,NA,NA
"D","DISPATCH","UNIT_SCADA",1,"2018/06/01 11:05:00","HUGSF1","-0.0130",NA,NA,NA
"D","DISPATCH","UNIT_SCADA",1,"2018/06/01 11:05:00","INVICTA","0",NA,NA,NA
"D","DISPATCH","UNIT_SCADA",1,"2018/06/01 11:05:00","LKBONNY1","9.377483",NA,NA,NA
"D","DISPATCH","UNIT_SCADA",1,"2018/06/01 11:05:00","LRSF1","6.9960",NA,NA,NA
"D","DISPATCH","UNIT_SCADA",1,"2018/06/01 11:05:00","MBAHNTH","55.349991",NA,NA,NA
"D","DISPATCH","UNIT_SCADA",1,"2018/06/01 11:05:00","MLSP1","12.646001",NA,NA,NA
"D","DISPATCH","UNIT_SCADA",1,"2018/06/01 11:05:00","MLWF1","0.6750",NA,NA,NA
"D","DISPATCH","UNIT_SCADA",1,"2018/06/01 11:05:00","MTMILLAR","48.465260",NA,NA,NA
"D","DISPATCH","UNIT_SCADA",1,"2018/06/01 11:05:00","PALOONA","12.92",NA,NA,NA
"D","DISPATCH","UNIT_SCADA",1,"2018/06/01 11:05:00","PIONEER","-0.90",NA,NA,NA
"D","DISPATCH","UNIT_SCADA",1,"2018/06/01 11:05:00","PORTWF","0.10",NA,NA,NA
"D","DISPATCH","UNIT_SCADA",1,"2018/06/01 11:05:00","REPULSE","0",NA,NA,NA
"D","DISPATCH","UNIT_SCADA",1,"2018/06/01 11:05:00","ROWALLAN","6.6811",NA,NA,NA
"D","DISPATCH","UNIT_SCADA",1,"2018/06/01 11:05:00","ROYALLA1","11.810001",NA,NA,NA
"D","DISPATCH","UNIT_SCADA",1,"2018/06/01 11:05:00","RPCG","-0.30",NA,NA,NA
"D","DISPATCH","UNIT_SCADA",1,"2018/06/01 11:05:00","RUBICON","0",NA,NA,NA
"D","DISPATCH","UNIT_SCADA",1,"2018/06/01 11:05:00","SMCSF1","36.030621",NA,NA,NA
"D","DISPATCH","UNIT_SCADA",1,"2018/06/01 11:05:00","STARHLWF","12.896239",NA,NA,NA
"D","DISPATCH","UNIT_SCADA",1,"2018/06/01 11:05:00","WAUBRAWF","0",NA,NA,NA
"D","DISPATCH","UNIT_SCADA",1,"2018/06/01 11:05:00","WOOLNTH1","-0.769985",NA,NA,NA
"D","DISPATCH","UNIT_SCADA",1,"2018/06/01 11:05:00","WPWF","12",NA,NA,NA
"D","DISPATCH","UNIT_SCADA",1,"2018/06/01 11:05:00","YAMBUKWF","-0.10",NA,NA,NA
"D","DISPATCH","UNIT_SCADA",1,"2018/06/01 11:05:00","YSWF1","0.10",NA,NA,NA
"D","DISPATCH","UNIT_SCADA",1,"2018/06/01 11:10:00","BARCSF1","16.10",NA,NA,NA
"D","DISPATCH","UNIT_SCADA",1,"2018/06/01 11:10:00","BUTLERSG","9.199999",NA,NA,NA
"D","DISPATCH","UNIT_SCADA",1,"2018/06/01 11:10:00","CALL_A_4","0",NA,NA,NA
"D","DISPATCH","UNIT_SCADA",1,"2018/06/01 11:10:00","CAPTL_WF","22.351997",NA,NA,NA
"D","DISPATCH","UNIT_SCADA",1,"2018/06/01 11:10:00","CATHROCK","23.989998",NA,NA,NA
"D","DISPATCH","UNIT_SCADA",1,"2018/06/01 11:25:00","BARCSF1","16.10",NA,NA,NA
"D","DISPATCH","UNIT_SCADA",1,"2018/06/01 11:25:00","BUTLERSG","9.199999",NA,NA,NA
"D","DISPATCH","UNIT_SCADA",1,"2018/06/01 11:25:00","CALL_A_4","0",NA,NA,NA
"D","DISPATCH","UNIT_SCADA",1,"2018/06/01 11:25:00","CAPTL_WF","19",NA,NA,NA
"D","DISPATCH","UNIT_SCADA",1,"2018/06/01 11:25:00","CATHROCK","23.98",NA,NA,NA
"D","DISPATCH","UNIT_SCADA",1,"2018/06/01 11:25:00","CHALLHWF","0",NA,NA,NA
"D","DISPATCH","UNIT_SCADA",1,"2018/06/01 11:25:00","CLOVER","-0.01",NA,NA,NA
"D","DISPATCH","UNIT_SCADA",1,"2018/06/01 11:25:00","CLUNY","8.867476",NA,NA,NA
"D","DISPATCH","UNIT_SCADA",1,"2018/06/01 11:25:00","CNUNDAWF","5.105956",NA,NA,NA
"D","DISPATCH","UNIT_SCADA",1,"2018/06/01 11:25:00","CULLRGWF","1",NA,NA,NA
"D","DISPATCH","UNIT_SCADA",1,"2018/06/01 11:25:00","ERGT01","0",NA,NA,NA
"D","DISPATCH","UNIT_SCADA",1,"2018/06/01 11:25:00","GB01","0.042091",NA,NA,NA
"D","DISPATCH","UNIT_SCADA",1,"2018/06/01 11:25:00","GERMCRK","34.299999",NA,NA,NA
"D","DISPATCH","UNIT_SCADA",1,"2018/06/01 11:25:00","GRIFSF1","18.700005",NA,NA,NA
"D","DISPATCH","UNIT_SCADA",1,"2018/06/01 11:25:00","HUGSF1","-0.0130",NA,NA,NA
"D","DISPATCH","UNIT_SCADA",1,"2018/06/01 11:25:00","INVICTA","0",NA,NA,NA
"D","DISPATCH","UNIT_SCADA",1,"2018/06/01 11:25:00","LKBONNY1","11.520907",NA,NA,NA
"D","DISPATCH","UNIT_SCADA",1,"2018/06/01 11:25:00","LRSF1","6.9960",NA,NA,NA
"D","DISPATCH","UNIT_SCADA",1,"2018/06/01 11:25:00","MBAHNTH","55.349991",NA,NA,NA
"D","DISPATCH","UNIT_SCADA",1,"2018/06/01 11:25:00","MLSP1","7.548001",NA,NA,NA
"D","DISPATCH","UNIT_SCADA",1,"2018/06/01 11:25:00","MLWF1","0.2850",NA,NA,NA
"D","DISPATCH","UNIT_SCADA",1,"2018/06/01 11:25:00","MTMILLAR","50.906013",NA,NA,NA
"D","DISPATCH","UNIT_SCADA",1,"2018/06/01 11:25:00","PALOONA","12.75",NA,NA,NA
"D","DISPATCH","UNIT_SCADA",1,"2018/06/01 11:25:00","PIONEER","-0.90",NA,NA,NA
"D","DISPATCH","UNIT_SCADA",1,"2018/06/01 11:25:00","PORTWF","0",NA,NA,NA
"D","DISPATCH","UNIT_SCADA",1,"2018/06/01 11:25:00","REPULSE","0",NA,NA,NA
"D","DISPATCH","UNIT_SCADA",1,"2018/06/01 11:25:00","ROWALLAN","6.7024",NA,NA,NA
"D","DISPATCH","UNIT_SCADA",1,"2018/06/01 11:25:00","ROYALLA1","18.198002",NA,NA,NA
"D","DISPATCH","UNIT_SCADA",1,"2018/06/01 11:25:00","RPCG","-0.30",NA,NA,NA
"D","DISPATCH","UNIT_SCADA",1,"2018/06/01 11:25:00","RUBICON","0",NA,NA,NA
"D","DISPATCH","UNIT_SCADA",1,"2018/06/01 11:25:00","SMCSF1","35.979420",NA,NA,NA
"D","DISPATCH","UNIT_SCADA",1,"2018/06/01 11:25:00","STARHLWF","10.197026",NA,NA,NA
"D","DISPATCH","UNIT_SCADA",1,"2018/06/01 11:25:00","WAUBRAWF","0",NA,NA,NA
"D","DISPATCH","UNIT_SCADA",1,"2018/06/01 11:25:00","WOOLNTH1","-0.769985",NA,NA,NA
"D","DISPATCH","UNIT_SCADA",1,"2018/06/01 11:25:00","WPWF","20",NA,NA,NA
"D","DISPATCH","UNIT_SCADA",1,"2018/06/01 11:25:00","YAMBUKWF","-0.20",NA,NA,NA
"D","DISPATCH","UNIT_SCADA",1,"2018/06/01 11:25:00","YSWF1","0",NA,NA,NA
"D","DISPATCH","UNIT_SCADA",1,"2018/06/01 11:10:00","CHALLHWF","0",NA,NA,NA
"D","DISPATCH","UNIT_SCADA",1,"2018/06/01 11:10:00","CLOVER","1.99",NA,NA,NA
"D","DISPATCH","UNIT_SCADA",1,"2018/06/01 11:10:00","CLUNY","9.091783",NA,NA,NA
"D","DISPATCH","UNIT_SCADA",1,"2018/06/01 11:10:00","CNUNDAWF","4.405139",NA,NA,NA
"D","DISPATCH","UNIT_SCADA",1,"2018/06/01 11:10:00","CULLRGWF","0.73",NA,NA,NA
"D","DISPATCH","UNIT_SCADA",1,"2018/06/01 11:10:00","ERGT01","0",NA,NA,NA
"D","DISPATCH","UNIT_SCADA",1,"2018/06/01 11:10:00","GB01","0.047188",NA,NA,NA
"D","DISPATCH","UNIT_SCADA",1,"2018/06/01 11:10:00","GERMCRK","32.599998",NA,NA,NA
"D","DISPATCH","UNIT_SCADA",1,"2018/06/01 11:10:00","GRIFSF1","19.000008",NA,NA,NA
"D","DISPATCH","UNIT_SCADA",1,"2018/06/01 11:10:00","HUGSF1","-0.0130",NA,NA,NA
"D","DISPATCH","UNIT_SCADA",1,"2018/06/01 11:10:00","INVICTA","0",NA,NA,NA
"D","DISPATCH","UNIT_SCADA",1,"2018/06/01 11:10:00","LKBONNY1","9.288174",NA,NA,NA
"D","DISPATCH","UNIT_SCADA",1,"2018/06/01 11:10:00","LRSF1","6.9960",NA,NA,NA
"D","DISPATCH","UNIT_SCADA",1,"2018/06/01 11:10:00","MBAHNTH","55.349991",NA,NA,NA
"D","DISPATCH","UNIT_SCADA",1,"2018/06/01 11:10:00","MLSP1","4.711001",NA,NA,NA
"D","DISPATCH","UNIT_SCADA",1,"2018/06/01 11:10:00","MLWF1","0.48",NA,NA,NA
"D","DISPATCH","UNIT_SCADA",1,"2018/06/01 11:10:00","MTMILLAR","49.990730",NA,NA,NA
"D","DISPATCH","UNIT_SCADA",1,"2018/06/01 11:10:00","PALOONA","12.92",NA,NA,NA
"D","DISPATCH","UNIT_SCADA",1,"2018/06/01 11:10:00","PIONEER","-0.90",NA,NA,NA
"D","DISPATCH","UNIT_SCADA",1,"2018/06/01 11:10:00","PORTWF","0.20",NA,NA,NA
"D","DISPATCH","UNIT_SCADA",1,"2018/06/01 11:10:00","REPULSE","0",NA,NA,NA
"D","DISPATCH","UNIT_SCADA",1,"2018/06/01 11:10:00","ROWALLAN","6.6101",NA,NA,NA
"D","DISPATCH","UNIT_SCADA",1,"2018/06/01 11:10:00","ROYALLA1","19.272001",NA,NA,NA
"D","DISPATCH","UNIT_SCADA",1,"2018/06/01 11:10:00","RPCG","-0.30",NA,NA,NA
"D","DISPATCH","UNIT_SCADA",1,"2018/06/01 11:10:00","RUBICON","0",NA,NA,NA
"D","DISPATCH","UNIT_SCADA",1,"2018/06/01 11:10:00","SMCSF1","36.002125",NA,NA,NA
"D","DISPATCH","UNIT_SCADA",1,"2018/06/01 11:10:00","STARHLWF","12.496356",NA,NA,NA
"D","DISPATCH","UNIT_SCADA",1,"2018/06/01 11:10:00","WAUBRAWF","0",NA,NA,NA
"D","DISPATCH","UNIT_SCADA",1,"2018/06/01 11:10:00","WOOLNTH1","-0.769985",NA,NA,NA
"D","DISPATCH","UNIT_SCADA",1,"2018/06/01 11:10:00","WPWF","13",NA,NA,NA
"D","DISPATCH","UNIT_SCADA",1,"2018/06/01 11:10:00","YAMBUKWF","-0.20",NA,NA,NA
"D","DISPATCH","UNIT_SCADA",1,"2018/06/01 11:10:00","YSWF1","0.10",NA,NA,NA
"D","DISPATCH","UNIT_SCADA",1,"2018/06/01 11:15:00","BARCSF1","16.10",NA,NA,NA
"D","DISPATCH","UNIT_SCADA",1,"2018/06/01 11:15:00","BUTLERSG","9.199999",NA,NA,NA
"D","DISPATCH","UNIT_SCADA",1,"2018/06/01 11:15:00","CALL_A_4","0",NA,NA,NA
"D","DISPATCH","UNIT_SCADA",1,"2018/06/01 11:15:00","CAPTL_WF","23.7920",NA,NA,NA
"D","DISPATCH","UNIT_SCADA",1,"2018/06/01 11:15:00","CATHROCK","23.099998",NA,NA,NA
"D","DISPATCH","UNIT_SCADA",1,"2018/06/01 11:15:00","CHALLHWF","0",NA,NA,NA
"D","DISPATCH","UNIT_SCADA",1,"2018/06/01 11:15:00","CLOVER","0.26",NA,NA,NA
"D","DISPATCH","UNIT_SCADA",1,"2018/06/01 11:15:00","CLUNY","9.124743",NA,NA,NA
"D","DISPATCH","UNIT_SCADA",1,"2018/06/01 11:15:00","CNUNDAWF","4.805606",NA,NA,NA
"D","DISPATCH","UNIT_SCADA",1,"2018/06/01 11:15:00","CULLRGWF","1.25",NA,NA,NA
"D","DISPATCH","UNIT_SCADA",1,"2018/06/01 11:15:00","ERGT01","0",NA,NA,NA
"D","DISPATCH","UNIT_SCADA",1,"2018/06/01 11:15:00","GB01","0.047188",NA,NA,NA
"D","DISPATCH","UNIT_SCADA",1,"2018/06/01 11:15:00","GERMCRK","33.200001",NA,NA,NA
"D","DISPATCH","UNIT_SCADA",1,"2018/06/01 11:15:00","GRIFSF1","18.896881",NA,NA,NA
"D","DISPATCH","UNIT_SCADA",1,"2018/06/01 11:15:00","HUGSF1","-0.0130",NA,NA,NA
"D","DISPATCH","UNIT_SCADA",1,"2018/06/01 11:15:00","INVICTA","0",NA,NA,NA
"D","DISPATCH","UNIT_SCADA",1,"2018/06/01 11:15:00","LKBONNY1","10.002648",NA,NA,NA
"D","DISPATCH","UNIT_SCADA",1,"2018/06/01 11:15:00","LRSF1","6.9960",NA,NA,NA
"D","DISPATCH","UNIT_SCADA",1,"2018/06/01 11:15:00","MBAHNTH","55.349991",NA,NA,NA
"D","DISPATCH","UNIT_SCADA",1,"2018/06/01 11:15:00","MLSP1","3.912001",NA,NA,NA
"D","DISPATCH","UNIT_SCADA",1,"2018/06/01 11:15:00","MLWF1","0.48",NA,NA,NA
"D","DISPATCH","UNIT_SCADA",1,"2018/06/01 11:15:00","MTMILLAR","50.228851",NA,NA,NA
"D","DISPATCH","UNIT_SCADA",1,"2018/06/01 11:15:00","PALOONA","12.92",NA,NA,NA
"D","DISPATCH","UNIT_SCADA",1,"2018/06/01 11:15:00","PIONEER","-0.90",NA,NA,NA
"D","DISPATCH","UNIT_SCADA",1,"2018/06/01 11:15:00","PORTWF","-0.20",NA,NA,NA
"D","DISPATCH","UNIT_SCADA",1,"2018/06/01 11:15:00","REPULSE","0",NA,NA,NA
"D","DISPATCH","UNIT_SCADA",1,"2018/06/01 11:15:00","ROWALLAN","6.4397",NA,NA,NA
"D","DISPATCH","UNIT_SCADA",1,"2018/06/01 11:15:00","ROYALLA1","19.9610",NA,NA,NA
"D","DISPATCH","UNIT_SCADA",1,"2018/06/01 11:15:00","RPCG","-0.30",NA,NA,NA
"D","DISPATCH","UNIT_SCADA",1,"2018/06/01 11:15:00","RUBICON","0",NA,NA,NA
"D","DISPATCH","UNIT_SCADA",1,"2018/06/01 11:15:00","SMCSF1","36.015892",NA,NA,NA
"D","DISPATCH","UNIT_SCADA",1,"2018/06/01 11:15:00","STARHLWF","11.096765",NA,NA,NA
"D","DISPATCH","UNIT_SCADA",1,"2018/06/01 11:15:00","WAUBRAWF","0",NA,NA,NA
"D","DISPATCH","UNIT_SCADA",1,"2018/06/01 11:15:00","WOOLNTH1","-0.769985",NA,NA,NA
"D","DISPATCH","UNIT_SCADA",1,"2018/06/01 11:15:00","WPWF","16",NA,NA,NA
"D","DISPATCH","UNIT_SCADA",1,"2018/06/01 11:15:00","YAMBUKWF","-0.20",NA,NA,NA
"D","DISPATCH","UNIT_SCADA",1,"2018/06/01 11:15:00","YSWF1","0.10",NA,NA,NA
"D","DISPATCH","UNIT_SCADA",1,"2018/06/01 11:20:00","BARCSF1","16.10",NA,NA,NA
"D","DISPATCH","UNIT_SCADA",1,"2018/06/01 11:20:00","BUTLERSG","9.099998",NA,NA,NA
"D","DISPATCH","UNIT_SCADA",1,"2018/06/01 11:20:00","CALL_A_4","0",NA,NA,NA
"D","DISPATCH","UNIT_SCADA",1,"2018/06/01 11:20:00","CAPTL_WF","18.2920",NA,NA,NA
"D","DISPATCH","UNIT_SCADA",1,"2018/06/01 11:20:00","CATHROCK","23.469999",NA,NA,NA
"D","DISPATCH","UNIT_SCADA",1,"2018/06/01 11:20:00","CHALLHWF","0",NA,NA,NA
"D","DISPATCH","UNIT_SCADA",1,"2018/06/01 11:20:00","CLOVER","-0.02",NA,NA,NA
"D","DISPATCH","UNIT_SCADA",1,"2018/06/01 11:20:00","CLUNY","8.910506",NA,NA,NA
"D","DISPATCH","UNIT_SCADA",1,"2018/06/01 11:20:00","CNUNDAWF","5.206073",NA,NA,NA
"D","DISPATCH","UNIT_SCADA",1,"2018/06/01 11:20:00","CULLRGWF","0.96",NA,NA,NA
"D","DISPATCH","UNIT_SCADA",1,"2018/06/01 11:20:00","ERGT01","0",NA,NA,NA
"D","DISPATCH","UNIT_SCADA",1,"2018/06/01 11:20:00","GB01","0.047188",NA,NA,NA
"D","DISPATCH","UNIT_SCADA",1,"2018/06/01 11:20:00","GERMCRK","33",NA,NA,NA
"D","DISPATCH","UNIT_SCADA",1,"2018/06/01 11:20:00","GRIFSF1","18.799995",NA,NA,NA
"D","DISPATCH","UNIT_SCADA",1,"2018/06/01 11:20:00","HUGSF1","-0.0130",NA,NA,NA
"D","DISPATCH","UNIT_SCADA",1,"2018/06/01 11:20:00","INVICTA","0",NA,NA,NA
"D","DISPATCH","UNIT_SCADA",1,"2018/06/01 11:20:00","LKBONNY1","10.895742",NA,NA,NA
"D","DISPATCH","UNIT_SCADA",1,"2018/06/01 11:20:00","LRSF1","6.9960",NA,NA,NA
"D","DISPATCH","UNIT_SCADA",1,"2018/06/01 11:20:00","MBAHNTH","55.349991",NA,NA,NA
"D","DISPATCH","UNIT_SCADA",1,"2018/06/01 11:20:00","MLSP1","4.713001",NA,NA,NA
"D","DISPATCH","UNIT_SCADA",1,"2018/06/01 11:20:00","MLWF1","0.39",NA,NA,NA
"D","DISPATCH","UNIT_SCADA",1,"2018/06/01 11:20:00","MTMILLAR","51.255753",NA,NA,NA
"D","DISPATCH","UNIT_SCADA",1,"2018/06/01 11:20:00","PALOONA","12.92",NA,NA,NA
"D","DISPATCH","UNIT_SCADA",1,"2018/06/01 11:20:00","PIONEER","-0.90",NA,NA,NA
"D","DISPATCH","UNIT_SCADA",1,"2018/06/01 11:20:00","PORTWF","0.10",NA,NA,NA
"D","DISPATCH","UNIT_SCADA",1,"2018/06/01 11:20:00","REPULSE","0",NA,NA,NA
"D","DISPATCH","UNIT_SCADA",1,"2018/06/01 11:20:00","ROWALLAN","6.3971",NA,NA,NA
"D","DISPATCH","UNIT_SCADA",1,"2018/06/01 11:20:00","ROYALLA1","14.924001",NA,NA,NA
"D","DISPATCH","UNIT_SCADA",1,"2018/06/01 11:20:00","RPCG","-0.30",NA,NA,NA
"D","DISPATCH","UNIT_SCADA",1,"2018/06/01 11:20:00","RUBICON","0",NA,NA,NA
"D","DISPATCH","UNIT_SCADA",1,"2018/06/01 11:20:00","SMCSF1","36.028774",NA,NA,NA
"D","DISPATCH","UNIT_SCADA",1,"2018/06/01 11:20:00","STARHLWF","10.197026",NA,NA,NA
"D","DISPATCH","UNIT_SCADA",1,"2018/06/01 11:20:00","WAUBRAWF","0",NA,NA,NA
"D","DISPATCH","UNIT_SCADA",1,"2018/06/01 11:20:00","WOOLNTH1","-0.829985",NA,NA,NA
"D","DISPATCH","UNIT_SCADA",1,"2018/06/01 11:20:00","WPWF","18",NA,NA,NA
"D","DISPATCH","UNIT_SCADA",1,"2018/06/01 11:20:00","YAMBUKWF","-0.20",NA,NA,NA
"D","DISPATCH","UNIT_SCADA",1,"2018/06/01 11:20:00","YSWF1","0.10",NA,NA,NA
"D","DISPATCH","UNIT_SCADA",1,"2018/06/01 11:30:00","BARCSF1","16.10",NA,NA,NA
"D","DISPATCH","UNIT_SCADA",1,"2018/06/01 11:30:00","BUTLERSG","9.199999",NA,NA,NA
"D","DISPATCH","UNIT_SCADA",1,"2018/06/01 11:30:00","CALL_A_4","0",NA,NA,NA
"D","DISPATCH","UNIT_SCADA",1,"2018/06/01 11:30:00","CAPTL_WF","20.059998",NA,NA,NA
"D","DISPATCH","UNIT_SCADA",1,"2018/06/01 11:30:00","CATHROCK","23.939999",NA,NA,NA
"D","DISPATCH","UNIT_SCADA",1,"2018/06/01 11:30:00","CLOVER","-0.01",NA,NA,NA
"D","DISPATCH","UNIT_SCADA",1,"2018/06/01 11:30:00","CLUNY","8.858320",NA,NA,NA
"D","DISPATCH","UNIT_SCADA",1,"2018/06/01 11:30:00","CNUNDAWF","3.904555",NA,NA,NA
"D","DISPATCH","UNIT_SCADA",1,"2018/06/01 11:30:00","CULLRGWF","1.36",NA,NA,NA
"D","DISPATCH","UNIT_SCADA",1,"2018/06/01 11:30:00","ERGT01","0",NA,NA,NA
"D","DISPATCH","UNIT_SCADA",1,"2018/06/01 11:30:00","GB01","0.042091",NA,NA,NA
"D","DISPATCH","UNIT_SCADA",1,"2018/06/01 11:30:00","GERMCRK","35.200001",NA,NA,NA
"D","DISPATCH","UNIT_SCADA",1,"2018/06/01 11:30:00","GRIFSF1","18.599998",NA,NA,NA
"D","DISPATCH","UNIT_SCADA",1,"2018/06/01 11:30:00","HUGSF1","-0.0130",NA,NA,NA
"D","DISPATCH","UNIT_SCADA",1,"2018/06/01 11:30:00","INVICTA","0",NA,NA,NA
"D","DISPATCH","UNIT_SCADA",1,"2018/06/01 11:30:00","LKBONNY1","10.270576",NA,NA,NA
"D","DISPATCH","UNIT_SCADA",1,"2018/06/01 11:30:00","LRSF1","6.9960",NA,NA,NA
"D","DISPATCH","UNIT_SCADA",1,"2018/06/01 11:30:00","MBAHNTH","55.349991",NA,NA,NA
"D","DISPATCH","UNIT_SCADA",1,"2018/06/01 11:30:00","MLSP1","4.740001",NA,NA,NA
"D","DISPATCH","UNIT_SCADA",1,"2018/06/01 11:30:00","MTMILLAR","48.361084",NA,NA,NA
"D","DISPATCH","UNIT_SCADA",1,"2018/06/01 11:30:00","PALOONA","12.46",NA,NA,NA
"D","DISPATCH","UNIT_SCADA",1,"2018/06/01 11:30:00","PIONEER","-0.90",NA,NA,NA
"D","DISPATCH","UNIT_SCADA",1,"2018/06/01 11:30:00","PORTWF","-0.20",NA,NA,NA
"D","DISPATCH","UNIT_SCADA",1,"2018/06/01 11:30:00","REPULSE","0",NA,NA,NA
"D","DISPATCH","UNIT_SCADA",1,"2018/06/01 11:30:00","ROWALLAN","6.5391",NA,NA,NA
"D","DISPATCH","UNIT_SCADA",1,"2018/06/01 11:30:00","ROYALLA1","18.680002",NA,NA,NA
"D","DISPATCH","UNIT_SCADA",1,"2018/06/01 11:30:00","RPCG","-0.30",NA,NA,NA
"D","DISPATCH","UNIT_SCADA",1,"2018/06/01 11:30:00","RUBICON","0",NA,NA,NA
"D","DISPATCH","UNIT_SCADA",1,"2018/06/01 11:30:00","SMCSF1","36.017292",NA,NA,NA
"D","DISPATCH","UNIT_SCADA",1,"2018/06/01 11:30:00","STARHLWF","8.897406",NA,NA,NA
"D","DISPATCH","UNIT_SCADA",1,"2018/06/01 11:30:00","WAUBRAWF","0",NA,NA,NA
"D","DISPATCH","UNIT_SCADA",1,"2018/06/01 11:30:00","WOOLNTH1","-0.759985",NA,NA,NA
"D","DISPATCH","UNIT_SCADA",1,"2018/06/01 11:30:00","WPWF","20",NA,NA,NA
"D","DISPATCH","UNIT_SCADA",1,"2018/06/01 11:30:00","YSWF1","0.10",NA,NA,NA
"D","DISPATCH","UNIT_SCADA",1,"2018/06/01 11:35:00","BARCSF1","16.10",NA,NA,NA
"D","DISPATCH","UNIT_SCADA",1,"2018/06/01 11:35:00","BUTLERSG","9.199999",NA,NA,NA
"D","DISPATCH","UNIT_SCADA",1,"2018/06/01 11:35:00","CALL_A_4","0",NA,NA,NA
"D","DISPATCH","UNIT_SCADA",1,"2018/06/01 11:35:00","CAPTL_WF","19.987999",NA,NA,NA
"D","DISPATCH","UNIT_SCADA",1,"2018/06/01 11:35:00","CATHROCK","26.339998",NA,NA,NA
"D","DISPATCH","UNIT_SCADA",1,"2018/06/01 11:35:00","CHALLHWF","0",NA,NA,NA
"D","DISPATCH","UNIT_SCADA",1,"2018/06/01 11:35:00","CLOVER","-0.01",NA,NA,NA
"D","DISPATCH","UNIT_SCADA",1,"2018/06/01 11:35:00","CLUNY","8.895857",NA,NA,NA
"D","DISPATCH","UNIT_SCADA",1,"2018/06/01 11:35:00","CNUNDAWF","3.504088",NA,NA,NA
"D","DISPATCH","UNIT_SCADA",1,"2018/06/01 11:35:00","CULLRGWF","0.81",NA,NA,NA
"D","DISPATCH","UNIT_SCADA",1,"2018/06/01 11:35:00","ERGT01","0",NA,NA,NA
"D","DISPATCH","UNIT_SCADA",1,"2018/06/01 11:35:00","GB01","0.042091",NA,NA,NA
"D","DISPATCH","UNIT_SCADA",1,"2018/06/01 11:35:00","GERMCRK","35",NA,NA,NA
"D","DISPATCH","UNIT_SCADA",1,"2018/06/01 11:35:00","GRIFSF1","18.499992",NA,NA,NA
"D","DISPATCH","UNIT_SCADA",1,"2018/06/01 11:35:00","HUGSF1","-0.0130",NA,NA,NA
"D","DISPATCH","UNIT_SCADA",1,"2018/06/01 11:35:00","INVICTA","0",NA,NA,NA
"D","DISPATCH","UNIT_SCADA",1,"2018/06/01 11:35:00","LKBONNY1","8.395081",NA,NA,NA
"D","DISPATCH","UNIT_SCADA",1,"2018/06/01 11:35:00","LRSF1","6.9960",NA,NA,NA
"D","DISPATCH","UNIT_SCADA",1,"2018/06/01 11:35:00","MBAHNTH","55.349991",NA,NA,NA
"D","DISPATCH","UNIT_SCADA",1,"2018/06/01 11:35:00","MLSP1","3.136001",NA,NA,NA
"D","DISPATCH","UNIT_SCADA",1,"2018/06/01 11:35:00","MLWF1","0.0750",NA,NA,NA
"D","DISPATCH","UNIT_SCADA",1,"2018/06/01 11:35:00","MTMILLAR","49.053123",NA,NA,NA
"D","DISPATCH","UNIT_SCADA",1,"2018/06/01 11:35:00","PALOONA","12.74",NA,NA,NA
"D","DISPATCH","UNIT_SCADA",1,"2018/06/01 11:35:00","PIONEER","-0.90",NA,NA,NA
"D","DISPATCH","UNIT_SCADA",1,"2018/06/01 11:35:00","PORTWF","-0.10",NA,NA,NA
"D","DISPATCH","UNIT_SCADA",1,"2018/06/01 11:35:00","REPULSE","0",NA,NA,NA
"D","DISPATCH","UNIT_SCADA",1,"2018/06/01 11:35:00","ROWALLAN","6.4752",NA,NA,NA
"D","DISPATCH","UNIT_SCADA",1,"2018/06/01 11:35:00","ROYALLA1","13.260001",NA,NA,NA
"D","DISPATCH","UNIT_SCADA",1,"2018/06/01 11:35:00","RPCG","-0.30",NA,NA,NA
"D","DISPATCH","UNIT_SCADA",1,"2018/06/01 11:35:00","RUBICON","0",NA,NA,NA
"D","DISPATCH","UNIT_SCADA",1,"2018/06/01 11:35:00","SMCSF1","36.052727",NA,NA,NA
"D","DISPATCH","UNIT_SCADA",1,"2018/06/01 11:35:00","STARHLWF","9.597201",NA,NA,NA
"D","DISPATCH","UNIT_SCADA",1,"2018/06/01 11:35:00","WAUBRAWF","0",NA,NA,NA
"D","DISPATCH","UNIT_SCADA",1,"2018/06/01 11:35:00","WOOLNTH1","-0.799985",NA,NA,NA
"D","DISPATCH","UNIT_SCADA",1,"2018/06/01 11:35:00","WPWF","18",NA,NA,NA
"D","DISPATCH","UNIT_SCADA",1,"2018/06/01 11:35:00","YAMBUKWF","-0.20",NA,NA,NA
"D","DISPATCH","UNIT_SCADA",1,"2018/06/01 11:35:00","YSWF1","0",NA,NA,NA
"D","DISPATCH","UNIT_SCADA",1,"2018/06/01 11:40:00","BARCSF1","16.10",NA,NA,NA
"D","DISPATCH","UNIT_SCADA",1,"2018/06/01 11:40:00","BUTLERSG","9.199999",NA,NA,NA
"D","DISPATCH","UNIT_SCADA",1,"2018/06/01 11:40:00","CALL_A_4","0",NA,NA,NA
"D","DISPATCH","UNIT_SCADA",1,"2018/06/01 11:40:00","CAPTL_WF","9.699997",NA,NA,NA
"D","DISPATCH","UNIT_SCADA",1,"2018/06/01 11:40:00","CATHROCK","26.789999",NA,NA,NA
"D","DISPATCH","UNIT_SCADA",1,"2018/06/01 11:40:00","CHALLHWF","0",NA,NA,NA
"D","DISPATCH","UNIT_SCADA",1,"2018/06/01 11:40:00","CLOVER","0",NA,NA,NA
"D","DISPATCH","UNIT_SCADA",1,"2018/06/01 11:40:00","CLUNY","8.905928",NA,NA,NA
"D","DISPATCH","UNIT_SCADA",1,"2018/06/01 11:40:00","CNUNDAWF","3.303854",NA,NA,NA
"D","DISPATCH","UNIT_SCADA",1,"2018/06/01 11:40:00","CULLRGWF","0.83",NA,NA,NA
"D","DISPATCH","UNIT_SCADA",1,"2018/06/01 11:40:00","ERGT01","0",NA,NA,NA
"D","DISPATCH","UNIT_SCADA",1,"2018/06/01 11:40:00","GB01","0.042091",NA,NA,NA
"D","DISPATCH","UNIT_SCADA",1,"2018/06/01 11:40:00","GERMCRK","33.700001",NA,NA,NA
"D","DISPATCH","UNIT_SCADA",1,"2018/06/01 11:40:00","GRIFSF1","18.499992",NA,NA,NA
"D","DISPATCH","UNIT_SCADA",1,"2018/06/01 11:40:00","HUGSF1","-0.0130",NA,NA,NA
"D","DISPATCH","UNIT_SCADA",1,"2018/06/01 11:40:00","INVICTA","0",NA,NA,NA
"D","DISPATCH","UNIT_SCADA",1,"2018/06/01 11:40:00","LKBONNY1","7.948534",NA,NA,NA
"D","DISPATCH","UNIT_SCADA",1,"2018/06/01 11:40:00","LRSF1","6.9960",NA,NA,NA
"D","DISPATCH","UNIT_SCADA",1,"2018/06/01 11:40:00","MBAHNTH","55.349991",NA,NA,NA
"D","DISPATCH","UNIT_SCADA",1,"2018/06/01 11:40:00","MLSP1","3.560001",NA,NA,NA
"D","DISPATCH","UNIT_SCADA",1,"2018/06/01 11:40:00","MLWF1","0",NA,NA,NA
"D","DISPATCH","UNIT_SCADA",1,"2018/06/01 11:40:00","MTMILLAR","49.410309",NA,NA,NA
"D","DISPATCH","UNIT_SCADA",1,"2018/06/01 11:40:00","PALOONA","12.92",NA,NA,NA
"D","DISPATCH","UNIT_SCADA",1,"2018/06/01 11:40:00","PIONEER","-0.90",NA,NA,NA
"D","DISPATCH","UNIT_SCADA",1,"2018/06/01 11:40:00","PORTWF","0.10",NA,NA,NA
"D","DISPATCH","UNIT_SCADA",1,"2018/06/01 11:40:00","REPULSE","0",NA,NA,NA
"D","DISPATCH","UNIT_SCADA",1,"2018/06/01 11:40:00","ROWALLAN","6.5391",NA,NA,NA
"D","DISPATCH","UNIT_SCADA",1,"2018/06/01 11:40:00","ROYALLA1","9.945001",NA,NA,NA
"D","DISPATCH","UNIT_SCADA",1,"2018/06/01 11:40:00","RPCG","-0.30",NA,NA,NA
"D","DISPATCH","UNIT_SCADA",1,"2018/06/01 11:40:00","RUBICON","0",NA,NA,NA
"D","DISPATCH","UNIT_SCADA",1,"2018/06/01 11:40:00","SMCSF1","36.009293",NA,NA,NA
"D","DISPATCH","UNIT_SCADA",1,"2018/06/01 11:40:00","WPWF","16",NA,NA,NA
"D","DISPATCH","UNIT_SCADA",1,"2018/06/01 11:40:00","STARHLWF","9.797143",NA,NA,NA
"D","DISPATCH","UNIT_SCADA",1,"2018/06/01 11:40:00","WAUBRAWF","0",NA,NA,NA
"D","DISPATCH","UNIT_SCADA",1,"2018/06/01 11:40:00","WOOLNTH1","-0.729985",NA,NA,NA
"D","DISPATCH","UNIT_SCADA",1,"2018/06/01 11:40:00","YAMBUKWF","-0.20",NA,NA,NA
"D","DISPATCH","UNIT_SCADA",1,"2018/06/01 11:40:00","YSWF1","0",NA,NA,NA
"D","DISPATCH","UNIT_SCADA",1,"2018/06/01 11:45:00","BARCSF1","16.10",NA,NA,NA
"D","DISPATCH","UNIT_SCADA",1,"2018/06/01 11:45:00","BUTLERSG","9.199999",NA,NA,NA
"D","DISPATCH","UNIT_SCADA",1,"2018/06/01 11:45:00","CALL_A_4","0",NA,NA,NA
"D","DISPATCH","UNIT_SCADA",1,"2018/06/01 11:45:00","CAPTL_WF","13.040001",NA,NA,NA
"D","DISPATCH","UNIT_SCADA",1,"2018/06/01 11:45:00","CATHROCK","30.419998",NA,NA,NA
"D","DISPATCH","UNIT_SCADA",1,"2018/06/01 11:45:00","CHALLHWF","0",NA,NA,NA
"D","DISPATCH","UNIT_SCADA",1,"2018/06/01 11:45:00","CLOVER","-0.01",NA,NA,NA
"D","DISPATCH","UNIT_SCADA",1,"2018/06/01 11:45:00","CLUNY","8.962691",NA,NA,NA
"D","DISPATCH","UNIT_SCADA",1,"2018/06/01 11:45:00","CNUNDAWF","2.903387",NA,NA,NA
"D","DISPATCH","UNIT_SCADA",1,"2018/06/01 11:45:00","CULLRGWF","1.73",NA,NA,NA
"D","DISPATCH","UNIT_SCADA",1,"2018/06/01 11:45:00","ERGT01","0",NA,NA,NA
"D","DISPATCH","UNIT_SCADA",1,"2018/06/01 11:45:00","GB01","0.042091",NA,NA,NA
"D","DISPATCH","UNIT_SCADA",1,"2018/06/01 11:45:00","GERMCRK","34",NA,NA,NA
"D","DISPATCH","UNIT_SCADA",1,"2018/06/01 11:45:00","GRIFSF1","18.400002",NA,NA,NA
"D","DISPATCH","UNIT_SCADA",1,"2018/06/01 11:45:00","HUGSF1","-0.0130",NA,NA,NA
"D","DISPATCH","UNIT_SCADA",1,"2018/06/01 11:45:00","INVICTA","0",NA,NA,NA
"D","DISPATCH","UNIT_SCADA",1,"2018/06/01 11:45:00","LKBONNY1","8.484389",NA,NA,NA
"D","DISPATCH","UNIT_SCADA",1,"2018/06/01 11:45:00","LRSF1","6.9960",NA,NA,NA
"D","DISPATCH","UNIT_SCADA",1,"2018/06/01 11:45:00","MBAHNTH","55.349991",NA,NA,NA
"D","DISPATCH","UNIT_SCADA",1,"2018/06/01 11:45:00","MLSP1","3.178001",NA,NA,NA
"D","DISPATCH","UNIT_SCADA",1,"2018/06/01 11:45:00","MLWF1","0",NA,NA,NA
"D","DISPATCH","UNIT_SCADA",1,"2018/06/01 11:45:00","MTMILLAR","50.228851",NA,NA,NA
"D","DISPATCH","UNIT_SCADA",1,"2018/06/01 11:45:00","PALOONA","12.87",NA,NA,NA
"D","DISPATCH","UNIT_SCADA",1,"2018/06/01 11:45:00","PIONEER","-0.90",NA,NA,NA
"D","DISPATCH","UNIT_SCADA",1,"2018/06/01 11:45:00","PORTWF","0.40",NA,NA,NA
"D","DISPATCH","UNIT_SCADA",1,"2018/06/01 11:45:00","REPULSE","0",NA,NA,NA
"D","DISPATCH","UNIT_SCADA",1,"2018/06/01 11:45:00","ROWALLAN","6.5107",NA,NA,NA
"D","DISPATCH","UNIT_SCADA",1,"2018/06/01 11:45:00","ROYALLA1","11.0860",NA,NA,NA
"D","DISPATCH","UNIT_SCADA",1,"2018/06/01 11:45:00","RPCG","-0.30",NA,NA,NA
"D","DISPATCH","UNIT_SCADA",1,"2018/06/01 11:45:00","RUBICON","0",NA,NA,NA
"D","DISPATCH","UNIT_SCADA",1,"2018/06/01 11:45:00","SMCSF1","36.008980",NA,NA,NA
"D","DISPATCH","UNIT_SCADA",1,"2018/06/01 11:45:00","STARHLWF","10.197026",NA,NA,NA
"D","DISPATCH","UNIT_SCADA",1,"2018/06/01 11:45:00","WAUBRAWF","0",NA,NA,NA
"D","DISPATCH","UNIT_SCADA",1,"2018/06/01 11:45:00","WOOLNTH1","-0.739985",NA,NA,NA
"D","DISPATCH","UNIT_SCADA",1,"2018/06/01 11:45:00","WPWF","16",NA,NA,NA
"D","DISPATCH","UNIT_SCADA",1,"2018/06/01 11:45:00","YAMBUKWF","-0.20",NA,NA,NA
"D","DISPATCH","UNIT_SCADA",1,"2018/06/01 11:45:00","YSWF1","0",NA,NA,NA
"D","DISPATCH","UNIT_SCADA",1,"2018/06/01 11:50:00","BARCSF1","16.10",NA,NA,NA
"D","DISPATCH","UNIT_SCADA",1,"2018/06/01 11:50:00","BUTLERSG","9.199999",NA,NA,NA
"D","DISPATCH","UNIT_SCADA",1,"2018/06/01 11:50:00","CALL_A_4","0",NA,NA,NA
"D","DISPATCH","UNIT_SCADA",1,"2018/06/01 11:50:00","CAPTL_WF","14.811996",NA,NA,NA
"D","DISPATCH","UNIT_SCADA",1,"2018/06/01 11:50:00","CATHROCK","27.369999",NA,NA,NA
"D","DISPATCH","UNIT_SCADA",1,"2018/06/01 11:50:00","CHALLHWF","0",NA,NA,NA
"D","DISPATCH","UNIT_SCADA",1,"2018/06/01 11:50:00","CLOVER","-0.02",NA,NA,NA
"D","DISPATCH","UNIT_SCADA",1,"2018/06/01 11:50:00","CLUNY","8.895857",NA,NA,NA
"D","DISPATCH","UNIT_SCADA",1,"2018/06/01 11:50:00","CNUNDAWF","2.903387",NA,NA,NA
"D","DISPATCH","UNIT_SCADA",1,"2018/06/01 11:50:00","CULLRGWF","1.53",NA,NA,NA
"D","DISPATCH","UNIT_SCADA",1,"2018/06/01 11:50:00","ERGT01","0",NA,NA,NA
"D","DISPATCH","UNIT_SCADA",1,"2018/06/01 11:50:00","GB01","0.042091",NA,NA,NA
"D","DISPATCH","UNIT_SCADA",1,"2018/06/01 11:50:00","GERMCRK","34",NA,NA,NA
"D","DISPATCH","UNIT_SCADA",1,"2018/06/01 11:50:00","GRIFSF1","18.400002",NA,NA,NA
"D","DISPATCH","UNIT_SCADA",1,"2018/06/01 11:50:00","HUGSF1","-0.0130",NA,NA,NA
"D","DISPATCH","UNIT_SCADA",1,"2018/06/01 11:50:00","INVICTA","0",NA,NA,NA
"D","DISPATCH","UNIT_SCADA",1,"2018/06/01 11:50:00","LKBONNY1","8.037843",NA,NA,NA
"D","DISPATCH","UNIT_SCADA",1,"2018/06/01 11:50:00","LRSF1","6.9960",NA,NA,NA
"D","DISPATCH","UNIT_SCADA",1,"2018/06/01 11:50:00","MBAHNTH","55.106247",NA,NA,NA
"D","DISPATCH","UNIT_SCADA",1,"2018/06/01 11:50:00","MLSP1","2.778001",NA,NA,NA
"D","DISPATCH","UNIT_SCADA",1,"2018/06/01 11:50:00","MLWF1","0",NA,NA,NA
"D","DISPATCH","UNIT_SCADA",1,"2018/06/01 11:50:00","MTMILLAR","51.196224",NA,NA,NA
"D","DISPATCH","UNIT_SCADA",1,"2018/06/01 12:05:00","BARCSF1","16.10",NA,NA,NA
"D","DISPATCH","UNIT_SCADA",1,"2018/06/01 12:05:00","BUTLERSG","9.199999",NA,NA,NA
"D","DISPATCH","UNIT_SCADA",1,"2018/06/01 12:05:00","CALL_A_4","0",NA,NA,NA
"D","DISPATCH","UNIT_SCADA",1,"2018/06/01 12:05:00","CAPTL_WF","16.711998",NA,NA,NA
"D","DISPATCH","UNIT_SCADA",1,"2018/06/01 12:05:00","CATHROCK","32.859997",NA,NA,NA
"D","DISPATCH","UNIT_SCADA",1,"2018/06/01 12:05:00","CHALLHWF","0",NA,NA,NA
"D","DISPATCH","UNIT_SCADA",1,"2018/06/01 12:05:00","CLOVER","-0.01",NA,NA,NA
"D","DISPATCH","UNIT_SCADA",1,"2018/06/01 12:05:00","CLUNY","8.910506",NA,NA,NA
"D","DISPATCH","UNIT_SCADA",1,"2018/06/01 12:05:00","CNUNDAWF","3.103621",NA,NA,NA
"D","DISPATCH","UNIT_SCADA",1,"2018/06/01 12:05:00","CULLRGWF","1.44",NA,NA,NA
"D","DISPATCH","UNIT_SCADA",1,"2018/06/01 12:05:00","ERGT01","0",NA,NA,NA
"D","DISPATCH","UNIT_SCADA",1,"2018/06/01 12:05:00","GB01","0.042091",NA,NA,NA
"D","DISPATCH","UNIT_SCADA",1,"2018/06/01 12:05:00","GERMCRK","34.900002",NA,NA,NA
"D","DISPATCH","UNIT_SCADA",1,"2018/06/01 12:05:00","GRIFSF1","18.299995",NA,NA,NA
"D","DISPATCH","UNIT_SCADA",1,"2018/06/01 12:05:00","HUGSF1","-0.0130",NA,NA,NA
"D","DISPATCH","UNIT_SCADA",1,"2018/06/01 12:05:00","INVICTA","0",NA,NA,NA
"D","DISPATCH","UNIT_SCADA",1,"2018/06/01 12:05:00","LKBONNY1","6.340965",NA,NA,NA
"D","DISPATCH","UNIT_SCADA",1,"2018/06/01 12:05:00","LRSF1","6.9960",NA,NA,NA
"D","DISPATCH","UNIT_SCADA",1,"2018/06/01 12:05:00","MBAHNTH","55.106247",NA,NA,NA
"D","DISPATCH","UNIT_SCADA",1,"2018/06/01 12:05:00","MLSP1","2.830001",NA,NA,NA
"D","DISPATCH","UNIT_SCADA",1,"2018/06/01 12:05:00","MLWF1","0",NA,NA,NA
"D","DISPATCH","UNIT_SCADA",1,"2018/06/01 12:05:00","MTMILLAR","42.906601",NA,NA,NA
"D","DISPATCH","UNIT_SCADA",1,"2018/06/01 12:05:00","PALOONA","12.87",NA,NA,NA
"D","DISPATCH","UNIT_SCADA",1,"2018/06/01 12:05:00","PIONEER","-0.90",NA,NA,NA
"D","DISPATCH","UNIT_SCADA",1,"2018/06/01 12:05:00","PORTWF","0.70",NA,NA,NA
"D","DISPATCH","UNIT_SCADA",1,"2018/06/01 12:05:00","REPULSE","0",NA,NA,NA
"D","DISPATCH","UNIT_SCADA",1,"2018/06/01 12:05:00","ROWALLAN","6.3190",NA,NA,NA
"D","DISPATCH","UNIT_SCADA",1,"2018/06/01 12:05:00","ROYALLA1","18.498001",NA,NA,NA
"D","DISPATCH","UNIT_SCADA",1,"2018/06/01 12:05:00","RPCG","-0.30",NA,NA,NA
"D","DISPATCH","UNIT_SCADA",1,"2018/06/01 12:05:00","RUBICON","0",NA,NA,NA
"D","DISPATCH","UNIT_SCADA",1,"2018/06/01 12:05:00","SMCSF1","35.487698",NA,NA,NA
"D","DISPATCH","UNIT_SCADA",1,"2018/06/01 12:05:00","STARHLWF","11.396677",NA,NA,NA
"D","DISPATCH","UNIT_SCADA",1,"2018/06/01 12:05:00","WAUBRAWF","0",NA,NA,NA
"D","DISPATCH","UNIT_SCADA",1,"2018/06/01 12:05:00","WOOLNTH1","0.030015",NA,NA,NA
"D","DISPATCH","UNIT_SCADA",1,"2018/06/01 12:05:00","WPWF","14",NA,NA,NA
"D","DISPATCH","UNIT_SCADA",1,"2018/06/01 12:05:00","YAMBUKWF","-0.20",NA,NA,NA
"D","DISPATCH","UNIT_SCADA",1,"2018/06/01 12:05:00","YSWF1","0",NA,NA,NA
"D","DISPATCH","UNIT_SCADA",1,"2018/06/01 11:50:00","PALOONA","12.87",NA,NA,NA
"D","DISPATCH","UNIT_SCADA",1,"2018/06/01 11:50:00","PIONEER","-0.90",NA,NA,NA
"D","DISPATCH","UNIT_SCADA",1,"2018/06/01 11:50:00","PORTWF","0.40",NA,NA,NA
"D","DISPATCH","UNIT_SCADA",1,"2018/06/01 11:50:00","REPULSE","0",NA,NA,NA
"D","DISPATCH","UNIT_SCADA",1,"2018/06/01 11:50:00","ROWALLAN","6.6740",NA,NA,NA
"D","DISPATCH","UNIT_SCADA",1,"2018/06/01 11:50:00","ROYALLA1","7.415001",NA,NA,NA
"D","DISPATCH","UNIT_SCADA",1,"2018/06/01 11:50:00","RPCG","-0.30",NA,NA,NA
"D","DISPATCH","UNIT_SCADA",1,"2018/06/01 11:50:00","RUBICON","0",NA,NA,NA
"D","DISPATCH","UNIT_SCADA",1,"2018/06/01 11:50:00","SMCSF1","36.014992",NA,NA,NA
"D","DISPATCH","UNIT_SCADA",1,"2018/06/01 11:50:00","STARHLWF","9.897114",NA,NA,NA
"D","DISPATCH","UNIT_SCADA",1,"2018/06/01 11:50:00","WAUBRAWF","0",NA,NA,NA
"D","DISPATCH","UNIT_SCADA",1,"2018/06/01 11:50:00","WOOLNTH1","-0.609985",NA,NA,NA
"D","DISPATCH","UNIT_SCADA",1,"2018/06/01 11:50:00","WPWF","19",NA,NA,NA
"D","DISPATCH","UNIT_SCADA",1,"2018/06/01 11:50:00","YAMBUKWF","-0.20",NA,NA,NA
"D","DISPATCH","UNIT_SCADA",1,"2018/06/01 11:50:00","YSWF1","0",NA,NA,NA
"D","DISPATCH","UNIT_SCADA",1,"2018/06/01 11:55:00","BARCSF1","16.10",NA,NA,NA
"D","DISPATCH","UNIT_SCADA",1,"2018/06/01 11:55:00","BUTLERSG","9.199999",NA,NA,NA
"D","DISPATCH","UNIT_SCADA",1,"2018/06/01 11:55:00","CALL_A_4","0",NA,NA,NA
"D","DISPATCH","UNIT_SCADA",1,"2018/06/01 11:55:00","CAPTL_WF","16.32",NA,NA,NA
"D","DISPATCH","UNIT_SCADA",1,"2018/06/01 11:55:00","CATHROCK","31.669998",NA,NA,NA
"D","DISPATCH","UNIT_SCADA",1,"2018/06/01 11:55:00","CHALLHWF","0",NA,NA,NA
"D","DISPATCH","UNIT_SCADA",1,"2018/06/01 11:55:00","CLOVER","0",NA,NA,NA
"D","DISPATCH","UNIT_SCADA",1,"2018/06/01 11:55:00","CLUNY","8.910506",NA,NA,NA
"D","DISPATCH","UNIT_SCADA",1,"2018/06/01 11:55:00","CNUNDAWF","2.502920",NA,NA,NA
"D","DISPATCH","UNIT_SCADA",1,"2018/06/01 11:55:00","CULLRGWF","0.88",NA,NA,NA
"D","DISPATCH","UNIT_SCADA",1,"2018/06/01 11:55:00","ERGT01","0",NA,NA,NA
"D","DISPATCH","UNIT_SCADA",1,"2018/06/01 11:55:00","GB01","0.042091",NA,NA,NA
"D","DISPATCH","UNIT_SCADA",1,"2018/06/01 11:55:00","GERMCRK","33.900002",NA,NA,NA
"D","DISPATCH","UNIT_SCADA",1,"2018/06/01 11:55:00","GRIFSF1","18.299995",NA,NA,NA
"D","DISPATCH","UNIT_SCADA",1,"2018/06/01 11:55:00","HUGSF1","-0.0130",NA,NA,NA
"D","DISPATCH","UNIT_SCADA",1,"2018/06/01 11:55:00","INVICTA","0",NA,NA,NA
"D","DISPATCH","UNIT_SCADA",1,"2018/06/01 11:55:00","LKBONNY1","7.144749",NA,NA,NA
"D","DISPATCH","UNIT_SCADA",1,"2018/06/01 11:55:00","LRSF1","6.9960",NA,NA,NA
"D","DISPATCH","UNIT_SCADA",1,"2018/06/01 11:55:00","MBAHNTH","55.106247",NA,NA,NA
"D","DISPATCH","UNIT_SCADA",1,"2018/06/01 11:55:00","MLSP1","2.378001",NA,NA,NA
"D","DISPATCH","UNIT_SCADA",1,"2018/06/01 11:55:00","MLWF1","0",NA,NA,NA
"D","DISPATCH","UNIT_SCADA",1,"2018/06/01 11:55:00","MTMILLAR","46.500755",NA,NA,NA
"D","DISPATCH","UNIT_SCADA",1,"2018/06/01 11:55:00","PALOONA","12.87",NA,NA,NA
"D","DISPATCH","UNIT_SCADA",1,"2018/06/01 11:55:00","PIONEER","-0.90",NA,NA,NA
"D","DISPATCH","UNIT_SCADA",1,"2018/06/01 11:55:00","PORTWF","0.40",NA,NA,NA
"D","DISPATCH","UNIT_SCADA",1,"2018/06/01 11:55:00","REPULSE","0",NA,NA,NA
"D","DISPATCH","UNIT_SCADA",1,"2018/06/01 11:55:00","ROWALLAN","6.6456",NA,NA,NA
"D","DISPATCH","UNIT_SCADA",1,"2018/06/01 11:55:00","ROYALLA1","4.6860",NA,NA,NA
"D","DISPATCH","UNIT_SCADA",1,"2018/06/01 11:55:00","RPCG","-0.30",NA,NA,NA
"D","DISPATCH","UNIT_SCADA",1,"2018/06/01 11:55:00","RUBICON","0",NA,NA,NA
"D","DISPATCH","UNIT_SCADA",1,"2018/06/01 11:55:00","SMCSF1","36.068672",NA,NA,NA
"D","DISPATCH","UNIT_SCADA",1,"2018/06/01 11:55:00","STARHLWF","12.396385",NA,NA,NA
"D","DISPATCH","UNIT_SCADA",1,"2018/06/01 11:55:00","WAUBRAWF","0",NA,NA,NA
"D","DISPATCH","UNIT_SCADA",1,"2018/06/01 11:55:00","WOOLNTH1","-0.659985",NA,NA,NA
"D","DISPATCH","UNIT_SCADA",1,"2018/06/01 11:55:00","WPWF","18",NA,NA,NA
"D","DISPATCH","UNIT_SCADA",1,"2018/06/01 11:55:00","YAMBUKWF","-0.20",NA,NA,NA
"D","DISPATCH","UNIT_SCADA",1,"2018/06/01 11:55:00","YSWF1","0",NA,NA,NA
"D","DISPATCH","UNIT_SCADA",1,"2018/06/01 12:00:00","BARCSF1","16.10",NA,NA,NA
"D","DISPATCH","UNIT_SCADA",1,"2018/06/01 12:00:00","BUTLERSG","9.199999",NA,NA,NA
"D","DISPATCH","UNIT_SCADA",1,"2018/06/01 12:00:00","CALL_A_4","0",NA,NA,NA
"D","DISPATCH","UNIT_SCADA",1,"2018/06/01 12:00:00","CAPTL_WF","20.9720",NA,NA,NA
"D","DISPATCH","UNIT_SCADA",1,"2018/06/01 12:00:00","CATHROCK","32.809998",NA,NA,NA
"D","DISPATCH","UNIT_SCADA",1,"2018/06/01 12:00:00","CHALLHWF","0",NA,NA,NA
"D","DISPATCH","UNIT_SCADA",1,"2018/06/01 12:00:00","CLOVER","-0.02",NA,NA,NA
"D","DISPATCH","UNIT_SCADA",1,"2018/06/01 12:00:00","CLUNY","8.925155",NA,NA,NA
"D","DISPATCH","UNIT_SCADA",1,"2018/06/01 12:00:00","CNUNDAWF","3.003504",NA,NA,NA
"D","DISPATCH","UNIT_SCADA",1,"2018/06/01 12:00:00","CULLRGWF","0.90",NA,NA,NA
"D","DISPATCH","UNIT_SCADA",1,"2018/06/01 12:00:00","ERGT01","0",NA,NA,NA
"D","DISPATCH","UNIT_SCADA",1,"2018/06/01 12:00:00","GB01","0.042091",NA,NA,NA
"D","DISPATCH","UNIT_SCADA",1,"2018/06/01 12:00:00","GERMCRK","33.700001",NA,NA,NA
"D","DISPATCH","UNIT_SCADA",1,"2018/06/01 12:00:00","GRIFSF1","18.299995",NA,NA,NA
"D","DISPATCH","UNIT_SCADA",1,"2018/06/01 12:00:00","HUGSF1","-0.0130",NA,NA,NA
"D","DISPATCH","UNIT_SCADA",1,"2018/06/01 12:00:00","INVICTA","0",NA,NA,NA
"D","DISPATCH","UNIT_SCADA",1,"2018/06/01 12:00:00","LKBONNY1","7.234058",NA,NA,NA
"D","DISPATCH","UNIT_SCADA",1,"2018/06/01 12:00:00","LRSF1","6.9960",NA,NA,NA
"D","DISPATCH","UNIT_SCADA",1,"2018/06/01 12:00:00","MBAHNTH","55.106247",NA,NA,NA
"D","DISPATCH","UNIT_SCADA",1,"2018/06/01 12:00:00","MLSP1","3.207001",NA,NA,NA
"D","DISPATCH","UNIT_SCADA",1,"2018/06/01 12:00:00","MLWF1","0",NA,NA,NA
"D","DISPATCH","UNIT_SCADA",1,"2018/06/01 12:00:00","MTMILLAR","48.063431",NA,NA,NA
"D","DISPATCH","UNIT_SCADA",1,"2018/06/01 12:00:00","PALOONA","12.87",NA,NA,NA
"D","DISPATCH","UNIT_SCADA",1,"2018/06/01 12:00:00","PIONEER","-0.90",NA,NA,NA
"D","DISPATCH","UNIT_SCADA",1,"2018/06/01 12:00:00","PORTWF","0.70",NA,NA,NA
"D","DISPATCH","UNIT_SCADA",1,"2018/06/01 12:00:00","REPULSE","0",NA,NA,NA
"D","DISPATCH","UNIT_SCADA",1,"2018/06/01 12:00:00","ROWALLAN","6.6456",NA,NA,NA
"D","DISPATCH","UNIT_SCADA",1,"2018/06/01 12:00:00","ROYALLA1","15.738001",NA,NA,NA
"D","DISPATCH","UNIT_SCADA",1,"2018/06/01 12:00:00","RPCG","-0.30",NA,NA,NA
"D","DISPATCH","UNIT_SCADA",1,"2018/06/01 12:00:00","RUBICON","0",NA,NA,NA
"D","DISPATCH","UNIT_SCADA",1,"2018/06/01 12:00:00","SMCSF1","36.170574",NA,NA,NA
"D","DISPATCH","UNIT_SCADA",1,"2018/06/01 12:00:00","STARHLWF","11.496648",NA,NA,NA
"D","DISPATCH","UNIT_SCADA",1,"2018/06/01 12:00:00","WAUBRAWF","0",NA,NA,NA
"D","DISPATCH","UNIT_SCADA",1,"2018/06/01 12:00:00","WOOLNTH1","-0.609985",NA,NA,NA
"D","DISPATCH","UNIT_SCADA",1,"2018/06/01 12:00:00","WPWF","17",NA,NA,NA
"D","DISPATCH","UNIT_SCADA",1,"2018/06/01 12:00:00","YAMBUKWF","-0.30",NA,NA,NA
"D","DISPATCH","UNIT_SCADA",1,"2018/06/01 12:00:00","YSWF1","0",NA,NA,NA
"D","DISPATCH","UNIT_SCADA",1,"2018/06/01 12:10:00","BARCSF1","16.10",NA,NA,NA
"D","DISPATCH","UNIT_SCADA",1,"2018/06/01 12:10:00","BUTLERSG","9.199999",NA,NA,NA
"D","DISPATCH","UNIT_SCADA",1,"2018/06/01 12:10:00","CALL_A_4","0",NA,NA,NA
"D","DISPATCH","UNIT_SCADA",1,"2018/06/01 12:10:00","CAPTL_WF","21.891998",NA,NA,NA
"D","DISPATCH","UNIT_SCADA",1,"2018/06/01 12:10:00","CATHROCK","28.669998",NA,NA,NA
"D","DISPATCH","UNIT_SCADA",1,"2018/06/01 12:10:00","CHALLHWF","0",NA,NA,NA
"D","DISPATCH","UNIT_SCADA",1,"2018/06/01 12:10:00","CLOVER","0",NA,NA,NA
"D","DISPATCH","UNIT_SCADA",1,"2018/06/01 12:10:00","CLUNY","8.962691",NA,NA,NA
"D","DISPATCH","UNIT_SCADA",1,"2018/06/01 12:10:00","CNUNDAWF","4.605372",NA,NA,NA
"D","DISPATCH","UNIT_SCADA",1,"2018/06/01 12:10:00","CULLRGWF","1.15",NA,NA,NA
"D","DISPATCH","UNIT_SCADA",1,"2018/06/01 12:10:00","ERGT01","0",NA,NA,NA
"D","DISPATCH","UNIT_SCADA",1,"2018/06/01 12:10:00","GB01","0.043335",NA,NA,NA
"D","DISPATCH","UNIT_SCADA",1,"2018/06/01 12:10:00","GERMCRK","33.50",NA,NA,NA
"D","DISPATCH","UNIT_SCADA",1,"2018/06/01 12:10:00","GRIFSF1","18.200005",NA,NA,NA
"D","DISPATCH","UNIT_SCADA",1,"2018/06/01 12:10:00","HUGSF1","-0.0130",NA,NA,NA
"D","DISPATCH","UNIT_SCADA",1,"2018/06/01 12:10:00","INVICTA","0",NA,NA,NA
"D","DISPATCH","UNIT_SCADA",1,"2018/06/01 12:10:00","LKBONNY1","6.876821",NA,NA,NA
"D","DISPATCH","UNIT_SCADA",1,"2018/06/01 12:10:00","LRSF1","6.9960",NA,NA,NA
"D","DISPATCH","UNIT_SCADA",1,"2018/06/01 12:10:00","MBAHNTH","55.106247",NA,NA,NA
"D","DISPATCH","UNIT_SCADA",1,"2018/06/01 12:10:00","MLSP1","2.430001",NA,NA,NA
"D","DISPATCH","UNIT_SCADA",1,"2018/06/01 12:10:00","MLWF1","0",NA,NA,NA
"D","DISPATCH","UNIT_SCADA",1,"2018/06/01 12:10:00","MTMILLAR","44.283245",NA,NA,NA
"D","DISPATCH","UNIT_SCADA",1,"2018/06/01 12:10:00","PALOONA","12.95",NA,NA,NA
"D","DISPATCH","UNIT_SCADA",1,"2018/06/01 12:10:00","PIONEER","-0.90",NA,NA,NA
"D","DISPATCH","UNIT_SCADA",1,"2018/06/01 12:10:00","PORTWF","0.40",NA,NA,NA
"D","DISPATCH","UNIT_SCADA",1,"2018/06/01 12:10:00","REPULSE","0",NA,NA,NA
"D","DISPATCH","UNIT_SCADA",1,"2018/06/01 12:10:00","ROWALLAN","6.2551",NA,NA,NA
"D","DISPATCH","UNIT_SCADA",1,"2018/06/01 12:10:00","ROYALLA1","18.430002",NA,NA,NA
"D","DISPATCH","UNIT_SCADA",1,"2018/06/01 12:10:00","RPCG","-0.30",NA,NA,NA
"D","DISPATCH","UNIT_SCADA",1,"2018/06/01 12:10:00","RUBICON","0",NA,NA,NA
"D","DISPATCH","UNIT_SCADA",1,"2018/06/01 12:10:00","SMCSF1","36.040508",NA,NA,NA
"D","DISPATCH","UNIT_SCADA",1,"2018/06/01 12:10:00","STARHLWF","9.997085",NA,NA,NA
"D","DISPATCH","UNIT_SCADA",1,"2018/06/01 12:10:00","WAUBRAWF","0",NA,NA,NA
"D","DISPATCH","UNIT_SCADA",1,"2018/06/01 12:10:00","WOOLNTH1","0.510015",NA,NA,NA
"D","DISPATCH","UNIT_SCADA",1,"2018/06/01 12:10:00","WPWF","16",NA,NA,NA
"D","DISPATCH","UNIT_SCADA",1,"2018/06/01 12:10:00","YAMBUKWF","-0.20",NA,NA,NA
"D","DISPATCH","UNIT_SCADA",1,"2018/06/01 12:10:00","YSWF1","0",NA,NA,NA
"D","DISPATCH","UNIT_SCADA",1,"2018/06/01 12:15:00","BARCSF1","16.10",NA,NA,NA
"D","DISPATCH","UNIT_SCADA",1,"2018/06/01 12:15:00","BUTLERSG","9.199999",NA,NA,NA
"D","DISPATCH","UNIT_SCADA",1,"2018/06/01 12:15:00","CALL_A_4","0",NA,NA,NA
"D","DISPATCH","UNIT_SCADA",1,"2018/06/01 12:15:00","CAPTL_WF","26.795998",NA,NA,NA
"D","DISPATCH","UNIT_SCADA",1,"2018/06/01 12:15:00","CATHROCK","32.589996",NA,NA,NA
"D","DISPATCH","UNIT_SCADA",1,"2018/06/01 12:15:00","CHALLHWF","0",NA,NA,NA
"D","DISPATCH","UNIT_SCADA",1,"2018/06/01 12:15:00","CLOVER","0",NA,NA,NA
"D","DISPATCH","UNIT_SCADA",1,"2018/06/01 12:15:00","CLUNY","8.948958",NA,NA,NA
"D","DISPATCH","UNIT_SCADA",1,"2018/06/01 12:15:00","CNUNDAWF","4.204905",NA,NA,NA
"D","DISPATCH","UNIT_SCADA",1,"2018/06/01 12:15:00","CULLRGWF","2.52",NA,NA,NA
"D","DISPATCH","UNIT_SCADA",1,"2018/06/01 12:15:00","ERGT01","0",NA,NA,NA
"D","DISPATCH","UNIT_SCADA",1,"2018/06/01 12:15:00","GB01","0.043335",NA,NA,NA
"D","DISPATCH","UNIT_SCADA",1,"2018/06/01 12:15:00","GERMCRK","32.099998",NA,NA,NA
"D","DISPATCH","UNIT_SCADA",1,"2018/06/01 12:15:00","GRIFSF1","18.200005",NA,NA,NA
"D","DISPATCH","UNIT_SCADA",1,"2018/06/01 12:15:00","HUGSF1","-0.0130",NA,NA,NA
"D","DISPATCH","UNIT_SCADA",1,"2018/06/01 12:15:00","INVICTA","0",NA,NA,NA
"D","DISPATCH","UNIT_SCADA",1,"2018/06/01 12:15:00","LKBONNY1","5.537180",NA,NA,NA
"D","DISPATCH","UNIT_SCADA",1,"2018/06/01 12:15:00","LRSF1","6.9960",NA,NA,NA
"D","DISPATCH","UNIT_SCADA",1,"2018/06/01 12:15:00","MBAHNTH","55.106247",NA,NA,NA
"D","DISPATCH","UNIT_SCADA",1,"2018/06/01 12:15:00","MLSP1","2.030001",NA,NA,NA
"D","DISPATCH","UNIT_SCADA",1,"2018/06/01 12:15:00","MLWF1","0",NA,NA,NA
"D","DISPATCH","UNIT_SCADA",1,"2018/06/01 12:15:00","MTMILLAR","46.173336",NA,NA,NA
"D","DISPATCH","UNIT_SCADA",1,"2018/06/01 12:15:00","PALOONA","12.95",NA,NA,NA
"D","DISPATCH","UNIT_SCADA",1,"2018/06/01 12:15:00","PIONEER","-0.90",NA,NA,NA
"D","DISPATCH","UNIT_SCADA",1,"2018/06/01 12:15:00","PORTWF","0.10",NA,NA,NA
"D","DISPATCH","UNIT_SCADA",1,"2018/06/01 12:15:00","REPULSE","0",NA,NA,NA
"D","DISPATCH","UNIT_SCADA",1,"2018/06/01 12:15:00","ROWALLAN","6.4397",NA,NA,NA
"D","DISPATCH","UNIT_SCADA",1,"2018/06/01 12:15:00","ROYALLA1","18.165001",NA,NA,NA
"D","DISPATCH","UNIT_SCADA",1,"2018/06/01 12:15:00","RPCG","-0.30",NA,NA,NA
"D","DISPATCH","UNIT_SCADA",1,"2018/06/01 12:15:00","RUBICON","0",NA,NA,NA
"D","DISPATCH","UNIT_SCADA",1,"2018/06/01 12:15:00","SMCSF1","36.010101",NA,NA,NA
"D","DISPATCH","UNIT_SCADA",1,"2018/06/01 12:15:00","STARHLWF","7.897697",NA,NA,NA
"D","DISPATCH","UNIT_SCADA",1,"2018/06/01 12:15:00","WAUBRAWF","0",NA,NA,NA
"D","DISPATCH","UNIT_SCADA",1,"2018/06/01 12:15:00","WOOLNTH1","0.420015",NA,NA,NA
"D","DISPATCH","UNIT_SCADA",1,"2018/06/01 12:15:00","WPWF","15",NA,NA,NA
"D","DISPATCH","UNIT_SCADA",1,"2018/06/01 12:15:00","YAMBUKWF","-0.20",NA,NA,NA
"D","DISPATCH","UNIT_SCADA",1,"2018/06/01 12:15:00","YSWF1","0",NA,NA,NA
"D","DISPATCH","UNIT_SCADA",1,"2018/06/01 12:20:00","BARCSF1","16.10",NA,NA,NA
"D","DISPATCH","UNIT_SCADA",1,"2018/06/01 12:20:00","BUTLERSG","9.099998",NA,NA,NA
"D","DISPATCH","UNIT_SCADA",1,"2018/06/01 12:20:00","CALL_A_4","0",NA,NA,NA
"D","DISPATCH","UNIT_SCADA",1,"2018/06/01 12:20:00","CAPTL_WF","28.839996",NA,NA,NA
"D","DISPATCH","UNIT_SCADA",1,"2018/06/01 12:20:00","CATHROCK","33.98",NA,NA,NA
"D","DISPATCH","UNIT_SCADA",1,"2018/06/01 12:20:00","CHALLHWF","0",NA,NA,NA
"D","DISPATCH","UNIT_SCADA",1,"2018/06/01 12:20:00","CLOVER","-0.01",NA,NA,NA
"D","DISPATCH","UNIT_SCADA",1,"2018/06/01 12:20:00","CLUNY","8.958114",NA,NA,NA
"D","DISPATCH","UNIT_SCADA",1,"2018/06/01 12:20:00","CNUNDAWF","4.204905",NA,NA,NA
"D","DISPATCH","UNIT_SCADA",1,"2018/06/01 12:20:00","CULLRGWF","2.47",NA,NA,NA
"D","DISPATCH","UNIT_SCADA",1,"2018/06/01 12:20:00","ERGT01","0",NA,NA,NA
"D","DISPATCH","UNIT_SCADA",1,"2018/06/01 12:20:00","GB01","0.043335",NA,NA,NA
"D","DISPATCH","UNIT_SCADA",1,"2018/06/01 12:20:00","GERMCRK","32.50",NA,NA,NA
"D","DISPATCH","UNIT_SCADA",1,"2018/06/01 12:20:00","GRIFSF1","18.200005",NA,NA,NA
"D","DISPATCH","UNIT_SCADA",1,"2018/06/01 12:20:00","HUGSF1","-0.0130",NA,NA,NA
"D","DISPATCH","UNIT_SCADA",1,"2018/06/01 12:20:00","INVICTA","0",NA,NA,NA
"D","DISPATCH","UNIT_SCADA",1,"2018/06/01 12:20:00","LKBONNY1","4.822706",NA,NA,NA
"D","DISPATCH","UNIT_SCADA",1,"2018/06/01 12:20:00","LRSF1","6.9960",NA,NA,NA
"D","DISPATCH","UNIT_SCADA",1,"2018/06/01 12:20:00","MBAHNTH","55.106247",NA,NA,NA
"D","DISPATCH","UNIT_SCADA",1,"2018/06/01 12:20:00","MLSP1","2.430001",NA,NA,NA
"D","DISPATCH","UNIT_SCADA",1,"2018/06/01 12:20:00","MLWF1","0",NA,NA,NA
"D","DISPATCH","UNIT_SCADA",1,"2018/06/01 12:20:00","MTMILLAR","42.065735",NA,NA,NA
"D","DISPATCH","UNIT_SCADA",1,"2018/06/01 12:20:00","PALOONA","12.84",NA,NA,NA
"D","DISPATCH","UNIT_SCADA",1,"2018/06/01 12:20:00","PIONEER","-0.90",NA,NA,NA
"D","DISPATCH","UNIT_SCADA",1,"2018/06/01 12:20:00","PORTWF","0",NA,NA,NA
"D","DISPATCH","UNIT_SCADA",1,"2018/06/01 12:20:00","RPCG","-0.30",NA,NA,NA
"D","DISPATCH","UNIT_SCADA",1,"2018/06/01 12:20:00","REPULSE","0",NA,NA,NA
"D","DISPATCH","UNIT_SCADA",1,"2018/06/01 12:20:00","ROWALLAN","6.4397",NA,NA,NA
"D","DISPATCH","UNIT_SCADA",1,"2018/06/01 12:20:00","ROYALLA1","18.148001",NA,NA,NA
"D","DISPATCH","UNIT_SCADA",1,"2018/06/01 12:20:00","RUBICON","0",NA,NA,NA
"D","DISPATCH","UNIT_SCADA",1,"2018/06/01 12:20:00","SMCSF1","35.319653",NA,NA,NA
"D","DISPATCH","UNIT_SCADA",1,"2018/06/01 12:20:00","STARHLWF","6.798018",NA,NA,NA
"D","DISPATCH","UNIT_SCADA",1,"2018/06/01 12:20:00","WAUBRAWF","0",NA,NA,NA
"D","DISPATCH","UNIT_SCADA",1,"2018/06/01 12:20:00","WOOLNTH1","-0.049985",NA,NA,NA
"D","DISPATCH","UNIT_SCADA",1,"2018/06/01 12:20:00","WPWF","15",NA,NA,NA
"D","DISPATCH","UNIT_SCADA",1,"2018/06/01 12:20:00","YAMBUKWF","-0.10",NA,NA,NA
"D","DISPATCH","UNIT_SCADA",1,"2018/06/01 12:20:00","YSWF1","0",NA,NA,NA
"D","DISPATCH","UNIT_SCADA",1,"2018/06/01 12:25:00","BARCSF1","16.10",NA,NA,NA
"D","DISPATCH","UNIT_SCADA",1,"2018/06/01 12:25:00","BUTLERSG","9.199999",NA,NA,NA
"D","DISPATCH","UNIT_SCADA",1,"2018/06/01 12:25:00","CALL_A_4","0",NA,NA,NA
"D","DISPATCH","UNIT_SCADA",1,"2018/06/01 12:25:00","CAPTL_WF","33.287994",NA,NA,NA
"D","DISPATCH","UNIT_SCADA",1,"2018/06/01 12:25:00","CATHROCK","35.399998",NA,NA,NA
"D","DISPATCH","UNIT_SCADA",1,"2018/06/01 12:25:00","CHALLHWF","0",NA,NA,NA
"D","DISPATCH","UNIT_SCADA",1,"2018/06/01 12:25:00","CLOVER","-0.01",NA,NA,NA
"D","DISPATCH","UNIT_SCADA",1,"2018/06/01 12:25:00","CLUNY","8.962691",NA,NA,NA
"D","DISPATCH","UNIT_SCADA",1,"2018/06/01 12:25:00","CNUNDAWF","3.203737",NA,NA,NA
"D","DISPATCH","UNIT_SCADA",1,"2018/06/01 12:25:00","CULLRGWF","1.16",NA,NA,NA
"D","DISPATCH","UNIT_SCADA",1,"2018/06/01 12:25:00","ERGT01","0",NA,NA,NA
"D","DISPATCH","UNIT_SCADA",1,"2018/06/01 12:25:00","GB01","0.043335",NA,NA,NA
"D","DISPATCH","UNIT_SCADA",1,"2018/06/01 12:25:00","GERMCRK","32.099998",NA,NA,NA
"D","DISPATCH","UNIT_SCADA",1,"2018/06/01 12:25:00","GRIFSF1","18.200005",NA,NA,NA
"D","DISPATCH","UNIT_SCADA",1,"2018/06/01 12:25:00","HUGSF1","-0.0130",NA,NA,NA
"D","DISPATCH","UNIT_SCADA",1,"2018/06/01 12:25:00","INVICTA","0",NA,NA,NA
"D","DISPATCH","UNIT_SCADA",1,"2018/06/01 12:25:00","LKBONNY1","4.912015",NA,NA,NA
"D","DISPATCH","UNIT_SCADA",1,"2018/06/01 12:25:00","LRSF1","6.9960",NA,NA,NA
"D","DISPATCH","UNIT_SCADA",1,"2018/06/01 12:25:00","MBAHNTH","55.106247",NA,NA,NA
"D","DISPATCH","UNIT_SCADA",1,"2018/06/01 12:25:00","MLSP1","2.850001",NA,NA,NA
"D","DISPATCH","UNIT_SCADA",1,"2018/06/01 12:25:00","MLWF1","0",NA,NA,NA
"D","DISPATCH","UNIT_SCADA",1,"2018/06/01 12:25:00","MTMILLAR","44.015358",NA,NA,NA
"D","DISPATCH","UNIT_SCADA",1,"2018/06/01 12:25:00","PALOONA","12.96",NA,NA,NA
"D","DISPATCH","UNIT_SCADA",1,"2018/06/01 12:25:00","PIONEER","-0.90",NA,NA,NA
"D","DISPATCH","UNIT_SCADA",1,"2018/06/01 12:25:00","PORTWF","0.40",NA,NA,NA
"D","DISPATCH","UNIT_SCADA",1,"2018/06/01 12:25:00","REPULSE","0",NA,NA,NA
"D","DISPATCH","UNIT_SCADA",1,"2018/06/01 12:25:00","ROWALLAN","6.8018",NA,NA,NA
"D","DISPATCH","UNIT_SCADA",1,"2018/06/01 12:25:00","ROYALLA1","18.121002",NA,NA,NA
"D","DISPATCH","UNIT_SCADA",1,"2018/06/01 12:25:00","RPCG","-0.30",NA,NA,NA
"D","DISPATCH","UNIT_SCADA",1,"2018/06/01 12:25:00","RUBICON","0",NA,NA,NA
"D","DISPATCH","UNIT_SCADA",1,"2018/06/01 12:25:00","SMCSF1","36.144257",NA,NA,NA
"D","DISPATCH","UNIT_SCADA",1,"2018/06/01 12:25:00","STARHLWF","7.397843",NA,NA,NA
"D","DISPATCH","UNIT_SCADA",1,"2018/06/01 12:25:00","WAUBRAWF","0",NA,NA,NA
"D","DISPATCH","UNIT_SCADA",1,"2018/06/01 12:25:00","WOOLNTH1","-0.229985",NA,NA,NA
"D","DISPATCH","UNIT_SCADA",1,"2018/06/01 12:25:00","WPWF","14",NA,NA,NA
"D","DISPATCH","UNIT_SCADA",1,"2018/06/01 12:25:00","YAMBUKWF","-0.10",NA,NA,NA
"D","DISPATCH","UNIT_SCADA",1,"2018/06/01 12:25:00","YSWF1","0",NA,NA,NA
"D","DISPATCH","UNIT_SCADA",1,"2018/06/01 12:30:00","BARCSF1","16.10",NA,NA,NA
"D","DISPATCH","UNIT_SCADA",1,"2018/06/01 12:30:00","BUTLERSG","9.199999",NA,NA,NA
"D","DISPATCH","UNIT_SCADA",1,"2018/06/01 12:30:00","CALL_A_4","0",NA,NA,NA
"D","DISPATCH","UNIT_SCADA",1,"2018/06/01 12:30:00","CAPTL_WF","28.379997",NA,NA,NA
"D","DISPATCH","UNIT_SCADA",1,"2018/06/01 12:30:00","CATHROCK","30.399998",NA,NA,NA
"D","DISPATCH","UNIT_SCADA",1,"2018/06/01 12:30:00","CHALLHWF","0",NA,NA,NA
"D","DISPATCH","UNIT_SCADA",1,"2018/06/01 12:30:00","CLOVER","-0.01",NA,NA,NA
"D","DISPATCH","UNIT_SCADA",1,"2018/06/01 12:30:00","CLUNY","8.977341",NA,NA,NA
"D","DISPATCH","UNIT_SCADA",1,"2018/06/01 12:30:00","CNUNDAWF","3.604205",NA,NA,NA
"D","DISPATCH","UNIT_SCADA",1,"2018/06/01 12:30:00","CULLRGWF","0.72",NA,NA,NA
"D","DISPATCH","UNIT_SCADA",1,"2018/06/01 12:30:00","ERGT01","0",NA,NA,NA
"D","DISPATCH","UNIT_SCADA",1,"2018/06/01 12:30:00","GB01","0.043335",NA,NA,NA
"D","DISPATCH","UNIT_SCADA",1,"2018/06/01 12:30:00","GERMCRK","32.400002",NA,NA,NA
"D","DISPATCH","UNIT_SCADA",1,"2018/06/01 12:30:00","GRIFSF1","18.200005",NA,NA,NA
"D","DISPATCH","UNIT_SCADA",1,"2018/06/01 12:30:00","HUGSF1","-0.0130",NA,NA,NA
"D","DISPATCH","UNIT_SCADA",1,"2018/06/01 12:30:00","INVICTA","0",NA,NA,NA
"D","DISPATCH","UNIT_SCADA",1,"2018/06/01 12:30:00","LKBONNY1","4.554778",NA,NA,NA
"D","DISPATCH","UNIT_SCADA",1,"2018/06/01 12:30:00","LRSF1","6.9960",NA,NA,NA
"D","DISPATCH","UNIT_SCADA",1,"2018/06/01 12:30:00","MBAHNTH","55.106247",NA,NA,NA
"D","DISPATCH","UNIT_SCADA",1,"2018/06/01 12:30:00","MLSP1","5.712001",NA,NA,NA
"D","DISPATCH","UNIT_SCADA",1,"2018/06/01 12:30:00","MLWF1","0",NA,NA,NA
"D","DISPATCH","UNIT_SCADA",1,"2018/06/01 12:30:00","MTMILLAR","46.143574",NA,NA,NA
"D","DISPATCH","UNIT_SCADA",1,"2018/06/01 12:30:00","PALOONA","12.96",NA,NA,NA
"D","DISPATCH","UNIT_SCADA",1,"2018/06/01 12:30:00","PIONEER","-0.90",NA,NA,NA
"D","DISPATCH","UNIT_SCADA",1,"2018/06/01 12:30:00","PORTWF","0.20",NA,NA,NA
"D","DISPATCH","UNIT_SCADA",1,"2018/06/01 12:30:00","REPULSE","0",NA,NA,NA
"D","DISPATCH","UNIT_SCADA",1,"2018/06/01 12:30:00","ROWALLAN","6.4042",NA,NA,NA
"D","DISPATCH","UNIT_SCADA",1,"2018/06/01 12:30:00","ROYALLA1","17.922001",NA,NA,NA
"D","DISPATCH","UNIT_SCADA",1,"2018/06/01 12:30:00","RPCG","-0.30",NA,NA,NA
"D","DISPATCH","UNIT_SCADA",1,"2018/06/01 12:30:00","RUBICON","0",NA,NA,NA
"D","DISPATCH","UNIT_SCADA",1,"2018/06/01 12:30:00","SMCSF1","36.058784",NA,NA,NA
"D","DISPATCH","UNIT_SCADA",1,"2018/06/01 12:30:00","STARHLWF","7.097930",NA,NA,NA
"D","DISPATCH","UNIT_SCADA",1,"2018/06/01 12:30:00","WAUBRAWF","0",NA,NA,NA
"D","DISPATCH","UNIT_SCADA",1,"2018/06/01 12:30:00","WOOLNTH1","-0.119985",NA,NA,NA
"D","DISPATCH","UNIT_SCADA",1,"2018/06/01 12:30:00","WPWF","13",NA,NA,NA
"D","DISPATCH","UNIT_SCADA",1,"2018/06/01 12:30:00","YAMBUKWF","-0.10",NA,NA,NA
"D","DISPATCH","UNIT_SCADA",1,"2018/06/01 12:45:00","BARCSF1","16.10",NA,NA,NA
"D","DISPATCH","UNIT_SCADA",1,"2018/06/01 12:45:00","BUTLERSG","9.199999",NA,NA,NA
"D","DISPATCH","UNIT_SCADA",1,"2018/06/01 12:45:00","CALL_A_4","0",NA,NA,NA
"D","DISPATCH","UNIT_SCADA",1,"2018/06/01 12:45:00","CAPTL_WF","27.2640",NA,NA,NA
"D","DISPATCH","UNIT_SCADA",1,"2018/06/01 12:45:00","CATHROCK","39.859997",NA,NA,NA
"D","DISPATCH","UNIT_SCADA",1,"2018/06/01 12:45:00","CHALLHWF","0",NA,NA,NA
"D","DISPATCH","UNIT_SCADA",1,"2018/06/01 12:45:00","CLOVER","0",NA,NA,NA
"D","DISPATCH","UNIT_SCADA",1,"2018/06/01 12:45:00","CLUNY","8.958114",NA,NA,NA
"D","DISPATCH","UNIT_SCADA",1,"2018/06/01 12:45:00","CNUNDAWF","3.604204",NA,NA,NA
"D","DISPATCH","UNIT_SCADA",1,"2018/06/01 12:45:00","CULLRGWF","0.78",NA,NA,NA
"D","DISPATCH","UNIT_SCADA",1,"2018/06/01 12:45:00","ERGT01","0",NA,NA,NA
"D","DISPATCH","UNIT_SCADA",1,"2018/06/01 12:45:00","GB01","0.043335",NA,NA,NA
"D","DISPATCH","UNIT_SCADA",1,"2018/06/01 12:45:00","GERMCRK","32",NA,NA,NA
"D","DISPATCH","UNIT_SCADA",1,"2018/06/01 12:45:00","GRIFSF1","18.499992",NA,NA,NA
"D","DISPATCH","UNIT_SCADA",1,"2018/06/01 12:45:00","HUGSF1","-0.0130",NA,NA,NA
"D","DISPATCH","UNIT_SCADA",1,"2018/06/01 12:45:00","INVICTA","0",NA,NA,NA
"D","DISPATCH","UNIT_SCADA",1,"2018/06/01 12:45:00","LKBONNY1","3.393756",NA,NA,NA
"D","DISPATCH","UNIT_SCADA",1,"2018/06/01 12:45:00","LRSF1","6.9960",NA,NA,NA
"D","DISPATCH","UNIT_SCADA",1,"2018/06/01 12:45:00","MBAHNTH","52.574997",NA,NA,NA
"D","DISPATCH","UNIT_SCADA",1,"2018/06/01 12:45:00","MLSP1","11.452002",NA,NA,NA
"D","DISPATCH","UNIT_SCADA",1,"2018/06/01 12:45:00","MLWF1","0",NA,NA,NA
"D","DISPATCH","UNIT_SCADA",1,"2018/06/01 12:45:00","MTMILLAR","40.220287",NA,NA,NA
"D","DISPATCH","UNIT_SCADA",1,"2018/06/01 12:45:00","PALOONA","12.969999",NA,NA,NA
"D","DISPATCH","UNIT_SCADA",1,"2018/06/01 12:45:00","PIONEER","-0.90",NA,NA,NA
"D","DISPATCH","UNIT_SCADA",1,"2018/06/01 12:45:00","PORTWF","0.10",NA,NA,NA
"D","DISPATCH","UNIT_SCADA",1,"2018/06/01 12:45:00","REPULSE","0",NA,NA,NA
"D","DISPATCH","UNIT_SCADA",1,"2018/06/01 12:45:00","ROWALLAN","6.6243",NA,NA,NA
"D","DISPATCH","UNIT_SCADA",1,"2018/06/01 12:45:00","ROYALLA1","17.648001",NA,NA,NA
"D","DISPATCH","UNIT_SCADA",1,"2018/06/01 12:45:00","RPCG","-0.30",NA,NA,NA
"D","DISPATCH","UNIT_SCADA",1,"2018/06/01 12:45:00","RUBICON","0",NA,NA,NA
"D","DISPATCH","UNIT_SCADA",1,"2018/06/01 12:45:00","SMCSF1","36.044071",NA,NA,NA
"D","DISPATCH","UNIT_SCADA",1,"2018/06/01 12:45:00","STARHLWF","8.697464",NA,NA,NA
"D","DISPATCH","UNIT_SCADA",1,"2018/06/01 12:45:00","WAUBRAWF","0",NA,NA,NA
"D","DISPATCH","UNIT_SCADA",1,"2018/06/01 12:45:00","WOOLNTH1","0.470015",NA,NA,NA
"D","DISPATCH","UNIT_SCADA",1,"2018/06/01 12:45:00","WPWF","12",NA,NA,NA
"D","DISPATCH","UNIT_SCADA",1,"2018/06/01 12:45:00","YAMBUKWF","0.10",NA,NA,NA
"D","DISPATCH","UNIT_SCADA",1,"2018/06/01 12:45:00","YSWF1","0",NA,NA,NA
"D","DISPATCH","UNIT_SCADA",1,"2018/06/01 12:30:00","YSWF1","0",NA,NA,NA
"D","DISPATCH","UNIT_SCADA",1,"2018/06/01 12:35:00","BARCSF1","16.10",NA,NA,NA
"D","DISPATCH","UNIT_SCADA",1,"2018/06/01 12:35:00","BUTLERSG","9.099998",NA,NA,NA
"D","DISPATCH","UNIT_SCADA",1,"2018/06/01 12:35:00","CALL_A_4","0",NA,NA,NA
"D","DISPATCH","UNIT_SCADA",1,"2018/06/01 12:35:00","CAPTL_WF","29.232002",NA,NA,NA
"D","DISPATCH","UNIT_SCADA",1,"2018/06/01 12:35:00","CATHROCK","37.629997",NA,NA,NA
"D","DISPATCH","UNIT_SCADA",1,"2018/06/01 12:35:00","CHALLHWF","0",NA,NA,NA
"D","DISPATCH","UNIT_SCADA",1,"2018/06/01 12:35:00","CLOVER","-0.02",NA,NA,NA
"D","DISPATCH","UNIT_SCADA",1,"2018/06/01 12:35:00","CLUNY","8.948958",NA,NA,NA
"D","DISPATCH","UNIT_SCADA",1,"2018/06/01 12:35:00","CNUNDAWF","3.604205",NA,NA,NA
"D","DISPATCH","UNIT_SCADA",1,"2018/06/01 12:35:00","CULLRGWF","0.99",NA,NA,NA
"D","DISPATCH","UNIT_SCADA",1,"2018/06/01 12:35:00","ERGT01","0",NA,NA,NA
"D","DISPATCH","UNIT_SCADA",1,"2018/06/01 12:35:00","GB01","0.043335",NA,NA,NA
"D","DISPATCH","UNIT_SCADA",1,"2018/06/01 12:35:00","GERMCRK","31.90",NA,NA,NA
"D","DISPATCH","UNIT_SCADA",1,"2018/06/01 12:35:00","GRIFSF1","18.299995",NA,NA,NA
"D","DISPATCH","UNIT_SCADA",1,"2018/06/01 12:35:00","HUGSF1","-0.0130",NA,NA,NA
"D","DISPATCH","UNIT_SCADA",1,"2018/06/01 12:35:00","INVICTA","0",NA,NA,NA
"D","DISPATCH","UNIT_SCADA",1,"2018/06/01 12:35:00","LKBONNY1","4.733396",NA,NA,NA
"D","DISPATCH","UNIT_SCADA",1,"2018/06/01 12:35:00","LRSF1","6.9960",NA,NA,NA
"D","DISPATCH","UNIT_SCADA",1,"2018/06/01 12:35:00","MBAHNTH","55.106247",NA,NA,NA
"D","DISPATCH","UNIT_SCADA",1,"2018/06/01 12:35:00","MLSP1","8.982001",NA,NA,NA
"D","DISPATCH","UNIT_SCADA",1,"2018/06/01 12:35:00","MLWF1","0",NA,NA,NA
"D","DISPATCH","UNIT_SCADA",1,"2018/06/01 12:35:00","MTMILLAR","40.078903",NA,NA,NA
"D","DISPATCH","UNIT_SCADA",1,"2018/06/01 12:35:00","PALOONA","12.96",NA,NA,NA
"D","DISPATCH","UNIT_SCADA",1,"2018/06/01 12:35:00","PIONEER","-0.90",NA,NA,NA
"D","DISPATCH","UNIT_SCADA",1,"2018/06/01 12:35:00","PORTWF","0.40",NA,NA,NA
"D","DISPATCH","UNIT_SCADA",1,"2018/06/01 12:35:00","REPULSE","0",NA,NA,NA
"D","DISPATCH","UNIT_SCADA",1,"2018/06/01 12:35:00","ROWALLAN","6.3971",NA,NA,NA
"D","DISPATCH","UNIT_SCADA",1,"2018/06/01 12:35:00","ROYALLA1","17.907001",NA,NA,NA
"D","DISPATCH","UNIT_SCADA",1,"2018/06/01 12:35:00","RPCG","-0.30",NA,NA,NA
"D","DISPATCH","UNIT_SCADA",1,"2018/06/01 12:35:00","RUBICON","0",NA,NA,NA
"D","DISPATCH","UNIT_SCADA",1,"2018/06/01 12:35:00","SMCSF1","35.965313",NA,NA,NA
"D","DISPATCH","UNIT_SCADA",1,"2018/06/01 12:35:00","STARHLWF","6.698047",NA,NA,NA
"D","DISPATCH","UNIT_SCADA",1,"2018/06/01 12:35:00","WAUBRAWF","0",NA,NA,NA
"D","DISPATCH","UNIT_SCADA",1,"2018/06/01 12:35:00","WOOLNTH1","-0.379985",NA,NA,NA
"D","DISPATCH","UNIT_SCADA",1,"2018/06/01 12:35:00","WPWF","14",NA,NA,NA
"D","DISPATCH","UNIT_SCADA",1,"2018/06/01 12:35:00","YAMBUKWF","0",NA,NA,NA
"D","DISPATCH","UNIT_SCADA",1,"2018/06/01 12:35:00","YSWF1","0",NA,NA,NA
"D","DISPATCH","UNIT_SCADA",1,"2018/06/01 12:40:00","BARCSF1","16.10",NA,NA,NA
"D","DISPATCH","UNIT_SCADA",1,"2018/06/01 12:40:00","BUTLERSG","9.199999",NA,NA,NA
"D","DISPATCH","UNIT_SCADA",1,"2018/06/01 12:40:00","CALL_A_4","0",NA,NA,NA
"D","DISPATCH","UNIT_SCADA",1,"2018/06/01 12:40:00","CAPTL_WF","30.3480",NA,NA,NA
"D","DISPATCH","UNIT_SCADA",1,"2018/06/01 12:40:00","CATHROCK","38.929996",NA,NA,NA
"D","DISPATCH","UNIT_SCADA",1,"2018/06/01 12:40:00","CHALLHWF","0",NA,NA,NA
"D","DISPATCH","UNIT_SCADA",1,"2018/06/01 12:40:00","CLOVER","-0.01",NA,NA,NA
"D","DISPATCH","UNIT_SCADA",1,"2018/06/01 12:40:00","CLUNY","8.981918",NA,NA,NA
"D","DISPATCH","UNIT_SCADA",1,"2018/06/01 12:40:00","CNUNDAWF","3.604205",NA,NA,NA
"D","DISPATCH","UNIT_SCADA",1,"2018/06/01 12:40:00","CULLRGWF","1",NA,NA,NA
"D","DISPATCH","UNIT_SCADA",1,"2018/06/01 12:40:00","ERGT01","0",NA,NA,NA
"D","DISPATCH","UNIT_SCADA",1,"2018/06/01 12:40:00","GB01","0.043335",NA,NA,NA
"D","DISPATCH","UNIT_SCADA",1,"2018/06/01 12:40:00","GERMCRK","31.799999",NA,NA,NA
"D","DISPATCH","UNIT_SCADA",1,"2018/06/01 12:40:00","GRIFSF1","18.400002",NA,NA,NA
"D","DISPATCH","UNIT_SCADA",1,"2018/06/01 12:40:00","HUGSF1","-0.0130",NA,NA,NA
"D","DISPATCH","UNIT_SCADA",1,"2018/06/01 12:40:00","INVICTA","0",NA,NA,NA
"D","DISPATCH","UNIT_SCADA",1,"2018/06/01 12:40:00","LKBONNY1","4.018921",NA,NA,NA
"D","DISPATCH","UNIT_SCADA",1,"2018/06/01 12:40:00","LRSF1","6.9960",NA,NA,NA
"D","DISPATCH","UNIT_SCADA",1,"2018/06/01 12:40:00","MBAHNTH","52.574997",NA,NA,NA
"D","DISPATCH","UNIT_SCADA",1,"2018/06/01 12:40:00","MLSP1","10.633001",NA,NA,NA
"D","DISPATCH","UNIT_SCADA",1,"2018/06/01 12:40:00","MLWF1","0",NA,NA,NA
"D","DISPATCH","UNIT_SCADA",1,"2018/06/01 12:40:00","MTMILLAR","40.555149",NA,NA,NA
"D","DISPATCH","UNIT_SCADA",1,"2018/06/01 12:40:00","PALOONA","12.87",NA,NA,NA
"D","DISPATCH","UNIT_SCADA",1,"2018/06/01 12:40:00","PIONEER","-0.90",NA,NA,NA
"D","DISPATCH","UNIT_SCADA",1,"2018/06/01 12:40:00","PORTWF","0.40",NA,NA,NA
"D","DISPATCH","UNIT_SCADA",1,"2018/06/01 12:40:00","REPULSE","0",NA,NA,NA
"D","DISPATCH","UNIT_SCADA",1,"2018/06/01 12:40:00","ROWALLAN","6.4468",NA,NA,NA
"D","DISPATCH","UNIT_SCADA",1,"2018/06/01 12:40:00","ROYALLA1","17.9230",NA,NA,NA
"D","DISPATCH","UNIT_SCADA",1,"2018/06/01 12:40:00","RPCG","-0.30",NA,NA,NA
"D","DISPATCH","UNIT_SCADA",1,"2018/06/01 12:40:00","RUBICON","0",NA,NA,NA
"D","DISPATCH","UNIT_SCADA",1,"2018/06/01 12:40:00","SMCSF1","35.960987",NA,NA,NA
"D","DISPATCH","UNIT_SCADA",1,"2018/06/01 12:40:00","STARHLWF","7.097930",NA,NA,NA
"D","DISPATCH","UNIT_SCADA",1,"2018/06/01 12:40:00","WAUBRAWF","0",NA,NA,NA
"D","DISPATCH","UNIT_SCADA",1,"2018/06/01 12:40:00","WOOLNTH1","0.140015",NA,NA,NA
"D","DISPATCH","UNIT_SCADA",1,"2018/06/01 12:40:00","WPWF","13",NA,NA,NA
"D","DISPATCH","UNIT_SCADA",1,"2018/06/01 12:40:00","YAMBUKWF","0",NA,NA,NA
"D","DISPATCH","UNIT_SCADA",1,"2018/06/01 12:40:00","YSWF1","0",NA,NA,NA
"D","DISPATCH","UNIT_SCADA",1,"2018/06/01 12:50:00","BARCSF1","16.10",NA,NA,NA
"D","DISPATCH","UNIT_SCADA",1,"2018/06/01 12:50:00","BUTLERSG","9.199999",NA,NA,NA
"D","DISPATCH","UNIT_SCADA",1,"2018/06/01 12:50:00","CALL_A_4","0",NA,NA,NA
"D","DISPATCH","UNIT_SCADA",1,"2018/06/01 12:50:00","CAPTL_WF","29.82",NA,NA,NA
"D","DISPATCH","UNIT_SCADA",1,"2018/06/01 12:50:00","CATHROCK","39.509998",NA,NA,NA
"D","DISPATCH","UNIT_SCADA",1,"2018/06/01 12:50:00","CHALLHWF","0",NA,NA,NA
"D","DISPATCH","UNIT_SCADA",1,"2018/06/01 12:50:00","CLOVER","-0.01",NA,NA,NA
"D","DISPATCH","UNIT_SCADA",1,"2018/06/01 12:50:00","CLUNY","8.981918",NA,NA,NA
"D","DISPATCH","UNIT_SCADA",1,"2018/06/01 12:50:00","CNUNDAWF","2.502920",NA,NA,NA
"D","DISPATCH","UNIT_SCADA",1,"2018/06/01 12:50:00","CULLRGWF","1.34",NA,NA,NA
"D","DISPATCH","UNIT_SCADA",1,"2018/06/01 12:50:00","ERGT01","0",NA,NA,NA
"D","DISPATCH","UNIT_SCADA",1,"2018/06/01 12:50:00","GB01","0.043335",NA,NA,NA
"D","DISPATCH","UNIT_SCADA",1,"2018/06/01 12:50:00","GERMCRK","24.700001",NA,NA,NA
"D","DISPATCH","UNIT_SCADA",1,"2018/06/01 12:50:00","GRIFSF1","18.599998",NA,NA,NA
"D","DISPATCH","UNIT_SCADA",1,"2018/06/01 12:50:00","HUGSF1","-0.0130",NA,NA,NA
"D","DISPATCH","UNIT_SCADA",1,"2018/06/01 12:50:00","INVICTA","0",NA,NA,NA
"D","DISPATCH","UNIT_SCADA",1,"2018/06/01 12:50:00","LKBONNY1","2.768590",NA,NA,NA
"D","DISPATCH","UNIT_SCADA",1,"2018/06/01 12:50:00","LRSF1","6.9960",NA,NA,NA
"D","DISPATCH","UNIT_SCADA",1,"2018/06/01 12:50:00","MBAHNTH","52.574997",NA,NA,NA
"D","DISPATCH","UNIT_SCADA",1,"2018/06/01 12:50:00","MLSP1","11.465001",NA,NA,NA
"D","DISPATCH","UNIT_SCADA",1,"2018/06/01 12:50:00","MLWF1","0",NA,NA,NA
"D","DISPATCH","UNIT_SCADA",1,"2018/06/01 12:50:00","MTMILLAR","39.677074",NA,NA,NA
"D","DISPATCH","UNIT_SCADA",1,"2018/06/01 12:50:00","PALOONA","12.969999",NA,NA,NA
"D","DISPATCH","UNIT_SCADA",1,"2018/06/01 12:50:00","PIONEER","-0.90",NA,NA,NA
"D","DISPATCH","UNIT_SCADA",1,"2018/06/01 12:50:00","PORTWF","0.10",NA,NA,NA
"D","DISPATCH","UNIT_SCADA",1,"2018/06/01 12:50:00","REPULSE","0",NA,NA,NA
"D","DISPATCH","UNIT_SCADA",1,"2018/06/01 12:50:00","ROWALLAN","6.5675",NA,NA,NA
"D","DISPATCH","UNIT_SCADA",1,"2018/06/01 12:50:00","ROYALLA1","17.146002",NA,NA,NA
"D","DISPATCH","UNIT_SCADA",1,"2018/06/01 12:50:00","RPCG","-0.30",NA,NA,NA
"D","DISPATCH","UNIT_SCADA",1,"2018/06/01 12:50:00","RUBICON","0",NA,NA,NA
"D","DISPATCH","UNIT_SCADA",1,"2018/06/01 12:50:00","SMCSF1","36.044941",NA,NA,NA
"D","DISPATCH","UNIT_SCADA",1,"2018/06/01 12:50:00","STARHLWF","8.897406",NA,NA,NA
"D","DISPATCH","UNIT_SCADA",1,"2018/06/01 12:50:00","WAUBRAWF","0",NA,NA,NA
"D","DISPATCH","UNIT_SCADA",1,"2018/06/01 12:50:00","WOOLNTH1","0.800015",NA,NA,NA
"D","DISPATCH","UNIT_SCADA",1,"2018/06/01 12:50:00","WPWF","12",NA,NA,NA
"D","DISPATCH","UNIT_SCADA",1,"2018/06/01 12:50:00","YAMBUKWF","0.50",NA,NA,NA
"D","DISPATCH","UNIT_SCADA",1,"2018/06/01 12:50:00","YSWF1","0",NA,NA,NA
"D","DISPATCH","UNIT_SCADA",1,"2018/06/01 12:55:00","BARCSF1","16.10",NA,NA,NA
"D","DISPATCH","UNIT_SCADA",1,"2018/06/01 12:55:00","BUTLERSG","9.199999",NA,NA,NA
"D","DISPATCH","UNIT_SCADA",1,"2018/06/01 12:55:00","CALL_A_4","0",NA,NA,NA
"D","DISPATCH","UNIT_SCADA",1,"2018/06/01 12:55:00","CAPTL_WF","38.011993",NA,NA,NA
"D","DISPATCH","UNIT_SCADA",1,"2018/06/01 12:55:00","CATHROCK","39.579998",NA,NA,NA
"D","DISPATCH","UNIT_SCADA",1,"2018/06/01 12:55:00","CHALLHWF","0",NA,NA,NA
"D","DISPATCH","UNIT_SCADA",1,"2018/06/01 12:55:00","CLOVER","-0.02",NA,NA,NA
"D","DISPATCH","UNIT_SCADA",1,"2018/06/01 12:55:00","CLUNY","9.005722",NA,NA,NA
"D","DISPATCH","UNIT_SCADA",1,"2018/06/01 12:55:00","CNUNDAWF","3.303854",NA,NA,NA
"D","DISPATCH","UNIT_SCADA",1,"2018/06/01 12:55:00","CULLRGWF","0.38",NA,NA,NA
"D","DISPATCH","UNIT_SCADA",1,"2018/06/01 12:55:00","ERGT01","0",NA,NA,NA
"D","DISPATCH","UNIT_SCADA",1,"2018/06/01 12:55:00","GB01","0.046665",NA,NA,NA
"D","DISPATCH","UNIT_SCADA",1,"2018/06/01 12:55:00","GERMCRK","32.900002",NA,NA,NA
"D","DISPATCH","UNIT_SCADA",1,"2018/06/01 12:55:00","GRIFSF1","18.700005",NA,NA,NA
"D","DISPATCH","UNIT_SCADA",1,"2018/06/01 12:55:00","HUGSF1","-0.0130",NA,NA,NA
"D","DISPATCH","UNIT_SCADA",1,"2018/06/01 12:55:00","INVICTA","0",NA,NA,NA
"D","DISPATCH","UNIT_SCADA",1,"2018/06/01 12:55:00","LKBONNY1","3.661684",NA,NA,NA
"D","DISPATCH","UNIT_SCADA",1,"2018/06/01 12:55:00","LRSF1","6.9960",NA,NA,NA
"D","DISPATCH","UNIT_SCADA",1,"2018/06/01 12:55:00","MBAHNTH","52.574997",NA,NA,NA
"D","DISPATCH","UNIT_SCADA",1,"2018/06/01 12:55:00","MLSP1","11.048001",NA,NA,NA
"D","DISPATCH","UNIT_SCADA",1,"2018/06/01 12:55:00","MLWF1","0",NA,NA,NA
"D","DISPATCH","UNIT_SCADA",1,"2018/06/01 12:55:00","MTMILLAR","36.886581",NA,NA,NA
"D","DISPATCH","UNIT_SCADA",1,"2018/06/01 12:55:00","PALOONA","12.969999",NA,NA,NA
"D","DISPATCH","UNIT_SCADA",1,"2018/06/01 12:55:00","PIONEER","-0.90",NA,NA,NA
"D","DISPATCH","UNIT_SCADA",1,"2018/06/01 12:55:00","PORTWF","0.10",NA,NA,NA
"D","DISPATCH","UNIT_SCADA",1,"2018/06/01 12:55:00","REPULSE","0",NA,NA,NA
"D","DISPATCH","UNIT_SCADA",1,"2018/06/01 12:55:00","ROWALLAN","6.4894",NA,NA,NA
"D","DISPATCH","UNIT_SCADA",1,"2018/06/01 12:55:00","ROYALLA1","17.919001",NA,NA,NA
"D","DISPATCH","UNIT_SCADA",1,"2018/06/01 12:55:00","RPCG","-0.30",NA,NA,NA
"D","DISPATCH","UNIT_SCADA",1,"2018/06/01 12:55:00","RUBICON","0",NA,NA,NA
"D","DISPATCH","UNIT_SCADA",1,"2018/06/01 12:55:00","SMCSF1","36.022728",NA,NA,NA
"D","DISPATCH","UNIT_SCADA",1,"2018/06/01 12:55:00","STARHLWF","7.997668",NA,NA,NA
"D","DISPATCH","UNIT_SCADA",1,"2018/06/01 12:55:00","WAUBRAWF","0",NA,NA,NA
"D","DISPATCH","UNIT_SCADA",1,"2018/06/01 12:55:00","WOOLNTH1","0.330015",NA,NA,NA
"D","DISPATCH","UNIT_SCADA",1,"2018/06/01 12:55:00","WPWF","11",NA,NA,NA
"D","DISPATCH","UNIT_SCADA",1,"2018/06/01 12:55:00","YAMBUKWF","1",NA,NA,NA
"D","DISPATCH","UNIT_SCADA",1,"2018/06/01 12:55:00","YSWF1","0",NA,NA,NA
"D","DISPATCH","UNIT_SCADA",1,"2018/06/01 13:00:00","BARCSF1","16.10",NA,NA,NA
"D","DISPATCH","UNIT_SCADA",1,"2018/06/01 13:00:00","BUTLERSG","9.199999",NA,NA,NA
"D","DISPATCH","UNIT_SCADA",1,"2018/06/01 13:00:00","CALL_A_4","0",NA,NA,NA
"D","DISPATCH","UNIT_SCADA",1,"2018/06/01 13:00:00","CAPTL_WF","40.559998",NA,NA,NA
"D","DISPATCH","UNIT_SCADA",1,"2018/06/01 13:00:00","CATHROCK","37.029999",NA,NA,NA
"D","DISPATCH","UNIT_SCADA",1,"2018/06/01 13:00:00","CHALLHWF","0",NA,NA,NA
"D","DISPATCH","UNIT_SCADA",1,"2018/06/01 13:00:00","CLOVER","-0.01",NA,NA,NA
"D","DISPATCH","UNIT_SCADA",1,"2018/06/01 13:00:00","CLUNY","8.996567",NA,NA,NA
"D","DISPATCH","UNIT_SCADA",1,"2018/06/01 13:00:00","CNUNDAWF","4.104789",NA,NA,NA
"D","DISPATCH","UNIT_SCADA",1,"2018/06/01 13:00:00","CULLRGWF","0.21",NA,NA,NA
"D","DISPATCH","UNIT_SCADA",1,"2018/06/01 13:00:00","ERGT01","0",NA,NA,NA
"D","DISPATCH","UNIT_SCADA",1,"2018/06/01 13:00:00","GB01","0.046665",NA,NA,NA
"D","DISPATCH","UNIT_SCADA",1,"2018/06/01 13:00:00","GERMCRK","23.60",NA,NA,NA
"D","DISPATCH","UNIT_SCADA",1,"2018/06/01 13:00:00","GRIFSF1","18.799995",NA,NA,NA
"D","DISPATCH","UNIT_SCADA",1,"2018/06/01 13:00:00","HUGSF1","-0.0130",NA,NA,NA
"D","DISPATCH","UNIT_SCADA",1,"2018/06/01 13:00:00","INVICTA","0",NA,NA,NA
"D","DISPATCH","UNIT_SCADA",1,"2018/06/01 13:00:00","LKBONNY1","4.197540",NA,NA,NA
"D","DISPATCH","UNIT_SCADA",1,"2018/06/01 13:00:00","LRSF1","6.9960",NA,NA,NA
"D","DISPATCH","UNIT_SCADA",1,"2018/06/01 13:00:00","MBAHNTH","52.574997",NA,NA,NA
"D","DISPATCH","UNIT_SCADA",1,"2018/06/01 13:00:00","PALOONA","12.91",NA,NA,NA
"D","DISPATCH","UNIT_SCADA",1,"2018/06/01 13:00:00","MLSP1","11.453001",NA,NA,NA
"D","DISPATCH","UNIT_SCADA",1,"2018/06/01 13:00:00","MLWF1","0",NA,NA,NA
"D","DISPATCH","UNIT_SCADA",1,"2018/06/01 13:00:00","MTMILLAR","41.485310",NA,NA,NA
"D","DISPATCH","UNIT_SCADA",1,"2018/06/01 13:00:00","PIONEER","-0.90",NA,NA,NA
"D","DISPATCH","UNIT_SCADA",1,"2018/06/01 13:00:00","PORTWF","0",NA,NA,NA
"D","DISPATCH","UNIT_SCADA",1,"2018/06/01 13:00:00","REPULSE","0",NA,NA,NA
"D","DISPATCH","UNIT_SCADA",1,"2018/06/01 13:00:00","ROWALLAN","6.7805",NA,NA,NA
"D","DISPATCH","UNIT_SCADA",1,"2018/06/01 13:00:00","ROYALLA1","18.420002",NA,NA,NA
"D","DISPATCH","UNIT_SCADA",1,"2018/06/01 13:00:00","RPCG","-0.30",NA,NA,NA
"D","DISPATCH","UNIT_SCADA",1,"2018/06/01 13:00:00","RUBICON","0",NA,NA,NA
"D","DISPATCH","UNIT_SCADA",1,"2018/06/01 13:00:00","SMCSF1","36.024071",NA,NA,NA
"D","DISPATCH","UNIT_SCADA",1,"2018/06/01 13:00:00","STARHLWF","10.097055",NA,NA,NA
"D","DISPATCH","UNIT_SCADA",1,"2018/06/01 13:00:00","WAUBRAWF","0",NA,NA,NA
"D","DISPATCH","UNIT_SCADA",1,"2018/06/01 13:00:00","WOOLNTH1","-0.069985",NA,NA,NA
"D","DISPATCH","UNIT_SCADA",1,"2018/06/01 13:00:00","WPWF","11",NA,NA,NA
"D","DISPATCH","UNIT_SCADA",1,"2018/06/01 13:00:00","YAMBUKWF","1.20",NA,NA,NA
"D","DISPATCH","UNIT_SCADA",1,"2018/06/01 13:00:00","YSWF1","0",NA,NA,NA
"D","DISPATCH","UNIT_SCADA",1,"2018/06/01 13:05:00","BARCSF1","16.10",NA,NA,NA
"D","DISPATCH","UNIT_SCADA",1,"2018/06/01 13:05:00","BUTLERSG","9.199999",NA,NA,NA
"D","DISPATCH","UNIT_SCADA",1,"2018/06/01 13:05:00","CALL_A_4","0",NA,NA,NA
"D","DISPATCH","UNIT_SCADA",1,"2018/06/01 13:05:00","CAPTL_WF","48.964005",NA,NA,NA
"D","DISPATCH","UNIT_SCADA",1,"2018/06/01 13:05:00","CATHROCK","42.059998",NA,NA,NA
"D","DISPATCH","UNIT_SCADA",1,"2018/06/01 13:05:00","CHALLHWF","0",NA,NA,NA
"D","DISPATCH","UNIT_SCADA",1,"2018/06/01 13:05:00","CLOVER","-0.01",NA,NA,NA
"D","DISPATCH","UNIT_SCADA",1,"2018/06/01 13:05:00","CLUNY","9.0103",NA,NA,NA
"D","DISPATCH","UNIT_SCADA",1,"2018/06/01 13:05:00","CNUNDAWF","3.303854",NA,NA,NA
"D","DISPATCH","UNIT_SCADA",1,"2018/06/01 13:05:00","CULLRGWF","1.46",NA,NA,NA
"D","DISPATCH","UNIT_SCADA",1,"2018/06/01 13:05:00","ERGT01","0",NA,NA,NA
"D","DISPATCH","UNIT_SCADA",1,"2018/06/01 13:05:00","GB01","0.046665",NA,NA,NA
"D","DISPATCH","UNIT_SCADA",1,"2018/06/01 13:05:00","GERMCRK","32.599998",NA,NA,NA
"D","DISPATCH","UNIT_SCADA",1,"2018/06/01 13:05:00","GRIFSF1","18.896881",NA,NA,NA
"D","DISPATCH","UNIT_SCADA",1,"2018/06/01 13:05:00","HUGSF1","-0.0130",NA,NA,NA
"D","DISPATCH","UNIT_SCADA",1,"2018/06/01 13:05:00","INVICTA","0",NA,NA,NA
"D","DISPATCH","UNIT_SCADA",1,"2018/06/01 13:05:00","LKBONNY1","3.661684",NA,NA,NA
"D","DISPATCH","UNIT_SCADA",1,"2018/06/01 13:05:00","LRSF1","6.9960",NA,NA,NA
"D","DISPATCH","UNIT_SCADA",1,"2018/06/01 13:05:00","MBAHNTH","52.574997",NA,NA,NA
"D","DISPATCH","UNIT_SCADA",1,"2018/06/01 13:05:00","MLSP1","11.453001",NA,NA,NA
"D","DISPATCH","UNIT_SCADA",1,"2018/06/01 13:05:00","MLWF1","0",NA,NA,NA
"D","DISPATCH","UNIT_SCADA",1,"2018/06/01 13:05:00","MTMILLAR","36.559162",NA,NA,NA
"D","DISPATCH","UNIT_SCADA",1,"2018/06/01 13:05:00","PALOONA","12.91",NA,NA,NA
"D","DISPATCH","UNIT_SCADA",1,"2018/06/01 13:05:00","PIONEER","-0.90",NA,NA,NA
"D","DISPATCH","UNIT_SCADA",1,"2018/06/01 13:05:00","PORTWF","0.10",NA,NA,NA
"D","DISPATCH","UNIT_SCADA",1,"2018/06/01 13:05:00","REPULSE","0",NA,NA,NA
"D","DISPATCH","UNIT_SCADA",1,"2018/06/01 13:05:00","ROWALLAN","6.4042",NA,NA,NA
"D","DISPATCH","UNIT_SCADA",1,"2018/06/01 13:05:00","ROYALLA1","18.127001",NA,NA,NA
"D","DISPATCH","UNIT_SCADA",1,"2018/06/01 13:05:00","RPCG","-0.30",NA,NA,NA
"D","DISPATCH","UNIT_SCADA",1,"2018/06/01 13:05:00","RUBICON","0",NA,NA,NA
"D","DISPATCH","UNIT_SCADA",1,"2018/06/01 13:05:00","SMCSF1","35.966866",NA,NA,NA
"D","DISPATCH","UNIT_SCADA",1,"2018/06/01 13:05:00","STARHLWF","7.997668",NA,NA,NA
"D","DISPATCH","UNIT_SCADA",1,"2018/06/01 13:05:00","WAUBRAWF","0",NA,NA,NA
"D","DISPATCH","UNIT_SCADA",1,"2018/06/01 13:05:00","WOOLNTH1","0.140015",NA,NA,NA
"D","DISPATCH","UNIT_SCADA",1,"2018/06/01 13:05:00","WPWF","10",NA,NA,NA
"D","DISPATCH","UNIT_SCADA",1,"2018/06/01 13:05:00","YAMBUKWF","1.30",NA,NA,NA
"D","DISPATCH","UNIT_SCADA",1,"2018/06/01 13:05:00","YSWF1","0",NA,NA,NA
"D","DISPATCH","UNIT_SCADA",1,"2018/06/01 13:10:00","BARCSF1","16.10",NA,NA,NA
"D","DISPATCH","UNIT_SCADA",1,"2018/06/01 13:10:00","BUTLERSG","9.199999",NA,NA,NA
"D","DISPATCH","UNIT_SCADA",1,"2018/06/01 13:10:00","CALL_A_4","0",NA,NA,NA
"D","DISPATCH","UNIT_SCADA",1,"2018/06/01 13:10:00","CAPTL_WF","60.031998",NA,NA,NA
"D","DISPATCH","UNIT_SCADA",1,"2018/06/01 13:10:00","CATHROCK","39.709999",NA,NA,NA
"D","DISPATCH","UNIT_SCADA",1,"2018/06/01 13:10:00","CHALLHWF","0",NA,NA,NA
"D","DISPATCH","UNIT_SCADA",1,"2018/06/01 13:10:00","CLOVER","0",NA,NA,NA
"D","DISPATCH","UNIT_SCADA",1,"2018/06/01 13:10:00","CLUNY","8.981918",NA,NA,NA
"D","DISPATCH","UNIT_SCADA",1,"2018/06/01 13:10:00","CNUNDAWF","4.104789",NA,NA,NA
"D","DISPATCH","UNIT_SCADA",1,"2018/06/01 13:10:00","CULLRGWF","3.31",NA,NA,NA
"D","DISPATCH","UNIT_SCADA",1,"2018/06/01 13:10:00","ERGT01","0",NA,NA,NA
"D","DISPATCH","UNIT_SCADA",1,"2018/06/01 13:10:00","GB01","0.046665",NA,NA,NA
"D","DISPATCH","UNIT_SCADA",1,"2018/06/01 13:10:00","GERMCRK","33.099998",NA,NA,NA
"D","DISPATCH","UNIT_SCADA",1,"2018/06/01 13:10:00","GRIFSF1","18.896881",NA,NA,NA
"D","DISPATCH","UNIT_SCADA",1,"2018/06/01 13:10:00","HUGSF1","-0.0130",NA,NA,NA
"D","DISPATCH","UNIT_SCADA",1,"2018/06/01 13:10:00","INVICTA","0",NA,NA,NA
"D","DISPATCH","UNIT_SCADA",1,"2018/06/01 13:10:00","LKBONNY1","3.125828",NA,NA,NA
"D","DISPATCH","UNIT_SCADA",1,"2018/06/01 13:10:00","LRSF1","6.9960",NA,NA,NA
"D","DISPATCH","UNIT_SCADA",1,"2018/06/01 13:10:00","MBAHNTH","52.574997",NA,NA,NA
"D","DISPATCH","UNIT_SCADA",1,"2018/06/01 13:10:00","MLSP1","7.701001",NA,NA,NA
"D","DISPATCH","UNIT_SCADA",1,"2018/06/01 13:10:00","MLWF1","0",NA,NA,NA
"D","DISPATCH","UNIT_SCADA",1,"2018/06/01 13:10:00","MTMILLAR","36.499634",NA,NA,NA
"D","DISPATCH","UNIT_SCADA",1,"2018/06/01 13:10:00","PALOONA","13.08",NA,NA,NA
"D","DISPATCH","UNIT_SCADA",1,"2018/06/01 13:10:00","PIONEER","-0.90",NA,NA,NA
"D","DISPATCH","UNIT_SCADA",1,"2018/06/01 13:10:00","PORTWF","0",NA,NA,NA
"D","DISPATCH","UNIT_SCADA",1,"2018/06/01 13:10:00","REPULSE","0",NA,NA,NA
"D","DISPATCH","UNIT_SCADA",1,"2018/06/01 13:10:00","ROWALLAN","6.6598",NA,NA,NA
"D","DISPATCH","UNIT_SCADA",1,"2018/06/01 13:10:00","ROYALLA1","18.430002",NA,NA,NA
"D","DISPATCH","UNIT_SCADA",1,"2018/06/01 13:10:00","RPCG","-0.30",NA,NA,NA
"D","DISPATCH","UNIT_SCADA",1,"2018/06/01 13:10:00","RUBICON","0",NA,NA,NA
"D","DISPATCH","UNIT_SCADA",1,"2018/06/01 13:10:00","SMCSF1","35.968678",NA,NA,NA
"D","DISPATCH","UNIT_SCADA",1,"2018/06/01 13:10:00","STARHLWF","8.397552",NA,NA,NA
"D","DISPATCH","UNIT_SCADA",1,"2018/06/01 13:10:00","WAUBRAWF","0",NA,NA,NA
"D","DISPATCH","UNIT_SCADA",1,"2018/06/01 13:10:00","WOOLNTH1","0.010015",NA,NA,NA
"D","DISPATCH","UNIT_SCADA",1,"2018/06/01 13:10:00","WPWF","10",NA,NA,NA
"D","DISPATCH","UNIT_SCADA",1,"2018/06/01 13:10:00","YAMBUKWF","0.70",NA,NA,NA
"D","DISPATCH","UNIT_SCADA",1,"2018/06/01 13:10:00","YSWF1","0",NA,NA,NA
"D","DISPATCH","UNIT_SCADA",1,"2018/06/01 13:15:00","BARCSF1","16.10",NA,NA,NA
"D","DISPATCH","UNIT_SCADA",1,"2018/06/01 13:15:00","BUTLERSG","9.199999",NA,NA,NA
"D","DISPATCH","UNIT_SCADA",1,"2018/06/01 13:15:00","CALL_A_4","0",NA,NA,NA
"D","DISPATCH","UNIT_SCADA",1,"2018/06/01 13:15:00","CAPTL_WF","63.503998",NA,NA,NA
"D","DISPATCH","UNIT_SCADA",1,"2018/06/01 13:15:00","CATHROCK","36.889999",NA,NA,NA
"D","DISPATCH","UNIT_SCADA",1,"2018/06/01 13:15:00","CHALLHWF","0",NA,NA,NA
"D","DISPATCH","UNIT_SCADA",1,"2018/06/01 13:15:00","CLOVER","0",NA,NA,NA
"D","DISPATCH","UNIT_SCADA",1,"2018/06/01 13:15:00","CLUNY","9.0103",NA,NA,NA
"D","DISPATCH","UNIT_SCADA",1,"2018/06/01 13:15:00","CNUNDAWF","2.903387",NA,NA,NA
"D","DISPATCH","UNIT_SCADA",1,"2018/06/01 13:15:00","CULLRGWF","1.84",NA,NA,NA
"D","DISPATCH","UNIT_SCADA",1,"2018/06/01 13:15:00","ERGT01","0",NA,NA,NA
"D","DISPATCH","UNIT_SCADA",1,"2018/06/01 13:15:00","GB01","0.046665",NA,NA,NA
"D","DISPATCH","UNIT_SCADA",1,"2018/06/01 13:15:00","GERMCRK","28.90",NA,NA,NA
"D","DISPATCH","UNIT_SCADA",1,"2018/06/01 13:30:00","BARCSF1","16.10",NA,NA,NA
"D","DISPATCH","UNIT_SCADA",1,"2018/06/01 13:30:00","BUTLERSG","9.099998",NA,NA,NA
"D","DISPATCH","UNIT_SCADA",1,"2018/06/01 13:30:00","CALL_A_4","0",NA,NA,NA
"D","DISPATCH","UNIT_SCADA",1,"2018/06/01 13:30:00","CAPTL_WF","61.660004",NA,NA,NA
"D","DISPATCH","UNIT_SCADA",1,"2018/06/01 13:30:00","CATHROCK","40.379997",NA,NA,NA
"D","DISPATCH","UNIT_SCADA",1,"2018/06/01 13:30:00","CHALLHWF","0",NA,NA,NA
"D","DISPATCH","UNIT_SCADA",1,"2018/06/01 13:30:00","CLOVER","-0.01",NA,NA,NA
"D","DISPATCH","UNIT_SCADA",1,"2018/06/01 13:30:00","CLUNY","9.062486",NA,NA,NA
"D","DISPATCH","UNIT_SCADA",1,"2018/06/01 13:30:00","CNUNDAWF","2.803270",NA,NA,NA
"D","DISPATCH","UNIT_SCADA",1,"2018/06/01 13:30:00","CULLRGWF","5.81",NA,NA,NA
"D","DISPATCH","UNIT_SCADA",1,"2018/06/01 13:30:00","ERGT01","0",NA,NA,NA
"D","DISPATCH","UNIT_SCADA",1,"2018/06/01 13:30:00","GB01","0.046665",NA,NA,NA
"D","DISPATCH","UNIT_SCADA",1,"2018/06/01 13:30:00","GERMCRK","33.099998",NA,NA,NA
"D","DISPATCH","UNIT_SCADA",1,"2018/06/01 13:30:00","GRIFSF1","19.200005",NA,NA,NA
"D","DISPATCH","UNIT_SCADA",1,"2018/06/01 13:30:00","HUGSF1","-0.0130",NA,NA,NA
"D","DISPATCH","UNIT_SCADA",1,"2018/06/01 13:30:00","INVICTA","0",NA,NA,NA
"D","DISPATCH","UNIT_SCADA",1,"2018/06/01 13:30:00","LKBONNY1","2.054115",NA,NA,NA
"D","DISPATCH","UNIT_SCADA",1,"2018/06/01 13:30:00","LRSF1","6.9960",NA,NA,NA
"D","DISPATCH","UNIT_SCADA",1,"2018/06/01 13:30:00","MBAHNTH","55.143753",NA,NA,NA
"D","DISPATCH","UNIT_SCADA",1,"2018/06/01 13:30:00","MLSP1","7.091001",NA,NA,NA
"D","DISPATCH","UNIT_SCADA",1,"2018/06/01 13:30:00","MLWF1","0",NA,NA,NA
"D","DISPATCH","UNIT_SCADA",1,"2018/06/01 13:30:00","MTMILLAR","33.895172",NA,NA,NA
"D","DISPATCH","UNIT_SCADA",1,"2018/06/01 13:30:00","PALOONA","12.96",NA,NA,NA
"D","DISPATCH","UNIT_SCADA",1,"2018/06/01 13:30:00","PIONEER","-0.90",NA,NA,NA
"D","DISPATCH","UNIT_SCADA",1,"2018/06/01 13:30:00","PORTWF","0",NA,NA,NA
"D","DISPATCH","UNIT_SCADA",1,"2018/06/01 13:30:00","REPULSE","0",NA,NA,NA
"D","DISPATCH","UNIT_SCADA",1,"2018/06/01 13:30:00","ROWALLAN","6.3048",NA,NA,NA
"D","DISPATCH","UNIT_SCADA",1,"2018/06/01 13:30:00","ROYALLA1","16.033001",NA,NA,NA
"D","DISPATCH","UNIT_SCADA",1,"2018/06/01 13:30:00","RPCG","-0.30",NA,NA,NA
"D","DISPATCH","UNIT_SCADA",1,"2018/06/01 13:30:00","RUBICON","0",NA,NA,NA
"D","DISPATCH","UNIT_SCADA",1,"2018/06/01 13:30:00","SMCSF1","36.018288",NA,NA,NA
"D","DISPATCH","UNIT_SCADA",1,"2018/06/01 13:30:00","STARHLWF","5.298455",NA,NA,NA
"D","DISPATCH","UNIT_SCADA",1,"2018/06/01 13:30:00","WAUBRAWF","0",NA,NA,NA
"D","DISPATCH","UNIT_SCADA",1,"2018/06/01 13:30:00","WOOLNTH1","0.260015",NA,NA,NA
"D","DISPATCH","UNIT_SCADA",1,"2018/06/01 13:30:00","WPWF","10",NA,NA,NA
"D","DISPATCH","UNIT_SCADA",1,"2018/06/01 13:30:00","YAMBUKWF","-0.20",NA,NA,NA
"D","DISPATCH","UNIT_SCADA",1,"2018/06/01 13:30:00","YSWF1","0",NA,NA,NA
"D","DISPATCH","UNIT_SCADA",1,"2018/06/01 13:15:00","GRIFSF1","19.000008",NA,NA,NA
"D","DISPATCH","UNIT_SCADA",1,"2018/06/01 13:15:00","HUGSF1","-0.0130",NA,NA,NA
"D","DISPATCH","UNIT_SCADA",1,"2018/06/01 13:15:00","INVICTA","0",NA,NA,NA
"D","DISPATCH","UNIT_SCADA",1,"2018/06/01 13:15:00","LKBONNY1","2.768590",NA,NA,NA
"D","DISPATCH","UNIT_SCADA",1,"2018/06/01 13:15:00","LRSF1","6.9960",NA,NA,NA
"D","DISPATCH","UNIT_SCADA",1,"2018/06/01 13:15:00","MBAHNTH","55.143753",NA,NA,NA
"D","DISPATCH","UNIT_SCADA",1,"2018/06/01 13:15:00","MLSP1","11.380001",NA,NA,NA
"D","DISPATCH","UNIT_SCADA",1,"2018/06/01 13:15:00","MLWF1","0",NA,NA,NA
"D","DISPATCH","UNIT_SCADA",1,"2018/06/01 13:15:00","MTMILLAR","36.365688",NA,NA,NA
"D","DISPATCH","UNIT_SCADA",1,"2018/06/01 13:15:00","PALOONA","12.96",NA,NA,NA
"D","DISPATCH","UNIT_SCADA",1,"2018/06/01 13:15:00","PIONEER","-0.90",NA,NA,NA
"D","DISPATCH","UNIT_SCADA",1,"2018/06/01 13:15:00","PORTWF","0",NA,NA,NA
"D","DISPATCH","UNIT_SCADA",1,"2018/06/01 13:15:00","REPULSE","0",NA,NA,NA
"D","DISPATCH","UNIT_SCADA",1,"2018/06/01 13:15:00","ROWALLAN","6.6314",NA,NA,NA
"D","DISPATCH","UNIT_SCADA",1,"2018/06/01 13:15:00","ROYALLA1","14.956001",NA,NA,NA
"D","DISPATCH","UNIT_SCADA",1,"2018/06/01 13:15:00","RPCG","-0.30",NA,NA,NA
"D","DISPATCH","UNIT_SCADA",1,"2018/06/01 13:15:00","RUBICON","0",NA,NA,NA
"D","DISPATCH","UNIT_SCADA",1,"2018/06/01 13:15:00","SMCSF1","35.950829",NA,NA,NA
"D","DISPATCH","UNIT_SCADA",1,"2018/06/01 13:15:00","STARHLWF","7.297872",NA,NA,NA
"D","DISPATCH","UNIT_SCADA",1,"2018/06/01 13:15:00","WAUBRAWF","0",NA,NA,NA
"D","DISPATCH","UNIT_SCADA",1,"2018/06/01 13:15:00","WOOLNTH1","0.820015",NA,NA,NA
"D","DISPATCH","UNIT_SCADA",1,"2018/06/01 13:15:00","WPWF","9",NA,NA,NA
"D","DISPATCH","UNIT_SCADA",1,"2018/06/01 13:15:00","YAMBUKWF","0.90",NA,NA,NA
"D","DISPATCH","UNIT_SCADA",1,"2018/06/01 13:15:00","YSWF1","0",NA,NA,NA
"D","DISPATCH","UNIT_SCADA",1,"2018/06/01 13:20:00","BARCSF1","16.10",NA,NA,NA
"D","DISPATCH","UNIT_SCADA",1,"2018/06/01 13:20:00","BUTLERSG","9.199999",NA,NA,NA
"D","DISPATCH","UNIT_SCADA",1,"2018/06/01 13:20:00","CALL_A_4","0",NA,NA,NA
"D","DISPATCH","UNIT_SCADA",1,"2018/06/01 13:20:00","CAPTL_WF","59.512001",NA,NA,NA
"D","DISPATCH","UNIT_SCADA",1,"2018/06/01 13:20:00","CATHROCK","39.119999",NA,NA,NA
"D","DISPATCH","UNIT_SCADA",1,"2018/06/01 13:20:00","CHALLHWF","0",NA,NA,NA
"D","DISPATCH","UNIT_SCADA",1,"2018/06/01 13:20:00","CLOVER","0",NA,NA,NA
"D","DISPATCH","UNIT_SCADA",1,"2018/06/01 13:20:00","CLUNY","9.062486",NA,NA,NA
"D","DISPATCH","UNIT_SCADA",1,"2018/06/01 13:20:00","CNUNDAWF","3.303854",NA,NA,NA
"D","DISPATCH","UNIT_SCADA",1,"2018/06/01 13:20:00","CULLRGWF","1.28",NA,NA,NA
"D","DISPATCH","UNIT_SCADA",1,"2018/06/01 13:20:00","ERGT01","0",NA,NA,NA
"D","DISPATCH","UNIT_SCADA",1,"2018/06/01 13:20:00","GB01","0.046665",NA,NA,NA
"D","DISPATCH","UNIT_SCADA",1,"2018/06/01 13:20:00","GERMCRK","24.10",NA,NA,NA
"D","DISPATCH","UNIT_SCADA",1,"2018/06/01 13:20:00","GRIFSF1","19.099998",NA,NA,NA
"D","DISPATCH","UNIT_SCADA",1,"2018/06/01 13:20:00","HUGSF1","-0.0130",NA,NA,NA
"D","DISPATCH","UNIT_SCADA",1,"2018/06/01 13:20:00","INVICTA","0",NA,NA,NA
"D","DISPATCH","UNIT_SCADA",1,"2018/06/01 13:20:00","LKBONNY1","2.500662",NA,NA,NA
"D","DISPATCH","UNIT_SCADA",1,"2018/06/01 13:20:00","LRSF1","6.9960",NA,NA,NA
"D","DISPATCH","UNIT_SCADA",1,"2018/06/01 13:20:00","MBAHNTH","55.143753",NA,NA,NA
"D","DISPATCH","UNIT_SCADA",1,"2018/06/01 13:20:00","MLSP1","12.144001",NA,NA,NA
"D","DISPATCH","UNIT_SCADA",1,"2018/06/01 13:20:00","MLWF1","0",NA,NA,NA
"D","DISPATCH","UNIT_SCADA",1,"2018/06/01 13:20:00","MTMILLAR","37.935806",NA,NA,NA
"D","DISPATCH","UNIT_SCADA",1,"2018/06/01 13:20:00","PALOONA","12.96",NA,NA,NA
"D","DISPATCH","UNIT_SCADA",1,"2018/06/01 13:20:00","PIONEER","-0.90",NA,NA,NA
"D","DISPATCH","UNIT_SCADA",1,"2018/06/01 13:20:00","PORTWF","0",NA,NA,NA
"D","DISPATCH","UNIT_SCADA",1,"2018/06/01 13:20:00","REPULSE","0",NA,NA,NA
"D","DISPATCH","UNIT_SCADA",1,"2018/06/01 13:20:00","ROWALLAN","6.5249",NA,NA,NA
"D","DISPATCH","UNIT_SCADA",1,"2018/06/01 13:20:00","ROYALLA1","14.361001",NA,NA,NA
"D","DISPATCH","UNIT_SCADA",1,"2018/06/01 13:20:00","RPCG","-0.30",NA,NA,NA
"D","DISPATCH","UNIT_SCADA",1,"2018/06/01 13:20:00","RUBICON","0",NA,NA,NA
"D","DISPATCH","UNIT_SCADA",1,"2018/06/01 13:20:00","SMCSF1","35.945545",NA,NA,NA
"D","DISPATCH","UNIT_SCADA",1,"2018/06/01 13:20:00","STARHLWF","4.898571",NA,NA,NA
"D","DISPATCH","UNIT_SCADA",1,"2018/06/01 13:20:00","WAUBRAWF","0",NA,NA,NA
"D","DISPATCH","UNIT_SCADA",1,"2018/06/01 13:20:00","WOOLNTH1","0.740015",NA,NA,NA
"D","DISPATCH","UNIT_SCADA",1,"2018/06/01 13:20:00","WPWF","8",NA,NA,NA
"D","DISPATCH","UNIT_SCADA",1,"2018/06/01 13:20:00","YAMBUKWF","0.40",NA,NA,NA
"D","DISPATCH","UNIT_SCADA",1,"2018/06/01 13:20:00","YSWF1","0",NA,NA,NA
"D","DISPATCH","UNIT_SCADA",1,"2018/06/01 13:25:00","BARCSF1","16.10",NA,NA,NA
"D","DISPATCH","UNIT_SCADA",1,"2018/06/01 13:25:00","BUTLERSG","9.199999",NA,NA,NA
"D","DISPATCH","UNIT_SCADA",1,"2018/06/01 13:25:00","CALL_A_4","0",NA,NA,NA
"D","DISPATCH","UNIT_SCADA",1,"2018/06/01 13:25:00","CAPTL_WF","64.68",NA,NA,NA
"D","DISPATCH","UNIT_SCADA",1,"2018/06/01 13:25:00","CATHROCK","36.159996",NA,NA,NA
"D","DISPATCH","UNIT_SCADA",1,"2018/06/01 13:25:00","CHALLHWF","0",NA,NA,NA
"D","DISPATCH","UNIT_SCADA",1,"2018/06/01 13:25:00","CLOVER","-0.01",NA,NA,NA
"D","DISPATCH","UNIT_SCADA",1,"2018/06/01 13:25:00","CLUNY","9.014877",NA,NA,NA
"D","DISPATCH","UNIT_SCADA",1,"2018/06/01 13:25:00","CNUNDAWF","2.903387",NA,NA,NA
"D","DISPATCH","UNIT_SCADA",1,"2018/06/01 13:25:00","CULLRGWF","4.08",NA,NA,NA
"D","DISPATCH","UNIT_SCADA",1,"2018/06/01 13:25:00","ERGT01","0",NA,NA,NA
"D","DISPATCH","UNIT_SCADA",1,"2018/06/01 13:25:00","GB01","0.046665",NA,NA,NA
"D","DISPATCH","UNIT_SCADA",1,"2018/06/01 13:25:00","GERMCRK","28.200001",NA,NA,NA
"D","DISPATCH","UNIT_SCADA",1,"2018/06/01 13:25:00","GRIFSF1","19.099998",NA,NA,NA
"D","DISPATCH","UNIT_SCADA",1,"2018/06/01 13:25:00","HUGSF1","-0.0130",NA,NA,NA
"D","DISPATCH","UNIT_SCADA",1,"2018/06/01 13:25:00","INVICTA","0",NA,NA,NA
"D","DISPATCH","UNIT_SCADA",1,"2018/06/01 13:25:00","LKBONNY1","1.964806",NA,NA,NA
"D","DISPATCH","UNIT_SCADA",1,"2018/06/01 13:25:00","LRSF1","6.9960",NA,NA,NA
"D","DISPATCH","UNIT_SCADA",1,"2018/06/01 13:25:00","MBAHNTH","55.143753",NA,NA,NA
"D","DISPATCH","UNIT_SCADA",1,"2018/06/01 13:25:00","MLSP1","7.437001",NA,NA,NA
"D","DISPATCH","UNIT_SCADA",1,"2018/06/01 13:25:00","MLWF1","0",NA,NA,NA
"D","DISPATCH","UNIT_SCADA",1,"2018/06/01 13:25:00","MTMILLAR","36.365688",NA,NA,NA
"D","DISPATCH","UNIT_SCADA",1,"2018/06/01 13:25:00","PALOONA","12.96",NA,NA,NA
"D","DISPATCH","UNIT_SCADA",1,"2018/06/01 13:25:00","PIONEER","-0.90",NA,NA,NA
"D","DISPATCH","UNIT_SCADA",1,"2018/06/01 13:25:00","PORTWF","-0.20",NA,NA,NA
"D","DISPATCH","UNIT_SCADA",1,"2018/06/01 13:25:00","REPULSE","0",NA,NA,NA
"D","DISPATCH","UNIT_SCADA",1,"2018/06/01 13:25:00","ROWALLAN","6.4468",NA,NA,NA
"D","DISPATCH","UNIT_SCADA",1,"2018/06/01 13:25:00","ROYALLA1","18.320002",NA,NA,NA
"D","DISPATCH","UNIT_SCADA",1,"2018/06/01 13:25:00","RPCG","-0.30",NA,NA,NA
"D","DISPATCH","UNIT_SCADA",1,"2018/06/01 13:25:00","RUBICON","0",NA,NA,NA
"D","DISPATCH","UNIT_SCADA",1,"2018/06/01 13:25:00","SMCSF1","36.021236",NA,NA,NA
"D","DISPATCH","UNIT_SCADA",1,"2018/06/01 13:25:00","STARHLWF","5.498397",NA,NA,NA
"D","DISPATCH","UNIT_SCADA",1,"2018/06/01 13:25:00","WAUBRAWF","0",NA,NA,NA
"D","DISPATCH","UNIT_SCADA",1,"2018/06/01 13:25:00","WOOLNTH1","0.050015",NA,NA,NA
"D","DISPATCH","UNIT_SCADA",1,"2018/06/01 13:25:00","WPWF","11",NA,NA,NA
"D","DISPATCH","UNIT_SCADA",1,"2018/06/01 13:25:00","YAMBUKWF","0",NA,NA,NA
"D","DISPATCH","UNIT_SCADA",1,"2018/06/01 13:25:00","YSWF1","0",NA,NA,NA
"D","DISPATCH","UNIT_SCADA",1,"2018/06/01 13:35:00","BARCSF1","16.10",NA,NA,NA
"D","DISPATCH","UNIT_SCADA",1,"2018/06/01 13:35:00","BUTLERSG","9.199999",NA,NA,NA
"D","DISPATCH","UNIT_SCADA",1,"2018/06/01 13:35:00","CALL_A_4","0",NA,NA,NA
"D","DISPATCH","UNIT_SCADA",1,"2018/06/01 13:35:00","CAPTL_WF","59.247993",NA,NA,NA
"D","DISPATCH","UNIT_SCADA",1,"2018/06/01 13:35:00","CATHROCK","40.249996",NA,NA,NA
"D","DISPATCH","UNIT_SCADA",1,"2018/06/01 13:35:00","CHALLHWF","0",NA,NA,NA
"D","DISPATCH","UNIT_SCADA",1,"2018/06/01 13:35:00","CLOVER","-0.03",NA,NA,NA
"D","DISPATCH","UNIT_SCADA",1,"2018/06/01 13:35:00","CLUNY","9.038682",NA,NA,NA
"D","DISPATCH","UNIT_SCADA",1,"2018/06/01 13:35:00","CNUNDAWF","2.803270",NA,NA,NA
"D","DISPATCH","UNIT_SCADA",1,"2018/06/01 13:35:00","CULLRGWF","4.08",NA,NA,NA
"D","DISPATCH","UNIT_SCADA",1,"2018/06/01 13:35:00","ERGT01","0",NA,NA,NA
"D","DISPATCH","UNIT_SCADA",1,"2018/06/01 13:35:00","GB01","0.046665",NA,NA,NA
"D","DISPATCH","UNIT_SCADA",1,"2018/06/01 13:35:00","GERMCRK","28.299999",NA,NA,NA
"D","DISPATCH","UNIT_SCADA",1,"2018/06/01 13:35:00","GRIFSF1","19.299995",NA,NA,NA
"D","DISPATCH","UNIT_SCADA",1,"2018/06/01 13:35:00","HUGSF1","-0.0130",NA,NA,NA
"D","DISPATCH","UNIT_SCADA",1,"2018/06/01 13:35:00","INVICTA","0",NA,NA,NA
"D","DISPATCH","UNIT_SCADA",1,"2018/06/01 13:35:00","LKBONNY1","2.054115",NA,NA,NA
"D","DISPATCH","UNIT_SCADA",1,"2018/06/01 13:35:00","LRSF1","6.9960",NA,NA,NA
"D","DISPATCH","UNIT_SCADA",1,"2018/06/01 13:35:00","MBAHNTH","55.143753",NA,NA,NA
"D","DISPATCH","UNIT_SCADA",1,"2018/06/01 13:35:00","MLSP1","4.236001",NA,NA,NA
"D","DISPATCH","UNIT_SCADA",1,"2018/06/01 13:35:00","MLWF1","0",NA,NA,NA
"D","DISPATCH","UNIT_SCADA",1,"2018/06/01 13:35:00","MTMILLAR","35.837357",NA,NA,NA
"D","DISPATCH","UNIT_SCADA",1,"2018/06/01 13:35:00","PALOONA","12.96",NA,NA,NA
"D","DISPATCH","UNIT_SCADA",1,"2018/06/01 13:35:00","PIONEER","-0.90",NA,NA,NA
"D","DISPATCH","UNIT_SCADA",1,"2018/06/01 13:35:00","PORTWF","-0.20",NA,NA,NA
"D","DISPATCH","UNIT_SCADA",1,"2018/06/01 13:35:00","REPULSE","0",NA,NA,NA
"D","DISPATCH","UNIT_SCADA",1,"2018/06/01 13:35:00","ROWALLAN","6.2977",NA,NA,NA
"D","DISPATCH","UNIT_SCADA",1,"2018/06/01 13:35:00","ROYALLA1","10.538001",NA,NA,NA
"D","DISPATCH","UNIT_SCADA",1,"2018/06/01 13:35:00","RPCG","-0.30",NA,NA,NA
"D","DISPATCH","UNIT_SCADA",1,"2018/06/01 13:35:00","RUBICON","0",NA,NA,NA
"D","DISPATCH","UNIT_SCADA",1,"2018/06/01 13:35:00","SMCSF1","35.998486",NA,NA,NA
"D","DISPATCH","UNIT_SCADA",1,"2018/06/01 13:35:00","STARHLWF","5.598368",NA,NA,NA
"D","DISPATCH","UNIT_SCADA",1,"2018/06/01 13:35:00","WAUBRAWF","0",NA,NA,NA
"D","DISPATCH","UNIT_SCADA",1,"2018/06/01 13:35:00","WOOLNTH1","0.400015",NA,NA,NA
"D","DISPATCH","UNIT_SCADA",1,"2018/06/01 13:35:00","WPWF","12",NA,NA,NA
"D","DISPATCH","UNIT_SCADA",1,"2018/06/01 13:35:00","YAMBUKWF","-0.20",NA,NA,NA
"D","DISPATCH","UNIT_SCADA",1,"2018/06/01 13:35:00","YSWF1","0",NA,NA,NA
"D","DISPATCH","UNIT_SCADA",1,"2018/06/01 13:40:00","BARCSF1","16.10",NA,NA,NA
"D","DISPATCH","UNIT_SCADA",1,"2018/06/01 13:40:00","BUTLERSG","9.199999",NA,NA,NA
"D","DISPATCH","UNIT_SCADA",1,"2018/06/01 13:40:00","CALL_A_4","0",NA,NA,NA
"D","DISPATCH","UNIT_SCADA",1,"2018/06/01 13:40:00","CAPTL_WF","58.459999",NA,NA,NA
"D","DISPATCH","UNIT_SCADA",1,"2018/06/01 13:40:00","CATHROCK","36.919998",NA,NA,NA
"D","DISPATCH","UNIT_SCADA",1,"2018/06/01 13:40:00","CHALLHWF","0",NA,NA,NA
"D","DISPATCH","UNIT_SCADA",1,"2018/06/01 13:40:00","CLOVER","-0.01",NA,NA,NA
"D","DISPATCH","UNIT_SCADA",1,"2018/06/01 13:40:00","CLUNY","9.014877",NA,NA,NA
"D","DISPATCH","UNIT_SCADA",1,"2018/06/01 13:40:00","CNUNDAWF","2.002336",NA,NA,NA
"D","DISPATCH","UNIT_SCADA",1,"2018/06/01 13:40:00","CULLRGWF","4.10",NA,NA,NA
"D","DISPATCH","UNIT_SCADA",1,"2018/06/01 13:40:00","ERGT01","0",NA,NA,NA
"D","DISPATCH","UNIT_SCADA",1,"2018/06/01 13:40:00","GB01","0.042850",NA,NA,NA
"D","DISPATCH","UNIT_SCADA",1,"2018/06/01 13:40:00","GERMCRK","32.299999",NA,NA,NA
"D","DISPATCH","UNIT_SCADA",1,"2018/06/01 13:40:00","LKBONNY1","1.518259",NA,NA,NA
"D","DISPATCH","UNIT_SCADA",1,"2018/06/01 13:40:00","GRIFSF1","19.500008",NA,NA,NA
"D","DISPATCH","UNIT_SCADA",1,"2018/06/01 13:40:00","HUGSF1","-0.0130",NA,NA,NA
"D","DISPATCH","UNIT_SCADA",1,"2018/06/01 13:40:00","INVICTA","0",NA,NA,NA
"D","DISPATCH","UNIT_SCADA",1,"2018/06/01 13:40:00","LRSF1","6.9960",NA,NA,NA
"D","DISPATCH","UNIT_SCADA",1,"2018/06/01 13:40:00","MBAHNTH","52.031250",NA,NA,NA
"D","DISPATCH","UNIT_SCADA",1,"2018/06/01 13:40:00","MLSP1","3.413001",NA,NA,NA
"D","DISPATCH","UNIT_SCADA",1,"2018/06/01 13:40:00","MLWF1","0",NA,NA,NA
"D","DISPATCH","UNIT_SCADA",1,"2018/06/01 13:40:00","MTMILLAR","31.409775",NA,NA,NA
"D","DISPATCH","UNIT_SCADA",1,"2018/06/01 13:40:00","PALOONA","13.12",NA,NA,NA
"D","DISPATCH","UNIT_SCADA",1,"2018/06/01 13:40:00","PIONEER","-0.90",NA,NA,NA
"D","DISPATCH","UNIT_SCADA",1,"2018/06/01 13:40:00","PORTWF","-0.20",NA,NA,NA
"D","DISPATCH","UNIT_SCADA",1,"2018/06/01 13:40:00","REPULSE","0",NA,NA,NA
"D","DISPATCH","UNIT_SCADA",1,"2018/06/01 13:40:00","ROWALLAN","6.5675",NA,NA,NA
"D","DISPATCH","UNIT_SCADA",1,"2018/06/01 13:40:00","ROYALLA1","17.663002",NA,NA,NA
"D","DISPATCH","UNIT_SCADA",1,"2018/06/01 13:40:00","RPCG","-0.30",NA,NA,NA
"D","DISPATCH","UNIT_SCADA",1,"2018/06/01 13:40:00","RUBICON","0",NA,NA,NA
"D","DISPATCH","UNIT_SCADA",1,"2018/06/01 13:40:00","SMCSF1","35.953789",NA,NA,NA
"D","DISPATCH","UNIT_SCADA",1,"2018/06/01 13:40:00","STARHLWF","4.298747",NA,NA,NA
"D","DISPATCH","UNIT_SCADA",1,"2018/06/01 13:40:00","WAUBRAWF","0",NA,NA,NA
"D","DISPATCH","UNIT_SCADA",1,"2018/06/01 13:40:00","WOOLNTH1","0.680015",NA,NA,NA
"D","DISPATCH","UNIT_SCADA",1,"2018/06/01 13:40:00","WPWF","13",NA,NA,NA
"D","DISPATCH","UNIT_SCADA",1,"2018/06/01 13:40:00","YAMBUKWF","-0.10",NA,NA,NA
"D","DISPATCH","UNIT_SCADA",1,"2018/06/01 13:40:00","YSWF1","0",NA,NA,NA
"D","DISPATCH","UNIT_SCADA",1,"2018/06/01 13:45:00","BARCSF1","16.10",NA,NA,NA
"D","DISPATCH","UNIT_SCADA",1,"2018/06/01 13:45:00","BUTLERSG","9.099998",NA,NA,NA
"D","DISPATCH","UNIT_SCADA",1,"2018/06/01 13:45:00","CALL_A_4","0",NA,NA,NA
"D","DISPATCH","UNIT_SCADA",1,"2018/06/01 13:45:00","CAPTL_WF","60.2920",NA,NA,NA
"D","DISPATCH","UNIT_SCADA",1,"2018/06/01 13:45:00","CATHROCK","40.989998",NA,NA,NA
"D","DISPATCH","UNIT_SCADA",1,"2018/06/01 13:45:00","CHALLHWF","0",NA,NA,NA
"D","DISPATCH","UNIT_SCADA",1,"2018/06/01 13:45:00","CLOVER","-0.01",NA,NA,NA
"D","DISPATCH","UNIT_SCADA",1,"2018/06/01 13:45:00","CLUNY","8.848249",NA,NA,NA
"D","DISPATCH","UNIT_SCADA",1,"2018/06/01 13:45:00","CNUNDAWF","2.002336",NA,NA,NA
"D","DISPATCH","UNIT_SCADA",1,"2018/06/01 13:45:00","CULLRGWF","3.03",NA,NA,NA
"D","DISPATCH","UNIT_SCADA",1,"2018/06/01 13:45:00","ERGT01","0",NA,NA,NA
"D","DISPATCH","UNIT_SCADA",1,"2018/06/01 13:45:00","GB01","0.042850",NA,NA,NA
"D","DISPATCH","UNIT_SCADA",1,"2018/06/01 13:45:00","GERMCRK","31.799999",NA,NA,NA
"D","DISPATCH","UNIT_SCADA",1,"2018/06/01 13:45:00","GRIFSF1","19.599998",NA,NA,NA
"D","DISPATCH","UNIT_SCADA",1,"2018/06/01 13:45:00","HUGSF1","-0.0130",NA,NA,NA
"D","DISPATCH","UNIT_SCADA",1,"2018/06/01 13:45:00","INVICTA","0",NA,NA,NA
"D","DISPATCH","UNIT_SCADA",1,"2018/06/01 13:45:00","LKBONNY1","1.964806",NA,NA,NA
"D","DISPATCH","UNIT_SCADA",1,"2018/06/01 13:45:00","LRSF1","6.9960",NA,NA,NA
"D","DISPATCH","UNIT_SCADA",1,"2018/06/01 13:45:00","MBAHNTH","52.031250",NA,NA,NA
"D","DISPATCH","UNIT_SCADA",1,"2018/06/01 13:45:00","MLSP1","3.012001",NA,NA,NA
"D","DISPATCH","UNIT_SCADA",1,"2018/06/01 13:45:00","MLWF1","0",NA,NA,NA
"D","DISPATCH","UNIT_SCADA",1,"2018/06/01 13:45:00","MTMILLAR","29.475035",NA,NA,NA
"D","DISPATCH","UNIT_SCADA",1,"2018/06/01 13:45:00","PALOONA","13.009999",NA,NA,NA
"D","DISPATCH","UNIT_SCADA",1,"2018/06/01 13:45:00","PIONEER","-0.90",NA,NA,NA
"D","DISPATCH","UNIT_SCADA",1,"2018/06/01 13:45:00","PORTWF","-0.10",NA,NA,NA
"D","DISPATCH","UNIT_SCADA",1,"2018/06/01 13:45:00","REPULSE","0",NA,NA,NA
"D","DISPATCH","UNIT_SCADA",1,"2018/06/01 13:45:00","ROWALLAN","6.0989",NA,NA,NA
"D","DISPATCH","UNIT_SCADA",1,"2018/06/01 13:45:00","ROYALLA1","13.355001",NA,NA,NA
"D","DISPATCH","UNIT_SCADA",1,"2018/06/01 13:45:00","RPCG","-0.30",NA,NA,NA
"D","DISPATCH","UNIT_SCADA",1,"2018/06/01 13:45:00","RUBICON","0",NA,NA,NA
"D","DISPATCH","UNIT_SCADA",1,"2018/06/01 13:45:00","SMCSF1","35.965122",NA,NA,NA
"D","DISPATCH","UNIT_SCADA",1,"2018/06/01 13:45:00","STARHLWF","5.498397",NA,NA,NA
"D","DISPATCH","UNIT_SCADA",1,"2018/06/01 13:45:00","WAUBRAWF","0",NA,NA,NA
"D","DISPATCH","UNIT_SCADA",1,"2018/06/01 13:45:00","WOOLNTH1","0.250015",NA,NA,NA
"D","DISPATCH","UNIT_SCADA",1,"2018/06/01 13:45:00","WPWF","15",NA,NA,NA
"D","DISPATCH","UNIT_SCADA",1,"2018/06/01 13:45:00","YAMBUKWF","-0.20",NA,NA,NA
"D","DISPATCH","UNIT_SCADA",1,"2018/06/01 13:45:00","YSWF1","0",NA,NA,NA
"D","DISPATCH","UNIT_SCADA",1,"2018/06/01 13:50:00","BARCSF1","16.10",NA,NA,NA
"D","DISPATCH","UNIT_SCADA",1,"2018/06/01 13:50:00","BUTLERSG","9.199999",NA,NA,NA
"D","DISPATCH","UNIT_SCADA",1,"2018/06/01 13:50:00","CALL_A_4","0",NA,NA,NA
"D","DISPATCH","UNIT_SCADA",1,"2018/06/01 13:50:00","CAPTL_WF","62.912003",NA,NA,NA
"D","DISPATCH","UNIT_SCADA",1,"2018/06/01 13:50:00","CATHROCK","37.149998",NA,NA,NA
"D","DISPATCH","UNIT_SCADA",1,"2018/06/01 13:50:00","CHALLHWF","0",NA,NA,NA
"D","DISPATCH","UNIT_SCADA",1,"2018/06/01 13:50:00","CLOVER","0",NA,NA,NA
"D","DISPATCH","UNIT_SCADA",1,"2018/06/01 13:50:00","CLUNY","8.886702",NA,NA,NA
"D","DISPATCH","UNIT_SCADA",1,"2018/06/01 13:50:00","CNUNDAWF","2.803270",NA,NA,NA
"D","DISPATCH","UNIT_SCADA",1,"2018/06/01 13:50:00","CULLRGWF","4.17",NA,NA,NA
"D","DISPATCH","UNIT_SCADA",1,"2018/06/01 13:50:00","ERGT01","0",NA,NA,NA
"D","DISPATCH","UNIT_SCADA",1,"2018/06/01 13:50:00","GB01","0.042850",NA,NA,NA
"D","DISPATCH","UNIT_SCADA",1,"2018/06/01 13:50:00","GERMCRK","31.200001",NA,NA,NA
"D","DISPATCH","UNIT_SCADA",1,"2018/06/01 13:50:00","GRIFSF1","19.799995",NA,NA,NA
"D","DISPATCH","UNIT_SCADA",1,"2018/06/01 13:50:00","HUGSF1","-0.0130",NA,NA,NA
"D","DISPATCH","UNIT_SCADA",1,"2018/06/01 13:50:00","INVICTA","0",NA,NA,NA
"D","DISPATCH","UNIT_SCADA",1,"2018/06/01 13:50:00","LKBONNY1","2.500662",NA,NA,NA
"D","DISPATCH","UNIT_SCADA",1,"2018/06/01 13:50:00","LRSF1","6.9960",NA,NA,NA
"D","DISPATCH","UNIT_SCADA",1,"2018/06/01 13:50:00","MBAHNTH","52.031250",NA,NA,NA
"D","DISPATCH","UNIT_SCADA",1,"2018/06/01 13:50:00","MLSP1","3.012001",NA,NA,NA
"D","DISPATCH","UNIT_SCADA",1,"2018/06/01 13:50:00","MLWF1","0",NA,NA,NA
"D","DISPATCH","UNIT_SCADA",1,"2018/06/01 13:50:00","MTMILLAR","27.897476",NA,NA,NA
"D","DISPATCH","UNIT_SCADA",1,"2018/06/01 13:50:00","PALOONA","12.809999",NA,NA,NA
"D","DISPATCH","UNIT_SCADA",1,"2018/06/01 13:50:00","PIONEER","-0.90",NA,NA,NA
"D","DISPATCH","UNIT_SCADA",1,"2018/06/01 13:50:00","PORTWF","-0.30",NA,NA,NA
"D","DISPATCH","UNIT_SCADA",1,"2018/06/01 13:50:00","REPULSE","0",NA,NA,NA
"D","DISPATCH","UNIT_SCADA",1,"2018/06/01 13:50:00","ROWALLAN","6.5817",NA,NA,NA
"D","DISPATCH","UNIT_SCADA",1,"2018/06/01 13:50:00","ROYALLA1","8.542001",NA,NA,NA
"D","DISPATCH","UNIT_SCADA",1,"2018/06/01 13:50:00","RPCG","-0.30",NA,NA,NA
"D","DISPATCH","UNIT_SCADA",1,"2018/06/01 13:50:00","RUBICON","0",NA,NA,NA
"D","DISPATCH","UNIT_SCADA",1,"2018/06/01 13:50:00","SMCSF1","35.961441",NA,NA,NA
"D","DISPATCH","UNIT_SCADA",1,"2018/06/01 13:50:00","STARHLWF","4.398717",NA,NA,NA
"D","DISPATCH","UNIT_SCADA",1,"2018/06/01 13:50:00","WAUBRAWF","0",NA,NA,NA
"D","DISPATCH","UNIT_SCADA",1,"2018/06/01 13:50:00","WOOLNTH1","0.000015",NA,NA,NA
"D","DISPATCH","UNIT_SCADA",1,"2018/06/01 13:50:00","WPWF","14",NA,NA,NA
"D","DISPATCH","UNIT_SCADA",1,"2018/06/01 13:50:00","YAMBUKWF","-0.20",NA,NA,NA
"D","DISPATCH","UNIT_SCADA",1,"2018/06/01 13:50:00","YSWF1","0",NA,NA,NA
"D","DISPATCH","UNIT_SCADA",1,"2018/06/01 13:55:00","BARCSF1","16.10",NA,NA,NA
"D","DISPATCH","UNIT_SCADA",1,"2018/06/01 13:55:00","BUTLERSG","9.199999",NA,NA,NA
"D","DISPATCH","UNIT_SCADA",1,"2018/06/01 13:55:00","CALL_A_4","0",NA,NA,NA
"D","DISPATCH","UNIT_SCADA",1,"2018/06/01 13:55:00","CAPTL_WF","68.811996",NA,NA,NA
"D","DISPATCH","UNIT_SCADA",1,"2018/06/01 13:55:00","CATHROCK","44.189999",NA,NA,NA
"D","DISPATCH","UNIT_SCADA",1,"2018/06/01 13:55:00","CHALLHWF","0",NA,NA,NA
"D","DISPATCH","UNIT_SCADA",1,"2018/06/01 13:55:00","CLOVER","-0.02",NA,NA,NA
"D","DISPATCH","UNIT_SCADA",1,"2018/06/01 13:55:00","CLUNY","8.925155",NA,NA,NA
"D","DISPATCH","UNIT_SCADA",1,"2018/06/01 13:55:00","CNUNDAWF","2.402803",NA,NA,NA
"D","DISPATCH","UNIT_SCADA",1,"2018/06/01 13:55:00","CULLRGWF","6.67",NA,NA,NA
"D","DISPATCH","UNIT_SCADA",1,"2018/06/01 13:55:00","ERGT01","0",NA,NA,NA
"D","DISPATCH","UNIT_SCADA",1,"2018/06/01 13:55:00","GB01","0.042850",NA,NA,NA
"D","DISPATCH","UNIT_SCADA",1,"2018/06/01 13:55:00","GERMCRK","31.700001",NA,NA,NA
"D","DISPATCH","UNIT_SCADA",1,"2018/06/01 13:55:00","GRIFSF1","19.900002",NA,NA,NA
"D","DISPATCH","UNIT_SCADA",1,"2018/06/01 13:55:00","HUGSF1","-0.0130",NA,NA,NA
"D","DISPATCH","UNIT_SCADA",1,"2018/06/01 13:55:00","INVICTA","0",NA,NA,NA
"D","DISPATCH","UNIT_SCADA",1,"2018/06/01 13:55:00","LKBONNY1","2.411353",NA,NA,NA
"D","DISPATCH","UNIT_SCADA",1,"2018/06/01 13:55:00","LRSF1","6.9960",NA,NA,NA
"D","DISPATCH","UNIT_SCADA",1,"2018/06/01 13:55:00","MBAHNTH","52.031250",NA,NA,NA
"D","DISPATCH","UNIT_SCADA",1,"2018/06/01 13:55:00","MLSP1","3.012001",NA,NA,NA
"D","DISPATCH","UNIT_SCADA",1,"2018/06/01 13:55:00","MLWF1","0",NA,NA,NA
"D","DISPATCH","UNIT_SCADA",1,"2018/06/01 13:55:00","MTMILLAR","24.913511",NA,NA,NA
"D","DISPATCH","UNIT_SCADA",1,"2018/06/01 13:55:00","PALOONA","12.809999",NA,NA,NA
"D","DISPATCH","UNIT_SCADA",1,"2018/06/01 13:55:00","PIONEER","-0.90",NA,NA,NA
"D","DISPATCH","UNIT_SCADA",1,"2018/06/01 13:55:00","PORTWF","-0.10",NA,NA,NA
"D","DISPATCH","UNIT_SCADA",1,"2018/06/01 13:55:00","REPULSE","0",NA,NA,NA
"D","DISPATCH","UNIT_SCADA",1,"2018/06/01 13:55:00","ROWALLAN","6.3261",NA,NA,NA
"D","DISPATCH","UNIT_SCADA",1,"2018/06/01 14:10:00","BARCSF1","16.10",NA,NA,NA
"D","DISPATCH","UNIT_SCADA",1,"2018/06/01 14:10:00","BUTLERSG","9.099998",NA,NA,NA
"D","DISPATCH","UNIT_SCADA",1,"2018/06/01 14:10:00","CALL_A_4","0",NA,NA,NA
"D","DISPATCH","UNIT_SCADA",1,"2018/06/01 14:10:00","CAPTL_WF","69.071999",NA,NA,NA
"D","DISPATCH","UNIT_SCADA",1,"2018/06/01 14:10:00","CATHROCK","32.899998",NA,NA,NA
"D","DISPATCH","UNIT_SCADA",1,"2018/06/01 14:10:00","CHALLHWF","0",NA,NA,NA
"D","DISPATCH","UNIT_SCADA",1,"2018/06/01 14:10:00","CLOVER","-0.01",NA,NA,NA
"D","DISPATCH","UNIT_SCADA",1,"2018/06/01 14:10:00","CLUNY","9.001144",NA,NA,NA
"D","DISPATCH","UNIT_SCADA",1,"2018/06/01 14:10:00","CNUNDAWF","1.601869",NA,NA,NA
"D","DISPATCH","UNIT_SCADA",1,"2018/06/01 14:10:00","CULLRGWF","6.29",NA,NA,NA
"D","DISPATCH","UNIT_SCADA",1,"2018/06/01 14:10:00","ERGT01","0",NA,NA,NA
"D","DISPATCH","UNIT_SCADA",1,"2018/06/01 14:10:00","GB01","0.042850",NA,NA,NA
"D","DISPATCH","UNIT_SCADA",1,"2018/06/01 14:10:00","GERMCRK","32.400002",NA,NA,NA
"D","DISPATCH","UNIT_SCADA",1,"2018/06/01 14:10:00","GRIFSF1","20.299995",NA,NA,NA
"D","DISPATCH","UNIT_SCADA",1,"2018/06/01 14:10:00","HUGSF1","-0.0130",NA,NA,NA
"D","DISPATCH","UNIT_SCADA",1,"2018/06/01 14:10:00","INVICTA","0",NA,NA,NA
"D","DISPATCH","UNIT_SCADA",1,"2018/06/01 14:10:00","LKBONNY1","0.893094",NA,NA,NA
"D","DISPATCH","UNIT_SCADA",1,"2018/06/01 14:10:00","LRSF1","6.9960",NA,NA,NA
"D","DISPATCH","UNIT_SCADA",1,"2018/06/01 14:10:00","MBAHNTH","52.031250",NA,NA,NA
"D","DISPATCH","UNIT_SCADA",1,"2018/06/01 14:10:00","MLSP1","2.612001",NA,NA,NA
"D","DISPATCH","UNIT_SCADA",1,"2018/06/01 14:10:00","MLWF1","0",NA,NA,NA
"D","DISPATCH","UNIT_SCADA",1,"2018/06/01 14:10:00","MTMILLAR","12.694878",NA,NA,NA
"D","DISPATCH","UNIT_SCADA",1,"2018/06/01 14:10:00","PALOONA","12.96",NA,NA,NA
"D","DISPATCH","UNIT_SCADA",1,"2018/06/01 14:10:00","PIONEER","-0.90",NA,NA,NA
"D","DISPATCH","UNIT_SCADA",1,"2018/06/01 14:10:00","PORTWF","-0.20",NA,NA,NA
"D","DISPATCH","UNIT_SCADA",1,"2018/06/01 14:10:00","REPULSE","0",NA,NA,NA
"D","DISPATCH","UNIT_SCADA",1,"2018/06/01 14:10:00","ROWALLAN","6.5817",NA,NA,NA
"D","DISPATCH","UNIT_SCADA",1,"2018/06/01 14:10:00","ROYALLA1","10.460001",NA,NA,NA
"D","DISPATCH","UNIT_SCADA",1,"2018/06/01 14:10:00","RPCG","-0.30",NA,NA,NA
"D","DISPATCH","UNIT_SCADA",1,"2018/06/01 14:10:00","RUBICON","0",NA,NA,NA
"D","DISPATCH","UNIT_SCADA",1,"2018/06/01 14:10:00","SMCSF1","35.972252",NA,NA,NA
"D","DISPATCH","UNIT_SCADA",1,"2018/06/01 14:10:00","STARHLWF","5.098513",NA,NA,NA
"D","DISPATCH","UNIT_SCADA",1,"2018/06/01 14:10:00","WAUBRAWF","0",NA,NA,NA
"D","DISPATCH","UNIT_SCADA",1,"2018/06/01 14:10:00","WOOLNTH1","0.490015",NA,NA,NA
"D","DISPATCH","UNIT_SCADA",1,"2018/06/01 14:10:00","WPWF","15",NA,NA,NA
"D","DISPATCH","UNIT_SCADA",1,"2018/06/01 14:10:00","YAMBUKWF","-0.30",NA,NA,NA
"D","DISPATCH","UNIT_SCADA",1,"2018/06/01 14:10:00","YSWF1","0",NA,NA,NA
"D","DISPATCH","UNIT_SCADA",1,"2018/06/01 13:55:00","ROYALLA1","16.051001",NA,NA,NA
"D","DISPATCH","UNIT_SCADA",1,"2018/06/01 13:55:00","RPCG","-0.30",NA,NA,NA
"D","DISPATCH","UNIT_SCADA",1,"2018/06/01 13:55:00","RUBICON","0",NA,NA,NA
"D","DISPATCH","UNIT_SCADA",1,"2018/06/01 13:55:00","SMCSF1","35.964813",NA,NA,NA
"D","DISPATCH","UNIT_SCADA",1,"2018/06/01 13:55:00","STARHLWF","4.798601",NA,NA,NA
"D","DISPATCH","UNIT_SCADA",1,"2018/06/01 13:55:00","WAUBRAWF","0",NA,NA,NA
"D","DISPATCH","UNIT_SCADA",1,"2018/06/01 13:55:00","WOOLNTH1","0.370015",NA,NA,NA
"D","DISPATCH","UNIT_SCADA",1,"2018/06/01 13:55:00","WPWF","14",NA,NA,NA
"D","DISPATCH","UNIT_SCADA",1,"2018/06/01 13:55:00","YAMBUKWF","-0.30",NA,NA,NA
"D","DISPATCH","UNIT_SCADA",1,"2018/06/01 13:55:00","YSWF1","0",NA,NA,NA
"D","DISPATCH","UNIT_SCADA",1,"2018/06/01 14:00:00","BARCSF1","16.10",NA,NA,NA
"D","DISPATCH","UNIT_SCADA",1,"2018/06/01 14:00:00","BUTLERSG","9.199999",NA,NA,NA
"D","DISPATCH","UNIT_SCADA",1,"2018/06/01 14:00:00","CALL_A_4","0",NA,NA,NA
"D","DISPATCH","UNIT_SCADA",1,"2018/06/01 14:00:00","CAPTL_WF","70.115997",NA,NA,NA
"D","DISPATCH","UNIT_SCADA",1,"2018/06/01 14:00:00","CATHROCK","36.369999",NA,NA,NA
"D","DISPATCH","UNIT_SCADA",1,"2018/06/01 14:00:00","CHALLHWF","0",NA,NA,NA
"D","DISPATCH","UNIT_SCADA",1,"2018/06/01 14:00:00","CLOVER","-0.01",NA,NA,NA
"D","DISPATCH","UNIT_SCADA",1,"2018/06/01 14:00:00","CLUNY","9.001144",NA,NA,NA
"D","DISPATCH","UNIT_SCADA",1,"2018/06/01 14:00:00","CNUNDAWF","1.601869",NA,NA,NA
"D","DISPATCH","UNIT_SCADA",1,"2018/06/01 14:00:00","CULLRGWF","6.32",NA,NA,NA
"D","DISPATCH","UNIT_SCADA",1,"2018/06/01 14:00:00","ERGT01","0",NA,NA,NA
"D","DISPATCH","UNIT_SCADA",1,"2018/06/01 14:00:00","GB01","0.042850",NA,NA,NA
"D","DISPATCH","UNIT_SCADA",1,"2018/06/01 14:00:00","GERMCRK","28.700001",NA,NA,NA
"D","DISPATCH","UNIT_SCADA",1,"2018/06/01 14:00:00","GRIFSF1","19.900002",NA,NA,NA
"D","DISPATCH","UNIT_SCADA",1,"2018/06/01 14:00:00","HUGSF1","-0.0130",NA,NA,NA
"D","DISPATCH","UNIT_SCADA",1,"2018/06/01 14:00:00","INVICTA","0",NA,NA,NA
"D","DISPATCH","UNIT_SCADA",1,"2018/06/01 14:00:00","LKBONNY1","1.607569",NA,NA,NA
"D","DISPATCH","UNIT_SCADA",1,"2018/06/01 14:00:00","LRSF1","6.9960",NA,NA,NA
"D","DISPATCH","UNIT_SCADA",1,"2018/06/01 14:00:00","MBAHNTH","52.031250",NA,NA,NA
"D","DISPATCH","UNIT_SCADA",1,"2018/06/01 14:00:00","MLSP1","3.012001",NA,NA,NA
"D","DISPATCH","UNIT_SCADA",1,"2018/06/01 14:00:00","MLWF1","0",NA,NA,NA
"D","DISPATCH","UNIT_SCADA",1,"2018/06/01 14:00:00","MTMILLAR","18.357716",NA,NA,NA
"D","DISPATCH","UNIT_SCADA",1,"2018/06/01 14:00:00","PALOONA","12.61",NA,NA,NA
"D","DISPATCH","UNIT_SCADA",1,"2018/06/01 14:00:00","PIONEER","-0.90",NA,NA,NA
"D","DISPATCH","UNIT_SCADA",1,"2018/06/01 14:00:00","PORTWF","-0.10",NA,NA,NA
"D","DISPATCH","UNIT_SCADA",1,"2018/06/01 14:00:00","REPULSE","0",NA,NA,NA
"D","DISPATCH","UNIT_SCADA",1,"2018/06/01 14:00:00","ROWALLAN","6.6740",NA,NA,NA
"D","DISPATCH","UNIT_SCADA",1,"2018/06/01 14:00:00","ROYALLA1","9.853001",NA,NA,NA
"D","DISPATCH","UNIT_SCADA",1,"2018/06/01 14:00:00","RPCG","-0.30",NA,NA,NA
"D","DISPATCH","UNIT_SCADA",1,"2018/06/01 14:00:00","RUBICON","0",NA,NA,NA
"D","DISPATCH","UNIT_SCADA",1,"2018/06/01 14:00:00","SMCSF1","35.958923",NA,NA,NA
"D","DISPATCH","UNIT_SCADA",1,"2018/06/01 14:00:00","STARHLWF","4.098805",NA,NA,NA
"D","DISPATCH","UNIT_SCADA",1,"2018/06/01 14:00:00","WAUBRAWF","0",NA,NA,NA
"D","DISPATCH","UNIT_SCADA",1,"2018/06/01 14:00:00","WOOLNTH1","0.370015",NA,NA,NA
"D","DISPATCH","UNIT_SCADA",1,"2018/06/01 14:00:00","WPWF","14",NA,NA,NA
"D","DISPATCH","UNIT_SCADA",1,"2018/06/01 14:00:00","YAMBUKWF","-0.20",NA,NA,NA
"D","DISPATCH","UNIT_SCADA",1,"2018/06/01 14:00:00","YSWF1","0",NA,NA,NA
"D","DISPATCH","UNIT_SCADA",1,"2018/06/01 14:05:00","BARCSF1","16.10",NA,NA,NA
"D","DISPATCH","UNIT_SCADA",1,"2018/06/01 14:05:00","BUTLERSG","9.199999",NA,NA,NA
"D","DISPATCH","UNIT_SCADA",1,"2018/06/01 14:05:00","CALL_A_4","0",NA,NA,NA
"D","DISPATCH","UNIT_SCADA",1,"2018/06/01 14:05:00","CAPTL_WF","71.239998",NA,NA,NA
"D","DISPATCH","UNIT_SCADA",1,"2018/06/01 14:05:00","CATHROCK","35.039997",NA,NA,NA
"D","DISPATCH","UNIT_SCADA",1,"2018/06/01 14:05:00","CHALLHWF","0",NA,NA,NA
"D","DISPATCH","UNIT_SCADA",1,"2018/06/01 14:05:00","CLOVER","0",NA,NA,NA
"D","DISPATCH","UNIT_SCADA",1,"2018/06/01 14:05:00","CLUNY","9.105516",NA,NA,NA
"D","DISPATCH","UNIT_SCADA",1,"2018/06/01 14:05:00","CNUNDAWF","1.201401",NA,NA,NA
"D","DISPATCH","UNIT_SCADA",1,"2018/06/01 14:05:00","CULLRGWF","4.96",NA,NA,NA
"D","DISPATCH","UNIT_SCADA",1,"2018/06/01 14:05:00","ERGT01","0",NA,NA,NA
"D","DISPATCH","UNIT_SCADA",1,"2018/06/01 14:05:00","GB01","0.042850",NA,NA,NA
"D","DISPATCH","UNIT_SCADA",1,"2018/06/01 14:05:00","GERMCRK","29.200001",NA,NA,NA
"D","DISPATCH","UNIT_SCADA",1,"2018/06/01 14:05:00","GRIFSF1","20.196877",NA,NA,NA
"D","DISPATCH","UNIT_SCADA",1,"2018/06/01 14:05:00","HUGSF1","-0.0130",NA,NA,NA
"D","DISPATCH","UNIT_SCADA",1,"2018/06/01 14:05:00","INVICTA","0",NA,NA,NA
"D","DISPATCH","UNIT_SCADA",1,"2018/06/01 14:05:00","LKBONNY1","1.071712",NA,NA,NA
"D","DISPATCH","UNIT_SCADA",1,"2018/06/01 14:05:00","LRSF1","6.9960",NA,NA,NA
"D","DISPATCH","UNIT_SCADA",1,"2018/06/01 14:05:00","MBAHNTH","52.031250",NA,NA,NA
"D","DISPATCH","UNIT_SCADA",1,"2018/06/01 14:05:00","MLSP1","2.612001",NA,NA,NA
"D","DISPATCH","UNIT_SCADA",1,"2018/06/01 14:05:00","MLWF1","0",NA,NA,NA
"D","DISPATCH","UNIT_SCADA",1,"2018/06/01 14:05:00","MTMILLAR","14.555205",NA,NA,NA
"D","DISPATCH","UNIT_SCADA",1,"2018/06/01 14:05:00","PALOONA","12.96",NA,NA,NA
"D","DISPATCH","UNIT_SCADA",1,"2018/06/01 14:05:00","PIONEER","-0.90",NA,NA,NA
"D","DISPATCH","UNIT_SCADA",1,"2018/06/01 14:05:00","PORTWF","-0.20",NA,NA,NA
"D","DISPATCH","UNIT_SCADA",1,"2018/06/01 14:05:00","REPULSE","0",NA,NA,NA
"D","DISPATCH","UNIT_SCADA",1,"2018/06/01 14:05:00","ROWALLAN","6.4752",NA,NA,NA
"D","DISPATCH","UNIT_SCADA",1,"2018/06/01 14:05:00","ROYALLA1","12.441001",NA,NA,NA
"D","DISPATCH","UNIT_SCADA",1,"2018/06/01 14:05:00","RPCG","-0.30",NA,NA,NA
"D","DISPATCH","UNIT_SCADA",1,"2018/06/01 14:05:00","RUBICON","0",NA,NA,NA
"D","DISPATCH","UNIT_SCADA",1,"2018/06/01 14:05:00","SMCSF1","35.973961",NA,NA,NA
"D","DISPATCH","UNIT_SCADA",1,"2018/06/01 14:05:00","STARHLWF","4.398717",NA,NA,NA
"D","DISPATCH","UNIT_SCADA",1,"2018/06/01 14:05:00","WAUBRAWF","0",NA,NA,NA
"D","DISPATCH","UNIT_SCADA",1,"2018/06/01 14:05:00","WOOLNTH1","0.630015",NA,NA,NA
"D","DISPATCH","UNIT_SCADA",1,"2018/06/01 14:05:00","WPWF","16",NA,NA,NA
"D","DISPATCH","UNIT_SCADA",1,"2018/06/01 14:05:00","YAMBUKWF","-0.20",NA,NA,NA
"D","DISPATCH","UNIT_SCADA",1,"2018/06/01 14:05:00","YSWF1","0",NA,NA,NA
"D","DISPATCH","UNIT_SCADA",1,"2018/06/01 14:15:00","BARCSF1","16.10",NA,NA,NA
"D","DISPATCH","UNIT_SCADA",1,"2018/06/01 14:15:00","BUTLERSG","9.199999",NA,NA,NA
"D","DISPATCH","UNIT_SCADA",1,"2018/06/01 14:15:00","CALL_A_4","0",NA,NA,NA
"D","DISPATCH","UNIT_SCADA",1,"2018/06/01 14:15:00","CAPTL_WF","68.3480",NA,NA,NA
"D","DISPATCH","UNIT_SCADA",1,"2018/06/01 14:15:00","CATHROCK","37.649998",NA,NA,NA
"D","DISPATCH","UNIT_SCADA",1,"2018/06/01 14:15:00","CHALLHWF","0",NA,NA,NA
"D","DISPATCH","UNIT_SCADA",1,"2018/06/01 14:15:00","CLOVER","-0.01",NA,NA,NA
"D","DISPATCH","UNIT_SCADA",1,"2018/06/01 14:15:00","CLUNY","8.991074",NA,NA,NA
"D","DISPATCH","UNIT_SCADA",1,"2018/06/01 14:15:00","CNUNDAWF","1.601869",NA,NA,NA
"D","DISPATCH","UNIT_SCADA",1,"2018/06/01 14:15:00","CULLRGWF","10.51",NA,NA,NA
"D","DISPATCH","UNIT_SCADA",1,"2018/06/01 14:15:00","ERGT01","0",NA,NA,NA
"D","DISPATCH","UNIT_SCADA",1,"2018/06/01 14:15:00","GB01","0.042850",NA,NA,NA
"D","DISPATCH","UNIT_SCADA",1,"2018/06/01 14:15:00","GERMCRK","31.200001",NA,NA,NA
"D","DISPATCH","UNIT_SCADA",1,"2018/06/01 14:15:00","GRIFSF1","20.299995",NA,NA,NA
"D","DISPATCH","UNIT_SCADA",1,"2018/06/01 14:15:00","HUGSF1","-0.0130",NA,NA,NA
"D","DISPATCH","UNIT_SCADA",1,"2018/06/01 14:15:00","INVICTA","0",NA,NA,NA
"D","DISPATCH","UNIT_SCADA",1,"2018/06/01 14:15:00","LKBONNY1","0.357237",NA,NA,NA
"D","DISPATCH","UNIT_SCADA",1,"2018/06/01 14:15:00","LRSF1","6.9960",NA,NA,NA
"D","DISPATCH","UNIT_SCADA",1,"2018/06/01 14:15:00","MBAHNTH","52.031250",NA,NA,NA
"D","DISPATCH","UNIT_SCADA",1,"2018/06/01 14:15:00","MLSP1","2.612001",NA,NA,NA
"D","DISPATCH","UNIT_SCADA",1,"2018/06/01 14:15:00","MLWF1","0",NA,NA,NA
"D","DISPATCH","UNIT_SCADA",1,"2018/06/01 14:15:00","MTMILLAR","10.670840",NA,NA,NA
"D","DISPATCH","UNIT_SCADA",1,"2018/06/01 14:15:00","PALOONA","12.96",NA,NA,NA
"D","DISPATCH","UNIT_SCADA",1,"2018/06/01 14:15:00","PIONEER","-0.90",NA,NA,NA
"D","DISPATCH","UNIT_SCADA",1,"2018/06/01 14:15:00","PORTWF","-0.20",NA,NA,NA
"D","DISPATCH","UNIT_SCADA",1,"2018/06/01 14:15:00","REPULSE","0",NA,NA,NA
"D","DISPATCH","UNIT_SCADA",1,"2018/06/01 14:15:00","ROWALLAN","6.6172",NA,NA,NA
"D","DISPATCH","UNIT_SCADA",1,"2018/06/01 14:15:00","ROYALLA1","8.695001",NA,NA,NA
"D","DISPATCH","UNIT_SCADA",1,"2018/06/01 14:15:00","RPCG","-0.30",NA,NA,NA
"D","DISPATCH","UNIT_SCADA",1,"2018/06/01 14:15:00","RUBICON","0",NA,NA,NA
"D","DISPATCH","UNIT_SCADA",1,"2018/06/01 14:15:00","SMCSF1","35.962761",NA,NA,NA
"D","DISPATCH","UNIT_SCADA",1,"2018/06/01 14:15:00","STARHLWF","3.598951",NA,NA,NA
"D","DISPATCH","UNIT_SCADA",1,"2018/06/01 14:15:00","WAUBRAWF","0",NA,NA,NA
"D","DISPATCH","UNIT_SCADA",1,"2018/06/01 14:15:00","WOOLNTH1","0.700015",NA,NA,NA
"D","DISPATCH","UNIT_SCADA",1,"2018/06/01 14:15:00","WPWF","19",NA,NA,NA
"D","DISPATCH","UNIT_SCADA",1,"2018/06/01 14:15:00","YAMBUKWF","-0.20",NA,NA,NA
"D","DISPATCH","UNIT_SCADA",1,"2018/06/01 14:15:00","YSWF1","0",NA,NA,NA
"D","DISPATCH","UNIT_SCADA",1,"2018/06/01 14:20:00","BARCSF1","16.10",NA,NA,NA
"D","DISPATCH","UNIT_SCADA",1,"2018/06/01 14:20:00","BUTLERSG","9.199999",NA,NA,NA
"D","DISPATCH","UNIT_SCADA",1,"2018/06/01 14:20:00","CALL_A_4","0",NA,NA,NA
"D","DISPATCH","UNIT_SCADA",1,"2018/06/01 14:20:00","CAPTL_WF","69.788002",NA,NA,NA
"D","DISPATCH","UNIT_SCADA",1,"2018/06/01 14:20:00","CATHROCK","34.839996",NA,NA,NA
"D","DISPATCH","UNIT_SCADA",1,"2018/06/01 14:20:00","CHALLHWF","0",NA,NA,NA
"D","DISPATCH","UNIT_SCADA",1,"2018/06/01 14:20:00","CULLRGWF","9.45",NA,NA,NA
"D","DISPATCH","UNIT_SCADA",1,"2018/06/01 14:20:00","CLOVER","-0.01",NA,NA,NA
"D","DISPATCH","UNIT_SCADA",1,"2018/06/01 14:20:00","CLUNY","9.005722",NA,NA,NA
"D","DISPATCH","UNIT_SCADA",1,"2018/06/01 14:20:00","CNUNDAWF","1.301518",NA,NA,NA
"D","DISPATCH","UNIT_SCADA",1,"2018/06/01 14:20:00","ERGT01","0",NA,NA,NA
"D","DISPATCH","UNIT_SCADA",1,"2018/06/01 14:20:00","GB01","0.042850",NA,NA,NA
"D","DISPATCH","UNIT_SCADA",1,"2018/06/01 14:20:00","GERMCRK","31.299999",NA,NA,NA
"D","DISPATCH","UNIT_SCADA",1,"2018/06/01 14:20:00","GRIFSF1","20.400002",NA,NA,NA
"D","DISPATCH","UNIT_SCADA",1,"2018/06/01 14:20:00","HUGSF1","-0.0130",NA,NA,NA
"D","DISPATCH","UNIT_SCADA",1,"2018/06/01 14:20:00","INVICTA","0",NA,NA,NA
"D","DISPATCH","UNIT_SCADA",1,"2018/06/01 14:20:00","LKBONNY1","0.446547",NA,NA,NA
"D","DISPATCH","UNIT_SCADA",1,"2018/06/01 14:20:00","LRSF1","6.9960",NA,NA,NA
"D","DISPATCH","UNIT_SCADA",1,"2018/06/01 14:20:00","MBAHNTH","52.031250",NA,NA,NA
"D","DISPATCH","UNIT_SCADA",1,"2018/06/01 14:20:00","MLSP1","2.612001",NA,NA,NA
"D","DISPATCH","UNIT_SCADA",1,"2018/06/01 14:20:00","MLWF1","0",NA,NA,NA
"D","DISPATCH","UNIT_SCADA",1,"2018/06/01 14:20:00","MTMILLAR","8.505419",NA,NA,NA
"D","DISPATCH","UNIT_SCADA",1,"2018/06/01 14:20:00","PALOONA","12.96",NA,NA,NA
"D","DISPATCH","UNIT_SCADA",1,"2018/06/01 14:20:00","PIONEER","-0.90",NA,NA,NA
"D","DISPATCH","UNIT_SCADA",1,"2018/06/01 14:20:00","PORTWF","-0.20",NA,NA,NA
"D","DISPATCH","UNIT_SCADA",1,"2018/06/01 14:20:00","REPULSE","0",NA,NA,NA
"D","DISPATCH","UNIT_SCADA",1,"2018/06/01 14:20:00","ROWALLAN","6.6456",NA,NA,NA
"D","DISPATCH","UNIT_SCADA",1,"2018/06/01 14:20:00","ROYALLA1","10.447001",NA,NA,NA
"D","DISPATCH","UNIT_SCADA",1,"2018/06/01 14:20:00","RPCG","-0.30",NA,NA,NA
"D","DISPATCH","UNIT_SCADA",1,"2018/06/01 14:20:00","RUBICON","0",NA,NA,NA
"D","DISPATCH","UNIT_SCADA",1,"2018/06/01 14:20:00","SMCSF1","35.968719",NA,NA,NA
"D","DISPATCH","UNIT_SCADA",1,"2018/06/01 14:20:00","STARHLWF","4.198776",NA,NA,NA
"D","DISPATCH","UNIT_SCADA",1,"2018/06/01 14:20:00","WAUBRAWF","0",NA,NA,NA
"D","DISPATCH","UNIT_SCADA",1,"2018/06/01 14:20:00","WOOLNTH1","0.400015",NA,NA,NA
"D","DISPATCH","UNIT_SCADA",1,"2018/06/01 14:20:00","WPWF","19",NA,NA,NA
"D","DISPATCH","UNIT_SCADA",1,"2018/06/01 14:20:00","YAMBUKWF","-0.20",NA,NA,NA
"D","DISPATCH","UNIT_SCADA",1,"2018/06/01 14:20:00","YSWF1","0",NA,NA,NA
"D","DISPATCH","UNIT_SCADA",1,"2018/06/01 14:25:00","BARCSF1","16.10",NA,NA,NA
"D","DISPATCH","UNIT_SCADA",1,"2018/06/01 14:25:00","BUTLERSG","9.199999",NA,NA,NA
"D","DISPATCH","UNIT_SCADA",1,"2018/06/01 14:25:00","CALL_A_4","0",NA,NA,NA
"D","DISPATCH","UNIT_SCADA",1,"2018/06/01 14:25:00","CAPTL_WF","65.871994",NA,NA,NA
"D","DISPATCH","UNIT_SCADA",1,"2018/06/01 14:25:00","CATHROCK","39.259998",NA,NA,NA
"D","DISPATCH","UNIT_SCADA",1,"2018/06/01 14:25:00","CHALLHWF","0.30",NA,NA,NA
"D","DISPATCH","UNIT_SCADA",1,"2018/06/01 14:25:00","CLOVER","-0.01",NA,NA,NA
"D","DISPATCH","UNIT_SCADA",1,"2018/06/01 14:25:00","CLUNY","9.053330",NA,NA,NA
"D","DISPATCH","UNIT_SCADA",1,"2018/06/01 14:25:00","CNUNDAWF","0.901051",NA,NA,NA
"D","DISPATCH","UNIT_SCADA",1,"2018/06/01 14:25:00","CULLRGWF","10.71",NA,NA,NA
"D","DISPATCH","UNIT_SCADA",1,"2018/06/01 14:25:00","ERGT01","0",NA,NA,NA
"D","DISPATCH","UNIT_SCADA",1,"2018/06/01 14:25:00","GB01","0.044846",NA,NA,NA
"D","DISPATCH","UNIT_SCADA",1,"2018/06/01 14:25:00","GERMCRK","31.40",NA,NA,NA
"D","DISPATCH","UNIT_SCADA",1,"2018/06/01 14:25:00","GRIFSF1","20.500008",NA,NA,NA
"D","DISPATCH","UNIT_SCADA",1,"2018/06/01 14:25:00","HUGSF1","-0.0130",NA,NA,NA
"D","DISPATCH","UNIT_SCADA",1,"2018/06/01 14:25:00","INVICTA","0",NA,NA,NA
"D","DISPATCH","UNIT_SCADA",1,"2018/06/01 14:25:00","LKBONNY1","0.714475",NA,NA,NA
"D","DISPATCH","UNIT_SCADA",1,"2018/06/01 14:25:00","LRSF1","6.9960",NA,NA,NA
"D","DISPATCH","UNIT_SCADA",1,"2018/06/01 14:25:00","MBAHNTH","52.031250",NA,NA,NA
"D","DISPATCH","UNIT_SCADA",1,"2018/06/01 14:25:00","MLSP1","3.015001",NA,NA,NA
"D","DISPATCH","UNIT_SCADA",1,"2018/06/01 14:25:00","MLWF1","0",NA,NA,NA
"D","DISPATCH","UNIT_SCADA",1,"2018/06/01 14:25:00","MTMILLAR","6.511147",NA,NA,NA
"D","DISPATCH","UNIT_SCADA",1,"2018/06/01 14:25:00","PALOONA","12.96",NA,NA,NA
"D","DISPATCH","UNIT_SCADA",1,"2018/06/01 14:25:00","PIONEER","-0.90",NA,NA,NA
"D","DISPATCH","UNIT_SCADA",1,"2018/06/01 14:25:00","PORTWF","-0.20",NA,NA,NA
"D","DISPATCH","UNIT_SCADA",1,"2018/06/01 14:25:00","REPULSE","0",NA,NA,NA
"D","DISPATCH","UNIT_SCADA",1,"2018/06/01 14:25:00","ROWALLAN","6.4681",NA,NA,NA
"D","DISPATCH","UNIT_SCADA",1,"2018/06/01 14:25:00","ROYALLA1","5.729001",NA,NA,NA
"D","DISPATCH","UNIT_SCADA",1,"2018/06/01 14:25:00","RPCG","-0.30",NA,NA,NA
"D","DISPATCH","UNIT_SCADA",1,"2018/06/01 14:25:00","RUBICON","0",NA,NA,NA
"D","DISPATCH","UNIT_SCADA",1,"2018/06/01 14:25:00","SMCSF1","35.969582",NA,NA,NA
"D","DISPATCH","UNIT_SCADA",1,"2018/06/01 14:25:00","STARHLWF","3.598951",NA,NA,NA
"D","DISPATCH","UNIT_SCADA",1,"2018/06/01 14:25:00","WAUBRAWF","0",NA,NA,NA
"D","DISPATCH","UNIT_SCADA",1,"2018/06/01 14:25:00","WOOLNTH1","1.410015",NA,NA,NA
"D","DISPATCH","UNIT_SCADA",1,"2018/06/01 14:25:00","WPWF","18",NA,NA,NA
"D","DISPATCH","UNIT_SCADA",1,"2018/06/01 14:25:00","YAMBUKWF","-0.20",NA,NA,NA
"D","DISPATCH","UNIT_SCADA",1,"2018/06/01 14:25:00","YSWF1","0",NA,NA,NA
"D","DISPATCH","UNIT_SCADA",1,"2018/06/01 14:30:00","BARCSF1","16.10",NA,NA,NA
"D","DISPATCH","UNIT_SCADA",1,"2018/06/01 14:30:00","BUTLERSG","9.199999",NA,NA,NA
"D","DISPATCH","UNIT_SCADA",1,"2018/06/01 14:30:00","CALL_A_4","0",NA,NA,NA
"D","DISPATCH","UNIT_SCADA",1,"2018/06/01 14:30:00","CAPTL_WF","62.391998",NA,NA,NA
"D","DISPATCH","UNIT_SCADA",1,"2018/06/01 14:30:00","CATHROCK","29.779999",NA,NA,NA
"D","DISPATCH","UNIT_SCADA",1,"2018/06/01 14:30:00","CHALLHWF","0.30",NA,NA,NA
"D","DISPATCH","UNIT_SCADA",1,"2018/06/01 14:30:00","CLOVER","0",NA,NA,NA
"D","DISPATCH","UNIT_SCADA",1,"2018/06/01 14:30:00","CLUNY","8.972763",NA,NA,NA
"D","DISPATCH","UNIT_SCADA",1,"2018/06/01 14:30:00","CNUNDAWF","0.500584",NA,NA,NA
"D","DISPATCH","UNIT_SCADA",1,"2018/06/01 14:30:00","CULLRGWF","9.20",NA,NA,NA
"D","DISPATCH","UNIT_SCADA",1,"2018/06/01 14:30:00","ERGT01","0",NA,NA,NA
"D","DISPATCH","UNIT_SCADA",1,"2018/06/01 14:30:00","GB01","0.044846",NA,NA,NA
"D","DISPATCH","UNIT_SCADA",1,"2018/06/01 14:30:00","GERMCRK","28.60",NA,NA,NA
"D","DISPATCH","UNIT_SCADA",1,"2018/06/01 14:30:00","GRIFSF1","20.599998",NA,NA,NA
"D","DISPATCH","UNIT_SCADA",1,"2018/06/01 14:30:00","HUGSF1","-0.0130",NA,NA,NA
"D","DISPATCH","UNIT_SCADA",1,"2018/06/01 14:30:00","INVICTA","0",NA,NA,NA
"D","DISPATCH","UNIT_SCADA",1,"2018/06/01 14:30:00","LKBONNY1","0.357237",NA,NA,NA
"D","DISPATCH","UNIT_SCADA",1,"2018/06/01 14:30:00","LRSF1","6.9960",NA,NA,NA
"D","DISPATCH","UNIT_SCADA",1,"2018/06/01 14:30:00","MBAHNTH","52.031250",NA,NA,NA
"D","DISPATCH","UNIT_SCADA",1,"2018/06/01 14:30:00","MLSP1","2.615001",NA,NA,NA
"D","DISPATCH","UNIT_SCADA",1,"2018/06/01 14:30:00","MLWF1","0",NA,NA,NA
"D","DISPATCH","UNIT_SCADA",1,"2018/06/01 14:30:00","MTMILLAR","8.029175",NA,NA,NA
"D","DISPATCH","UNIT_SCADA",1,"2018/06/01 14:30:00","PALOONA","12.86",NA,NA,NA
"D","DISPATCH","UNIT_SCADA",1,"2018/06/01 14:30:00","PIONEER","-0.90",NA,NA,NA
"D","DISPATCH","UNIT_SCADA",1,"2018/06/01 14:30:00","PORTWF","-0.20",NA,NA,NA
"D","DISPATCH","UNIT_SCADA",1,"2018/06/01 14:30:00","REPULSE","0",NA,NA,NA
"D","DISPATCH","UNIT_SCADA",1,"2018/06/01 14:30:00","ROWALLAN","6.5178",NA,NA,NA
"D","DISPATCH","UNIT_SCADA",1,"2018/06/01 14:30:00","ROYALLA1","5.589001",NA,NA,NA
"D","DISPATCH","UNIT_SCADA",1,"2018/06/01 14:30:00","RPCG","-0.30",NA,NA,NA
"D","DISPATCH","UNIT_SCADA",1,"2018/06/01 14:30:00","RUBICON","0",NA,NA,NA
"D","DISPATCH","UNIT_SCADA",1,"2018/06/01 14:30:00","SMCSF1","36.041325",NA,NA,NA
"D","DISPATCH","UNIT_SCADA",1,"2018/06/01 14:30:00","STARHLWF","4.198776",NA,NA,NA
"D","DISPATCH","UNIT_SCADA",1,"2018/06/01 14:30:00","WAUBRAWF","0",NA,NA,NA
"D","DISPATCH","UNIT_SCADA",1,"2018/06/01 14:30:00","WOOLNTH1","1.080015",NA,NA,NA
"D","DISPATCH","UNIT_SCADA",1,"2018/06/01 14:30:00","WPWF","15",NA,NA,NA
"D","DISPATCH","UNIT_SCADA",1,"2018/06/01 14:30:00","YAMBUKWF","-0.20",NA,NA,NA
"D","DISPATCH","UNIT_SCADA",1,"2018/06/01 14:30:00","YSWF1","0",NA,NA,NA
"D","DISPATCH","UNIT_SCADA",1,"2018/06/01 14:35:00","BARCSF1","16.10",NA,NA,NA
"D","DISPATCH","UNIT_SCADA",1,"2018/06/01 14:35:00","BUTLERSG","9.199999",NA,NA,NA
"D","DISPATCH","UNIT_SCADA",1,"2018/06/01 14:35:00","CALL_A_4","0",NA,NA,NA
"D","DISPATCH","UNIT_SCADA",1,"2018/06/01 14:35:00","CAPTL_WF","63.047997",NA,NA,NA
"D","DISPATCH","UNIT_SCADA",1,"2018/06/01 14:35:00","CATHROCK","29.289999",NA,NA,NA
"D","DISPATCH","UNIT_SCADA",1,"2018/06/01 14:35:00","CHALLHWF","0.30",NA,NA,NA
"D","DISPATCH","UNIT_SCADA",1,"2018/06/01 14:35:00","CLOVER","-0.01",NA,NA,NA
"D","DISPATCH","UNIT_SCADA",1,"2018/06/01 14:35:00","CLUNY","8.991074",NA,NA,NA
"D","DISPATCH","UNIT_SCADA",1,"2018/06/01 14:35:00","CNUNDAWF","0.500584",NA,NA,NA
"D","DISPATCH","UNIT_SCADA",1,"2018/06/01 14:35:00","CULLRGWF","7.86",NA,NA,NA
"D","DISPATCH","UNIT_SCADA",1,"2018/06/01 14:35:00","ERGT01","0",NA,NA,NA
"D","DISPATCH","UNIT_SCADA",1,"2018/06/01 14:35:00","GB01","0.044846",NA,NA,NA
"D","DISPATCH","UNIT_SCADA",1,"2018/06/01 14:35:00","GERMCRK","34.299999",NA,NA,NA
"D","DISPATCH","UNIT_SCADA",1,"2018/06/01 14:35:00","GRIFSF1","20.599998",NA,NA,NA
"D","DISPATCH","UNIT_SCADA",1,"2018/06/01 14:35:00","HUGSF1","-0.0130",NA,NA,NA
"D","DISPATCH","UNIT_SCADA",1,"2018/06/01 14:35:00","INVICTA","0",NA,NA,NA
"D","DISPATCH","UNIT_SCADA",1,"2018/06/01 14:35:00","LKBONNY1","0.267928",NA,NA,NA
"D","DISPATCH","UNIT_SCADA",1,"2018/06/01 14:35:00","LRSF1","6.9960",NA,NA,NA
"D","DISPATCH","UNIT_SCADA",1,"2018/06/01 14:35:00","MBAHNTH","52.031250",NA,NA,NA
"D","DISPATCH","UNIT_SCADA",1,"2018/06/01 14:35:00","MLSP1","2.615001",NA,NA,NA
"D","DISPATCH","UNIT_SCADA",1,"2018/06/01 14:35:00","MLWF1","0",NA,NA,NA
"D","DISPATCH","UNIT_SCADA",1,"2018/06/01 14:35:00","MTMILLAR","6.034904",NA,NA,NA
"D","DISPATCH","UNIT_SCADA",1,"2018/06/01 14:35:00","PALOONA","13.009999",NA,NA,NA
"D","DISPATCH","UNIT_SCADA",1,"2018/06/01 14:35:00","PIONEER","-0.90",NA,NA,NA
"D","DISPATCH","UNIT_SCADA",1,"2018/06/01 14:35:00","PORTWF","-0.20",NA,NA,NA
"D","DISPATCH","UNIT_SCADA",1,"2018/06/01 14:35:00","REPULSE","0",NA,NA,NA
"D","DISPATCH","UNIT_SCADA",1,"2018/06/01 14:35:00","ROWALLAN","6.5533",NA,NA,NA
"D","DISPATCH","UNIT_SCADA",1,"2018/06/01 14:35:00","ROYALLA1","8.089001",NA,NA,NA
"D","DISPATCH","UNIT_SCADA",1,"2018/06/01 14:35:00","RPCG","-0.30",NA,NA,NA
"D","DISPATCH","UNIT_SCADA",1,"2018/06/01 14:35:00","RUBICON","0",NA,NA,NA
"D","DISPATCH","UNIT_SCADA",1,"2018/06/01 14:35:00","SMCSF1","35.918503",NA,NA,NA
"D","DISPATCH","UNIT_SCADA",1,"2018/06/01 14:35:00","STARHLWF","3.998834",NA,NA,NA
"D","DISPATCH","UNIT_SCADA",1,"2018/06/01 14:35:00","WAUBRAWF","0.3290",NA,NA,NA
"D","DISPATCH","UNIT_SCADA",1,"2018/06/01 14:35:00","WOOLNTH1","1.430015",NA,NA,NA
"D","DISPATCH","UNIT_SCADA",1,"2018/06/01 14:35:00","WPWF","15",NA,NA,NA
"D","DISPATCH","UNIT_SCADA",1,"2018/06/01 14:35:00","YAMBUKWF","-0.20",NA,NA,NA
"D","DISPATCH","UNIT_SCADA",1,"2018/06/01 14:35:00","YSWF1","0",NA,NA,NA
"D","DISPATCH","UNIT_SCADA",1,"2018/06/01 14:40:00","BARCSF1","16.10",NA,NA,NA
"D","DISPATCH","UNIT_SCADA",1,"2018/06/01 14:40:00","BUTLERSG","9.199999",NA,NA,NA
"D","DISPATCH","UNIT_SCADA",1,"2018/06/01 14:40:00","CALL_A_4","0",NA,NA,NA
"D","DISPATCH","UNIT_SCADA",1,"2018/06/01 14:40:00","CAPTL_WF","60.692001",NA,NA,NA
"D","DISPATCH","UNIT_SCADA",1,"2018/06/01 14:55:00","BARCSF1","16.10",NA,NA,NA
"D","DISPATCH","UNIT_SCADA",1,"2018/06/01 14:55:00","BUTLERSG","9.199999",NA,NA,NA
"D","DISPATCH","UNIT_SCADA",1,"2018/06/01 14:55:00","CALL_A_4","0",NA,NA,NA
"D","DISPATCH","UNIT_SCADA",1,"2018/06/01 14:55:00","CAPTL_WF","51.575996",NA,NA,NA
"D","DISPATCH","UNIT_SCADA",1,"2018/06/01 14:55:00","CATHROCK","12.259999",NA,NA,NA
"D","DISPATCH","UNIT_SCADA",1,"2018/06/01 14:55:00","CHALLHWF","0.30",NA,NA,NA
"D","DISPATCH","UNIT_SCADA",1,"2018/06/01 14:55:00","CLOVER","0",NA,NA,NA
"D","DISPATCH","UNIT_SCADA",1,"2018/06/01 14:55:00","CLUNY","9.100939",NA,NA,NA
"D","DISPATCH","UNIT_SCADA",1,"2018/06/01 14:55:00","CNUNDAWF","0.500584",NA,NA,NA
"D","DISPATCH","UNIT_SCADA",1,"2018/06/01 14:55:00","CULLRGWF","11.31",NA,NA,NA
"D","DISPATCH","UNIT_SCADA",1,"2018/06/01 14:55:00","ERGT01","0",NA,NA,NA
"D","DISPATCH","UNIT_SCADA",1,"2018/06/01 14:55:00","GB01","0.044846",NA,NA,NA
"D","DISPATCH","UNIT_SCADA",1,"2018/06/01 14:55:00","GERMCRK","32.900002",NA,NA,NA
"D","DISPATCH","UNIT_SCADA",1,"2018/06/01 14:55:00","GRIFSF1","20.700005",NA,NA,NA
"D","DISPATCH","UNIT_SCADA",1,"2018/06/01 14:55:00","HUGSF1","-0.0130",NA,NA,NA
"D","DISPATCH","UNIT_SCADA",1,"2018/06/01 14:55:00","INVICTA","0",NA,NA,NA
"D","DISPATCH","UNIT_SCADA",1,"2018/06/01 14:55:00","LKBONNY1","-0.270719",NA,NA,NA
"D","DISPATCH","UNIT_SCADA",1,"2018/06/01 14:55:00","LRSF1","6.9960",NA,NA,NA
"D","DISPATCH","UNIT_SCADA",1,"2018/06/01 14:55:00","MBAHNTH","51.675003",NA,NA,NA
"D","DISPATCH","UNIT_SCADA",1,"2018/06/01 14:55:00","MLSP1","2.630001",NA,NA,NA
"D","DISPATCH","UNIT_SCADA",1,"2018/06/01 14:55:00","MLWF1","0",NA,NA,NA
"D","DISPATCH","UNIT_SCADA",1,"2018/06/01 14:55:00","MTMILLAR","5.655396",NA,NA,NA
"D","DISPATCH","UNIT_SCADA",1,"2018/06/01 14:55:00","PALOONA","13.03",NA,NA,NA
"D","DISPATCH","UNIT_SCADA",1,"2018/06/01 14:55:00","PIONEER","-0.90",NA,NA,NA
"D","DISPATCH","UNIT_SCADA",1,"2018/06/01 14:55:00","PORTWF","-0.30",NA,NA,NA
"D","DISPATCH","UNIT_SCADA",1,"2018/06/01 14:55:00","REPULSE","0",NA,NA,NA
"D","DISPATCH","UNIT_SCADA",1,"2018/06/01 14:55:00","ROWALLAN","6.4184",NA,NA,NA
"D","DISPATCH","UNIT_SCADA",1,"2018/06/01 14:55:00","ROYALLA1","3.713001",NA,NA,NA
"D","DISPATCH","UNIT_SCADA",1,"2018/06/01 14:55:00","RPCG","-0.30",NA,NA,NA
"D","DISPATCH","UNIT_SCADA",1,"2018/06/01 14:55:00","RUBICON","0",NA,NA,NA
"D","DISPATCH","UNIT_SCADA",1,"2018/06/01 14:55:00","SMCSF1","34.370152",NA,NA,NA
"D","DISPATCH","UNIT_SCADA",1,"2018/06/01 14:55:00","STARHLWF","3.498980",NA,NA,NA
"D","DISPATCH","UNIT_SCADA",1,"2018/06/01 14:55:00","WAUBRAWF","1.8860",NA,NA,NA
"D","DISPATCH","UNIT_SCADA",1,"2018/06/01 14:55:00","WOOLNTH1","0.810015",NA,NA,NA
"D","DISPATCH","UNIT_SCADA",1,"2018/06/01 14:55:00","WPWF","10",NA,NA,NA
"D","DISPATCH","UNIT_SCADA",1,"2018/06/01 14:55:00","YAMBUKWF","-0.20",NA,NA,NA
"D","DISPATCH","UNIT_SCADA",1,"2018/06/01 14:40:00","CATHROCK","24.859999",NA,NA,NA
"D","DISPATCH","UNIT_SCADA",1,"2018/06/01 14:40:00","CHALLHWF","0.30",NA,NA,NA
"D","DISPATCH","UNIT_SCADA",1,"2018/06/01 14:40:00","CLOVER","0",NA,NA,NA
"D","DISPATCH","UNIT_SCADA",1,"2018/06/01 14:40:00","CLUNY","9.014877",NA,NA,NA
"D","DISPATCH","UNIT_SCADA",1,"2018/06/01 14:40:00","CNUNDAWF","0.500584",NA,NA,NA
"D","DISPATCH","UNIT_SCADA",1,"2018/06/01 14:40:00","CULLRGWF","7.47",NA,NA,NA
"D","DISPATCH","UNIT_SCADA",1,"2018/06/01 14:40:00","ERGT01","0",NA,NA,NA
"D","DISPATCH","UNIT_SCADA",1,"2018/06/01 14:40:00","GB01","0.044846",NA,NA,NA
"D","DISPATCH","UNIT_SCADA",1,"2018/06/01 14:40:00","GERMCRK","34.400002",NA,NA,NA
"D","DISPATCH","UNIT_SCADA",1,"2018/06/01 14:40:00","GRIFSF1","20.700005",NA,NA,NA
"D","DISPATCH","UNIT_SCADA",1,"2018/06/01 14:40:00","HUGSF1","-0.0130",NA,NA,NA
"D","DISPATCH","UNIT_SCADA",1,"2018/06/01 14:40:00","INVICTA","0",NA,NA,NA
"D","DISPATCH","UNIT_SCADA",1,"2018/06/01 14:40:00","LKBONNY1","0.625166",NA,NA,NA
"D","DISPATCH","UNIT_SCADA",1,"2018/06/01 14:40:00","LRSF1","6.9960",NA,NA,NA
"D","DISPATCH","UNIT_SCADA",1,"2018/06/01 14:40:00","MBAHNTH","52.031250",NA,NA,NA
"D","DISPATCH","UNIT_SCADA",1,"2018/06/01 14:40:00","MLSP1","3.015001",NA,NA,NA
"D","DISPATCH","UNIT_SCADA",1,"2018/06/01 14:40:00","MLWF1","0",NA,NA,NA
"D","DISPATCH","UNIT_SCADA",1,"2018/06/01 14:40:00","MTMILLAR","5.714927",NA,NA,NA
"D","DISPATCH","UNIT_SCADA",1,"2018/06/01 14:40:00","PALOONA","13.009999",NA,NA,NA
"D","DISPATCH","UNIT_SCADA",1,"2018/06/01 14:40:00","PIONEER","-0.90",NA,NA,NA
"D","DISPATCH","UNIT_SCADA",1,"2018/06/01 14:40:00","PORTWF","-0.20",NA,NA,NA
"D","DISPATCH","UNIT_SCADA",1,"2018/06/01 14:40:00","REPULSE","0",NA,NA,NA
"D","DISPATCH","UNIT_SCADA",1,"2018/06/01 14:40:00","ROWALLAN","6.4326",NA,NA,NA
"D","DISPATCH","UNIT_SCADA",1,"2018/06/01 14:40:00","ROYALLA1","6.072001",NA,NA,NA
"D","DISPATCH","UNIT_SCADA",1,"2018/06/01 14:40:00","RPCG","-0.30",NA,NA,NA
"D","DISPATCH","UNIT_SCADA",1,"2018/06/01 14:40:00","RUBICON","0",NA,NA,NA
"D","DISPATCH","UNIT_SCADA",1,"2018/06/01 14:40:00","SMCSF1","36.076283",NA,NA,NA
"D","DISPATCH","UNIT_SCADA",1,"2018/06/01 14:40:00","STARHLWF","2.899155",NA,NA,NA
"D","DISPATCH","UNIT_SCADA",1,"2018/06/01 14:40:00","WAUBRAWF","0.66",NA,NA,NA
"D","DISPATCH","UNIT_SCADA",1,"2018/06/01 14:40:00","WOOLNTH1","0.650015",NA,NA,NA
"D","DISPATCH","UNIT_SCADA",1,"2018/06/01 14:40:00","WPWF","13",NA,NA,NA
"D","DISPATCH","UNIT_SCADA",1,"2018/06/01 14:40:00","YAMBUKWF","-0.20",NA,NA,NA
"D","DISPATCH","UNIT_SCADA",1,"2018/06/01 14:40:00","YSWF1","0",NA,NA,NA
"D","DISPATCH","UNIT_SCADA",1,"2018/06/01 14:45:00","BARCSF1","16.10",NA,NA,NA
"D","DISPATCH","UNIT_SCADA",1,"2018/06/01 14:45:00","BUTLERSG","9.199999",NA,NA,NA
"D","DISPATCH","UNIT_SCADA",1,"2018/06/01 14:45:00","CALL_A_4","0",NA,NA,NA
"D","DISPATCH","UNIT_SCADA",1,"2018/06/01 14:45:00","CAPTL_WF","64.2920",NA,NA,NA
"D","DISPATCH","UNIT_SCADA",1,"2018/06/01 14:45:00","CATHROCK","21.309999",NA,NA,NA
"D","DISPATCH","UNIT_SCADA",1,"2018/06/01 14:45:00","CHALLHWF","0.40",NA,NA,NA
"D","DISPATCH","UNIT_SCADA",1,"2018/06/01 14:45:00","CLOVER","-0.01",NA,NA,NA
"D","DISPATCH","UNIT_SCADA",1,"2018/06/01 14:45:00","CLUNY","9.077134",NA,NA,NA
"D","DISPATCH","UNIT_SCADA",1,"2018/06/01 14:45:00","CNUNDAWF","0.500584",NA,NA,NA
"D","DISPATCH","UNIT_SCADA",1,"2018/06/01 14:45:00","CULLRGWF","9.30",NA,NA,NA
"D","DISPATCH","UNIT_SCADA",1,"2018/06/01 14:45:00","ERGT01","0",NA,NA,NA
"D","DISPATCH","UNIT_SCADA",1,"2018/06/01 14:45:00","GB01","0.044846",NA,NA,NA
"D","DISPATCH","UNIT_SCADA",1,"2018/06/01 14:45:00","GERMCRK","33.599998",NA,NA,NA
"D","DISPATCH","UNIT_SCADA",1,"2018/06/01 14:45:00","GRIFSF1","20.599998",NA,NA,NA
"D","DISPATCH","UNIT_SCADA",1,"2018/06/01 14:45:00","HUGSF1","-0.0130",NA,NA,NA
"D","DISPATCH","UNIT_SCADA",1,"2018/06/01 14:45:00","INVICTA","0",NA,NA,NA
"D","DISPATCH","UNIT_SCADA",1,"2018/06/01 14:45:00","LKBONNY1","0.535856",NA,NA,NA
"D","DISPATCH","UNIT_SCADA",1,"2018/06/01 14:45:00","LRSF1","6.9960",NA,NA,NA
"D","DISPATCH","UNIT_SCADA",1,"2018/06/01 14:45:00","MBAHNTH","54.487503",NA,NA,NA
"D","DISPATCH","UNIT_SCADA",1,"2018/06/01 14:45:00","MLSP1","5.055001",NA,NA,NA
"D","DISPATCH","UNIT_SCADA",1,"2018/06/01 14:45:00","MLWF1","0",NA,NA,NA
"D","DISPATCH","UNIT_SCADA",1,"2018/06/01 14:45:00","MTMILLAR","6.436734",NA,NA,NA
"D","DISPATCH","UNIT_SCADA",1,"2018/06/01 14:45:00","PALOONA","12.889999",NA,NA,NA
"D","DISPATCH","UNIT_SCADA",1,"2018/06/01 14:45:00","PIONEER","-0.90",NA,NA,NA
"D","DISPATCH","UNIT_SCADA",1,"2018/06/01 14:45:00","PORTWF","-0.20",NA,NA,NA
"D","DISPATCH","UNIT_SCADA",1,"2018/06/01 14:45:00","REPULSE","0",NA,NA,NA
"D","DISPATCH","UNIT_SCADA",1,"2018/06/01 14:45:00","ROWALLAN","6.6385",NA,NA,NA
"D","DISPATCH","UNIT_SCADA",1,"2018/06/01 14:45:00","ROYALLA1","3.4250",NA,NA,NA
"D","DISPATCH","UNIT_SCADA",1,"2018/06/01 14:45:00","RPCG","-0.30",NA,NA,NA
"D","DISPATCH","UNIT_SCADA",1,"2018/06/01 14:45:00","RUBICON","0",NA,NA,NA
"D","DISPATCH","UNIT_SCADA",1,"2018/06/01 14:45:00","SMCSF1","34.832718",NA,NA,NA
"D","DISPATCH","UNIT_SCADA",1,"2018/06/01 14:45:00","STARHLWF","3.498980",NA,NA,NA
"D","DISPATCH","UNIT_SCADA",1,"2018/06/01 14:45:00","WAUBRAWF","0.8390",NA,NA,NA
"D","DISPATCH","UNIT_SCADA",1,"2018/06/01 14:45:00","WOOLNTH1","1.000015",NA,NA,NA
"D","DISPATCH","UNIT_SCADA",1,"2018/06/01 14:45:00","WPWF","12",NA,NA,NA
"D","DISPATCH","UNIT_SCADA",1,"2018/06/01 14:45:00","YAMBUKWF","-0.20",NA,NA,NA
"D","DISPATCH","UNIT_SCADA",1,"2018/06/01 14:45:00","YSWF1","0",NA,NA,NA
"D","DISPATCH","UNIT_SCADA",1,"2018/06/01 14:50:00","BARCSF1","16.10",NA,NA,NA
"D","DISPATCH","UNIT_SCADA",1,"2018/06/01 14:50:00","BUTLERSG","9.199999",NA,NA,NA
"D","DISPATCH","UNIT_SCADA",1,"2018/06/01 14:50:00","CALL_A_4","0",NA,NA,NA
"D","DISPATCH","UNIT_SCADA",1,"2018/06/01 14:50:00","CAPTL_WF","64.019997",NA,NA,NA
"D","DISPATCH","UNIT_SCADA",1,"2018/06/01 14:50:00","CATHROCK","15.099999",NA,NA,NA
"D","DISPATCH","UNIT_SCADA",1,"2018/06/01 14:50:00","CHALLHWF","0.40",NA,NA,NA
"D","DISPATCH","UNIT_SCADA",1,"2018/06/01 14:50:00","CLOVER","-0.01",NA,NA,NA
"D","DISPATCH","UNIT_SCADA",1,"2018/06/01 14:50:00","CLUNY","9.057908",NA,NA,NA
"D","DISPATCH","UNIT_SCADA",1,"2018/06/01 14:50:00","CNUNDAWF","0.500584",NA,NA,NA
"D","DISPATCH","UNIT_SCADA",1,"2018/06/01 14:50:00","CULLRGWF","12.10",NA,NA,NA
"D","DISPATCH","UNIT_SCADA",1,"2018/06/01 14:50:00","ERGT01","0",NA,NA,NA
"D","DISPATCH","UNIT_SCADA",1,"2018/06/01 14:50:00","GB01","0.044846",NA,NA,NA
"D","DISPATCH","UNIT_SCADA",1,"2018/06/01 14:50:00","GERMCRK","33.599998",NA,NA,NA
"D","DISPATCH","UNIT_SCADA",1,"2018/06/01 14:50:00","GRIFSF1","20.900002",NA,NA,NA
"D","DISPATCH","UNIT_SCADA",1,"2018/06/01 14:50:00","HUGSF1","-0.0130",NA,NA,NA
"D","DISPATCH","UNIT_SCADA",1,"2018/06/01 14:50:00","INVICTA","0",NA,NA,NA
"D","DISPATCH","UNIT_SCADA",1,"2018/06/01 14:50:00","LKBONNY1","0.089309",NA,NA,NA
"D","DISPATCH","UNIT_SCADA",1,"2018/06/01 14:50:00","LRSF1","6.9960",NA,NA,NA
"D","DISPATCH","UNIT_SCADA",1,"2018/06/01 14:50:00","MBAHNTH","52.706253",NA,NA,NA
"D","DISPATCH","UNIT_SCADA",1,"2018/06/01 14:50:00","MLSP1","2.630001",NA,NA,NA
"D","DISPATCH","UNIT_SCADA",1,"2018/06/01 14:50:00","MLWF1","0",NA,NA,NA
"D","DISPATCH","UNIT_SCADA",1,"2018/06/01 14:50:00","MTMILLAR","7.076687",NA,NA,NA
"D","DISPATCH","UNIT_SCADA",1,"2018/06/01 14:50:00","PALOONA","13.03",NA,NA,NA
"D","DISPATCH","UNIT_SCADA",1,"2018/06/01 14:50:00","PIONEER","-0.90",NA,NA,NA
"D","DISPATCH","UNIT_SCADA",1,"2018/06/01 14:50:00","PORTWF","-0.20",NA,NA,NA
"D","DISPATCH","UNIT_SCADA",1,"2018/06/01 14:50:00","REPULSE","0",NA,NA,NA
"D","DISPATCH","UNIT_SCADA",1,"2018/06/01 14:50:00","ROWALLAN","6.5675",NA,NA,NA
"D","DISPATCH","UNIT_SCADA",1,"2018/06/01 14:50:00","ROYALLA1","2.7980",NA,NA,NA
"D","DISPATCH","UNIT_SCADA",1,"2018/06/01 14:50:00","RPCG","-0.30",NA,NA,NA
"D","DISPATCH","UNIT_SCADA",1,"2018/06/01 14:50:00","RUBICON","0",NA,NA,NA
"D","DISPATCH","UNIT_SCADA",1,"2018/06/01 14:50:00","SMCSF1","36.427097",NA,NA,NA
"D","DISPATCH","UNIT_SCADA",1,"2018/06/01 14:50:00","STARHLWF","3.498980",NA,NA,NA
"D","DISPATCH","UNIT_SCADA",1,"2018/06/01 14:50:00","WAUBRAWF","1.3640",NA,NA,NA
"D","DISPATCH","UNIT_SCADA",1,"2018/06/01 14:50:00","WOOLNTH1","0.960015",NA,NA,NA
"D","DISPATCH","UNIT_SCADA",1,"2018/06/01 14:50:00","WPWF","12",NA,NA,NA
"D","DISPATCH","UNIT_SCADA",1,"2018/06/01 14:50:00","YAMBUKWF","-0.20",NA,NA,NA
"D","DISPATCH","UNIT_SCADA",1,"2018/06/01 14:50:00","YSWF1","0",NA,NA,NA
"D","DISPATCH","UNIT_SCADA",1,"2018/06/01 15:00:00","CALL_A_4","0",NA,NA,NA
"D","DISPATCH","UNIT_SCADA",1,"2018/06/01 14:55:00","YSWF1","0",NA,NA,NA
"D","DISPATCH","UNIT_SCADA",1,"2018/06/01 15:00:00","BARCSF1","16.10",NA,NA,NA
"D","DISPATCH","UNIT_SCADA",1,"2018/06/01 15:00:00","BUTLERSG","9.199999",NA,NA,NA
"D","DISPATCH","UNIT_SCADA",1,"2018/06/01 15:00:00","CAPTL_WF","54.991997",NA,NA,NA
"D","DISPATCH","UNIT_SCADA",1,"2018/06/01 15:00:00","CATHROCK","15.459999",NA,NA,NA
"D","DISPATCH","UNIT_SCADA",1,"2018/06/01 15:00:00","CHALLHWF","0.40",NA,NA,NA
"D","DISPATCH","UNIT_SCADA",1,"2018/06/01 15:00:00","CLOVER","-0.02",NA,NA,NA
"D","DISPATCH","UNIT_SCADA",1,"2018/06/01 15:00:00","CLUNY","9.091783",NA,NA,NA
"D","DISPATCH","UNIT_SCADA",1,"2018/06/01 15:00:00","CNUNDAWF","0.500584",NA,NA,NA
"D","DISPATCH","UNIT_SCADA",1,"2018/06/01 15:00:00","CULLRGWF","8.22",NA,NA,NA
"D","DISPATCH","UNIT_SCADA",1,"2018/06/01 15:00:00","ERGT01","0",NA,NA,NA
"D","DISPATCH","UNIT_SCADA",1,"2018/06/01 15:00:00","GB01","0.044846",NA,NA,NA
"D","DISPATCH","UNIT_SCADA",1,"2018/06/01 15:00:00","GERMCRK","33",NA,NA,NA
"D","DISPATCH","UNIT_SCADA",1,"2018/06/01 15:00:00","GRIFSF1","20.700005",NA,NA,NA
"D","DISPATCH","UNIT_SCADA",1,"2018/06/01 15:00:00","HUGSF1","-0.0130",NA,NA,NA
"D","DISPATCH","UNIT_SCADA",1,"2018/06/01 15:00:00","INVICTA","0",NA,NA,NA
"D","DISPATCH","UNIT_SCADA",1,"2018/06/01 15:00:00","LKBONNY1","-0.181410",NA,NA,NA
"D","DISPATCH","UNIT_SCADA",1,"2018/06/01 15:00:00","LRSF1","6.9960",NA,NA,NA
"D","DISPATCH","UNIT_SCADA",1,"2018/06/01 15:00:00","MBAHNTH","52.6875",NA,NA,NA
"D","DISPATCH","UNIT_SCADA",1,"2018/06/01 15:00:00","MLSP1","7.505001",NA,NA,NA
"D","DISPATCH","UNIT_SCADA",1,"2018/06/01 15:00:00","MLWF1","0",NA,NA,NA
"D","DISPATCH","UNIT_SCADA",1,"2018/06/01 15:00:00","MTMILLAR","7.136218",NA,NA,NA
"D","DISPATCH","UNIT_SCADA",1,"2018/06/01 15:00:00","PALOONA","12.99",NA,NA,NA
"D","DISPATCH","UNIT_SCADA",1,"2018/06/01 15:00:00","PIONEER","-0.90",NA,NA,NA
"D","DISPATCH","UNIT_SCADA",1,"2018/06/01 15:00:00","PORTWF","-0.30",NA,NA,NA
"D","DISPATCH","UNIT_SCADA",1,"2018/06/01 15:00:00","REPULSE","0",NA,NA,NA
"D","DISPATCH","UNIT_SCADA",1,"2018/06/01 15:00:00","ROWALLAN","6.4894",NA,NA,NA
"D","DISPATCH","UNIT_SCADA",1,"2018/06/01 15:00:00","ROYALLA1","3.52",NA,NA,NA
"D","DISPATCH","UNIT_SCADA",1,"2018/06/01 15:00:00","RPCG","-0.30",NA,NA,NA
"D","DISPATCH","UNIT_SCADA",1,"2018/06/01 15:00:00","RUBICON","0",NA,NA,NA
"D","DISPATCH","UNIT_SCADA",1,"2018/06/01 15:00:00","SMCSF1","35.397724",NA,NA,NA
"D","DISPATCH","UNIT_SCADA",1,"2018/06/01 15:00:00","STARHLWF","4.198776",NA,NA,NA
"D","DISPATCH","UNIT_SCADA",1,"2018/06/01 15:00:00","WAUBRAWF","3.3120",NA,NA,NA
"D","DISPATCH","UNIT_SCADA",1,"2018/06/01 15:00:00","WOOLNTH1","0.380015",NA,NA,NA
"D","DISPATCH","UNIT_SCADA",1,"2018/06/01 15:00:00","WPWF","10",NA,NA,NA
"D","DISPATCH","UNIT_SCADA",1,"2018/06/01 15:00:00","YAMBUKWF","-0.20",NA,NA,NA
"D","DISPATCH","UNIT_SCADA",1,"2018/06/01 15:00:00","YSWF1","0",NA,NA,NA
"D","DISPATCH","UNIT_SCADA",1,"2018/06/01 15:05:00","BARCSF1","16.10",NA,NA,NA
"D","DISPATCH","UNIT_SCADA",1,"2018/06/01 15:05:00","BUTLERSG","9.199999",NA,NA,NA
"D","DISPATCH","UNIT_SCADA",1,"2018/06/01 15:05:00","CALL_A_4","0",NA,NA,NA
"D","DISPATCH","UNIT_SCADA",1,"2018/06/01 15:05:00","CAPTL_WF","47.060005",NA,NA,NA
"D","DISPATCH","UNIT_SCADA",1,"2018/06/01 15:05:00","CATHROCK","15.109999",NA,NA,NA
"D","DISPATCH","UNIT_SCADA",1,"2018/06/01 15:05:00","CHALLHWF","0.60",NA,NA,NA
"D","DISPATCH","UNIT_SCADA",1,"2018/06/01 15:05:00","CLOVER","-0.01",NA,NA,NA
"D","DISPATCH","UNIT_SCADA",1,"2018/06/01 15:05:00","CLUNY","9.067979",NA,NA,NA
"D","DISPATCH","UNIT_SCADA",1,"2018/06/01 15:05:00","CNUNDAWF","0.500584",NA,NA,NA
"D","DISPATCH","UNIT_SCADA",1,"2018/06/01 15:05:00","CULLRGWF","12.44",NA,NA,NA
"D","DISPATCH","UNIT_SCADA",1,"2018/06/01 15:05:00","ERGT01","0",NA,NA,NA
"D","DISPATCH","UNIT_SCADA",1,"2018/06/01 15:05:00","GB01","0.044846",NA,NA,NA
"D","DISPATCH","UNIT_SCADA",1,"2018/06/01 15:05:00","GERMCRK","36.799999",NA,NA,NA
"D","DISPATCH","UNIT_SCADA",1,"2018/06/01 15:05:00","GRIFSF1","20.299995",NA,NA,NA
"D","DISPATCH","UNIT_SCADA",1,"2018/06/01 15:05:00","HUGSF1","-0.0130",NA,NA,NA
"D","DISPATCH","UNIT_SCADA",1,"2018/06/01 15:05:00","INVICTA","0",NA,NA,NA
"D","DISPATCH","UNIT_SCADA",1,"2018/06/01 15:05:00","LKBONNY1","0.089309",NA,NA,NA
"D","DISPATCH","UNIT_SCADA",1,"2018/06/01 15:05:00","LRSF1","6.9960",NA,NA,NA
"D","DISPATCH","UNIT_SCADA",1,"2018/06/01 15:05:00","MBAHNTH","52.6875",NA,NA,NA
"D","DISPATCH","UNIT_SCADA",1,"2018/06/01 15:05:00","MLSP1","3.385001",NA,NA,NA
"D","DISPATCH","UNIT_SCADA",1,"2018/06/01 15:05:00","MLWF1","0",NA,NA,NA
"D","DISPATCH","UNIT_SCADA",1,"2018/06/01 15:05:00","MTMILLAR","5.900960",NA,NA,NA
"D","DISPATCH","UNIT_SCADA",1,"2018/06/01 15:05:00","PALOONA","12.99",NA,NA,NA
"D","DISPATCH","UNIT_SCADA",1,"2018/06/01 15:05:00","PIONEER","-0.90",NA,NA,NA
"D","DISPATCH","UNIT_SCADA",1,"2018/06/01 15:05:00","PORTWF","-0.20",NA,NA,NA
"D","DISPATCH","UNIT_SCADA",1,"2018/06/01 15:05:00","REPULSE","0",NA,NA,NA
"D","DISPATCH","UNIT_SCADA",1,"2018/06/01 15:05:00","ROWALLAN","6.4681",NA,NA,NA
"D","DISPATCH","UNIT_SCADA",1,"2018/06/01 15:05:00","ROYALLA1","3.183001",NA,NA,NA
"D","DISPATCH","UNIT_SCADA",1,"2018/06/01 15:05:00","RPCG","-0.30",NA,NA,NA
"D","DISPATCH","UNIT_SCADA",1,"2018/06/01 15:05:00","RUBICON","0",NA,NA,NA
"D","DISPATCH","UNIT_SCADA",1,"2018/06/01 15:05:00","SMCSF1","34.488869",NA,NA,NA
"D","DISPATCH","UNIT_SCADA",1,"2018/06/01 15:05:00","STARHLWF","4.498688",NA,NA,NA
"D","DISPATCH","UNIT_SCADA",1,"2018/06/01 15:05:00","WAUBRAWF","4.6550",NA,NA,NA
"D","DISPATCH","UNIT_SCADA",1,"2018/06/01 15:05:00","WOOLNTH1","0.070015",NA,NA,NA
"D","DISPATCH","UNIT_SCADA",1,"2018/06/01 15:05:00","WPWF","10",NA,NA,NA
"D","DISPATCH","UNIT_SCADA",1,"2018/06/01 15:05:00","YAMBUKWF","-0.20",NA,NA,NA
"D","DISPATCH","UNIT_SCADA",1,"2018/06/01 15:05:00","YSWF1","0",NA,NA,NA
"D","DISPATCH","UNIT_SCADA",1,"2018/06/01 15:10:00","BARCSF1","16.10",NA,NA,NA
"D","DISPATCH","UNIT_SCADA",1,"2018/06/01 15:10:00","BUTLERSG","9.199999",NA,NA,NA
"D","DISPATCH","UNIT_SCADA",1,"2018/06/01 15:10:00","CALL_A_4","0",NA,NA,NA
"D","DISPATCH","UNIT_SCADA",1,"2018/06/01 15:10:00","CAPTL_WF","43.120003",NA,NA,NA
"D","DISPATCH","UNIT_SCADA",1,"2018/06/01 15:10:00","CATHROCK","19.199999",NA,NA,NA
"D","DISPATCH","UNIT_SCADA",1,"2018/06/01 15:10:00","CHALLHWF","0.60",NA,NA,NA
"D","DISPATCH","UNIT_SCADA",1,"2018/06/01 15:10:00","CLOVER","0.01",NA,NA,NA
"D","DISPATCH","UNIT_SCADA",1,"2018/06/01 15:10:00","CLUNY","9.062486",NA,NA,NA
"D","DISPATCH","UNIT_SCADA",1,"2018/06/01 15:10:00","CNUNDAWF","0.500584",NA,NA,NA
"D","DISPATCH","UNIT_SCADA",1,"2018/06/01 15:10:00","CULLRGWF","14.10",NA,NA,NA
"D","DISPATCH","UNIT_SCADA",1,"2018/06/01 15:10:00","ERGT01","0",NA,NA,NA
"D","DISPATCH","UNIT_SCADA",1,"2018/06/01 15:10:00","GB01","0.044422",NA,NA,NA
"D","DISPATCH","UNIT_SCADA",1,"2018/06/01 15:10:00","GERMCRK","36",NA,NA,NA
"D","DISPATCH","UNIT_SCADA",1,"2018/06/01 15:10:00","GRIFSF1","20.299995",NA,NA,NA
"D","DISPATCH","UNIT_SCADA",1,"2018/06/01 15:10:00","HUGSF1","-0.0130",NA,NA,NA
"D","DISPATCH","UNIT_SCADA",1,"2018/06/01 15:10:00","INVICTA","0",NA,NA,NA
"D","DISPATCH","UNIT_SCADA",1,"2018/06/01 15:10:00","LKBONNY1","0",NA,NA,NA
"D","DISPATCH","UNIT_SCADA",1,"2018/06/01 15:10:00","LRSF1","6.9960",NA,NA,NA
"D","DISPATCH","UNIT_SCADA",1,"2018/06/01 15:10:00","MBAHNTH","52.6875",NA,NA,NA
"D","DISPATCH","UNIT_SCADA",1,"2018/06/01 15:10:00","MLSP1","5.882001",NA,NA,NA
"D","DISPATCH","UNIT_SCADA",1,"2018/06/01 15:10:00","MLWF1","0",NA,NA,NA
"D","DISPATCH","UNIT_SCADA",1,"2018/06/01 15:10:00","MTMILLAR","6.235819",NA,NA,NA
"D","DISPATCH","UNIT_SCADA",1,"2018/06/01 15:10:00","PALOONA","12.99",NA,NA,NA
"D","DISPATCH","UNIT_SCADA",1,"2018/06/01 15:10:00","PIONEER","-0.90",NA,NA,NA
"D","DISPATCH","UNIT_SCADA",1,"2018/06/01 15:10:00","PORTWF","0.10",NA,NA,NA
"D","DISPATCH","UNIT_SCADA",1,"2018/06/01 15:10:00","REPULSE","0",NA,NA,NA
"D","DISPATCH","UNIT_SCADA",1,"2018/06/01 15:10:00","ROWALLAN","6.3403",NA,NA,NA
"D","DISPATCH","UNIT_SCADA",1,"2018/06/01 15:10:00","ROYALLA1","2.8440",NA,NA,NA
"D","DISPATCH","UNIT_SCADA",1,"2018/06/01 15:10:00","RPCG","-0.30",NA,NA,NA
"D","DISPATCH","UNIT_SCADA",1,"2018/06/01 15:10:00","RUBICON","0",NA,NA,NA
"D","DISPATCH","UNIT_SCADA",1,"2018/06/01 15:10:00","SMCSF1","33.065170",NA,NA,NA
"D","DISPATCH","UNIT_SCADA",1,"2018/06/01 15:10:00","STARHLWF","4.898571",NA,NA,NA
"D","DISPATCH","UNIT_SCADA",1,"2018/06/01 15:10:00","WAUBRAWF","5.6220",NA,NA,NA
"D","DISPATCH","UNIT_SCADA",1,"2018/06/01 15:10:00","WOOLNTH1","-0.029985",NA,NA,NA
"D","DISPATCH","UNIT_SCADA",1,"2018/06/01 15:10:00","WPWF","9",NA,NA,NA
"D","DISPATCH","UNIT_SCADA",1,"2018/06/01 15:10:00","YAMBUKWF","-0.30",NA,NA,NA
"D","DISPATCH","UNIT_SCADA",1,"2018/06/01 15:10:00","YSWF1","0",NA,NA,NA
"D","DISPATCH","UNIT_SCADA",1,"2018/06/01 15:15:00","BARCSF1","16.10",NA,NA,NA
"D","DISPATCH","UNIT_SCADA",1,"2018/06/01 15:15:00","BUTLERSG","9.199999",NA,NA,NA
"D","DISPATCH","UNIT_SCADA",1,"2018/06/01 15:15:00","CALL_A_4","0",NA,NA,NA
"D","DISPATCH","UNIT_SCADA",1,"2018/06/01 15:15:00","CAPTL_WF","32.903999",NA,NA,NA
"D","DISPATCH","UNIT_SCADA",1,"2018/06/01 15:15:00","CATHROCK","16.439999",NA,NA,NA
"D","DISPATCH","UNIT_SCADA",1,"2018/06/01 15:15:00","CHALLHWF","0.50",NA,NA,NA
"D","DISPATCH","UNIT_SCADA",1,"2018/06/01 15:15:00","CLOVER","0",NA,NA,NA
"D","DISPATCH","UNIT_SCADA",1,"2018/06/01 15:15:00","CLUNY","9.081712",NA,NA,NA
"D","DISPATCH","UNIT_SCADA",1,"2018/06/01 15:15:00","CNUNDAWF","0.500584",NA,NA,NA
"D","DISPATCH","UNIT_SCADA",1,"2018/06/01 15:15:00","CULLRGWF","13.29",NA,NA,NA
"D","DISPATCH","UNIT_SCADA",1,"2018/06/01 15:15:00","ERGT01","0",NA,NA,NA
"D","DISPATCH","UNIT_SCADA",1,"2018/06/01 15:15:00","GB01","0.044422",NA,NA,NA
"D","DISPATCH","UNIT_SCADA",1,"2018/06/01 15:15:00","GERMCRK","36.50",NA,NA,NA
"D","DISPATCH","UNIT_SCADA",1,"2018/06/01 15:15:00","GRIFSF1","19.900002",NA,NA,NA
"D","DISPATCH","UNIT_SCADA",1,"2018/06/01 15:15:00","HUGSF1","-0.0130",NA,NA,NA
"D","DISPATCH","UNIT_SCADA",1,"2018/06/01 15:15:00","INVICTA","0",NA,NA,NA
"D","DISPATCH","UNIT_SCADA",1,"2018/06/01 15:15:00","LKBONNY1","0",NA,NA,NA
"D","DISPATCH","UNIT_SCADA",1,"2018/06/01 15:15:00","LRSF1","6.9960",NA,NA,NA
"D","DISPATCH","UNIT_SCADA",1,"2018/06/01 15:15:00","MBAHNTH","52.6875",NA,NA,NA
"D","DISPATCH","UNIT_SCADA",1,"2018/06/01 15:15:00","MLSP1","6.694001",NA,NA,NA
"D","DISPATCH","UNIT_SCADA",1,"2018/06/01 15:15:00","MLWF1","0",NA,NA,NA
"D","DISPATCH","UNIT_SCADA",1,"2018/06/01 15:15:00","MTMILLAR","6.749269",NA,NA,NA
"D","DISPATCH","UNIT_SCADA",1,"2018/06/01 15:15:00","PALOONA","12.99",NA,NA,NA
"D","DISPATCH","UNIT_SCADA",1,"2018/06/01 15:15:00","PIONEER","-0.90",NA,NA,NA
"D","DISPATCH","UNIT_SCADA",1,"2018/06/01 15:15:00","PORTWF","-0.20",NA,NA,NA
"D","DISPATCH","UNIT_SCADA",1,"2018/06/01 15:15:00","REPULSE","0",NA,NA,NA
"D","DISPATCH","UNIT_SCADA",1,"2018/06/01 15:15:00","ROWALLAN","6.2977",NA,NA,NA
"D","DISPATCH","UNIT_SCADA",1,"2018/06/01 15:15:00","ROYALLA1","1.82",NA,NA,NA
"D","DISPATCH","UNIT_SCADA",1,"2018/06/01 15:15:00","RPCG","-0.30",NA,NA,NA
"D","DISPATCH","UNIT_SCADA",1,"2018/06/01 15:15:00","RUBICON","0",NA,NA,NA
"D","DISPATCH","UNIT_SCADA",1,"2018/06/01 15:15:00","SMCSF1","33.243568",NA,NA,NA
"D","DISPATCH","UNIT_SCADA",1,"2018/06/01 15:15:00","STARHLWF","4.298747",NA,NA,NA
"D","DISPATCH","UNIT_SCADA",1,"2018/06/01 15:15:00","WAUBRAWF","6.6310",NA,NA,NA
"D","DISPATCH","UNIT_SCADA",1,"2018/06/01 15:15:00","WOOLNTH1","-0.179985",NA,NA,NA
"D","DISPATCH","UNIT_SCADA",1,"2018/06/01 15:15:00","WPWF","8",NA,NA,NA
"D","DISPATCH","UNIT_SCADA",1,"2018/06/01 15:15:00","YAMBUKWF","-0.30",NA,NA,NA
"D","DISPATCH","UNIT_SCADA",1,"2018/06/01 15:15:00","YSWF1","0",NA,NA,NA
"D","DISPATCH","UNIT_SCADA",1,"2018/06/01 15:20:00","BARCSF1","16.10",NA,NA,NA
"D","DISPATCH","UNIT_SCADA",1,"2018/06/01 15:20:00","BUTLERSG","9.199999",NA,NA,NA
"D","DISPATCH","UNIT_SCADA",1,"2018/06/01 15:20:00","CALL_A_4","0",NA,NA,NA
"D","DISPATCH","UNIT_SCADA",1,"2018/06/01 15:20:00","CAPTL_WF","34.739998",NA,NA,NA
"D","DISPATCH","UNIT_SCADA",1,"2018/06/01 15:20:00","CATHROCK","12.969999",NA,NA,NA
"D","DISPATCH","UNIT_SCADA",1,"2018/06/01 15:20:00","CHALLHWF","0.60",NA,NA,NA
"D","DISPATCH","UNIT_SCADA",1,"2018/06/01 15:20:00","CLOVER","-0.01",NA,NA,NA
"D","DISPATCH","UNIT_SCADA",1,"2018/06/01 15:20:00","CLUNY","9.067979",NA,NA,NA
"D","DISPATCH","UNIT_SCADA",1,"2018/06/01 15:20:00","CNUNDAWF","0.500584",NA,NA,NA
"D","DISPATCH","UNIT_SCADA",1,"2018/06/01 15:20:00","CULLRGWF","9.14",NA,NA,NA
"D","DISPATCH","UNIT_SCADA",1,"2018/06/01 15:20:00","ERGT01","0",NA,NA,NA
"D","DISPATCH","UNIT_SCADA",1,"2018/06/01 15:20:00","GB01","0.044422",NA,NA,NA
"D","DISPATCH","UNIT_SCADA",1,"2018/06/01 15:20:00","GERMCRK","36.400002",NA,NA,NA
"D","DISPATCH","UNIT_SCADA",1,"2018/06/01 15:20:00","GRIFSF1","19.599998",NA,NA,NA
"D","DISPATCH","UNIT_SCADA",1,"2018/06/01 15:20:00","HUGSF1","-0.0130",NA,NA,NA
"D","DISPATCH","UNIT_SCADA",1,"2018/06/01 15:20:00","INVICTA","0",NA,NA,NA
"D","DISPATCH","UNIT_SCADA",1,"2018/06/01 15:20:00","LKBONNY1","0",NA,NA,NA
"D","DISPATCH","UNIT_SCADA",1,"2018/06/01 15:20:00","LRSF1","6.9960",NA,NA,NA
"D","DISPATCH","UNIT_SCADA",1,"2018/06/01 15:35:00","BARCSF1","16.10",NA,NA,NA
"D","DISPATCH","UNIT_SCADA",1,"2018/06/01 15:35:00","BUTLERSG","9.199999",NA,NA,NA
"D","DISPATCH","UNIT_SCADA",1,"2018/06/01 15:35:00","CALL_A_4","0",NA,NA,NA
"D","DISPATCH","UNIT_SCADA",1,"2018/06/01 15:35:00","CAPTL_WF","17.304001",NA,NA,NA
"D","DISPATCH","UNIT_SCADA",1,"2018/06/01 15:35:00","CATHROCK","6.78",NA,NA,NA
"D","DISPATCH","UNIT_SCADA",1,"2018/06/01 15:35:00","CHALLHWF","0.40",NA,NA,NA
"D","DISPATCH","UNIT_SCADA",1,"2018/06/01 15:35:00","CLOVER","-0.01",NA,NA,NA
"D","DISPATCH","UNIT_SCADA",1,"2018/06/01 15:35:00","CLUNY","9.077134",NA,NA,NA
"D","DISPATCH","UNIT_SCADA",1,"2018/06/01 15:35:00","CNUNDAWF","0.400467",NA,NA,NA
"D","DISPATCH","UNIT_SCADA",1,"2018/06/01 15:35:00","CULLRGWF","6.55",NA,NA,NA
"D","DISPATCH","UNIT_SCADA",1,"2018/06/01 15:35:00","ERGT01","0",NA,NA,NA
"D","DISPATCH","UNIT_SCADA",1,"2018/06/01 15:35:00","GB01","0.044422",NA,NA,NA
"D","DISPATCH","UNIT_SCADA",1,"2018/06/01 15:35:00","GERMCRK","32.900002",NA,NA,NA
"D","DISPATCH","UNIT_SCADA",1,"2018/06/01 15:35:00","GRIFSF1","20.000008",NA,NA,NA
"D","DISPATCH","UNIT_SCADA",1,"2018/06/01 15:35:00","HUGSF1","-0.0130",NA,NA,NA
"D","DISPATCH","UNIT_SCADA",1,"2018/06/01 15:35:00","INVICTA","0",NA,NA,NA
"D","DISPATCH","UNIT_SCADA",1,"2018/06/01 15:35:00","LKBONNY1","0.089309",NA,NA,NA
"D","DISPATCH","UNIT_SCADA",1,"2018/06/01 15:35:00","LRSF1","6.9960",NA,NA,NA
"D","DISPATCH","UNIT_SCADA",1,"2018/06/01 15:35:00","MBAHNTH","52.6875",NA,NA,NA
"D","DISPATCH","UNIT_SCADA",1,"2018/06/01 15:35:00","MLSP1","6.324001",NA,NA,NA
"D","DISPATCH","UNIT_SCADA",1,"2018/06/01 15:35:00","MLWF1","0",NA,NA,NA
"D","DISPATCH","UNIT_SCADA",1,"2018/06/01 15:35:00","MTMILLAR","8.036616",NA,NA,NA
"D","DISPATCH","UNIT_SCADA",1,"2018/06/01 15:35:00","PALOONA","13.04",NA,NA,NA
"D","DISPATCH","UNIT_SCADA",1,"2018/06/01 15:35:00","PIONEER","-0.90",NA,NA,NA
"D","DISPATCH","UNIT_SCADA",1,"2018/06/01 15:35:00","PORTWF","0",NA,NA,NA
"D","DISPATCH","UNIT_SCADA",1,"2018/06/01 15:35:00","REPULSE","0",NA,NA,NA
"D","DISPATCH","UNIT_SCADA",1,"2018/06/01 15:35:00","ROWALLAN","6.7237",NA,NA,NA
"D","DISPATCH","UNIT_SCADA",1,"2018/06/01 15:35:00","ROYALLA1","1.8670",NA,NA,NA
"D","DISPATCH","UNIT_SCADA",1,"2018/06/01 15:35:00","RPCG","-0.30",NA,NA,NA
"D","DISPATCH","UNIT_SCADA",1,"2018/06/01 15:35:00","RUBICON","0",NA,NA,NA
"D","DISPATCH","UNIT_SCADA",1,"2018/06/01 15:35:00","WOOLNTH1","1.010015",NA,NA,NA
"D","DISPATCH","UNIT_SCADA",1,"2018/06/01 15:35:00","SMCSF1","28.221081",NA,NA,NA
"D","DISPATCH","UNIT_SCADA",1,"2018/06/01 15:35:00","STARHLWF","3.299038",NA,NA,NA
"D","DISPATCH","UNIT_SCADA",1,"2018/06/01 15:35:00","WAUBRAWF","8.0360",NA,NA,NA
"D","DISPATCH","UNIT_SCADA",1,"2018/06/01 15:35:00","WPWF","8",NA,NA,NA
"D","DISPATCH","UNIT_SCADA",1,"2018/06/01 15:35:00","YAMBUKWF","-0.20",NA,NA,NA
"D","DISPATCH","UNIT_SCADA",1,"2018/06/01 15:35:00","YSWF1","0",NA,NA,NA
"D","DISPATCH","UNIT_SCADA",1,"2018/06/01 15:20:00","MBAHNTH","52.6875",NA,NA,NA
"D","DISPATCH","UNIT_SCADA",1,"2018/06/01 15:20:00","MLSP1","2.638001",NA,NA,NA
"D","DISPATCH","UNIT_SCADA",1,"2018/06/01 15:20:00","MLWF1","0",NA,NA,NA
"D","DISPATCH","UNIT_SCADA",1,"2018/06/01 15:20:00","MTMILLAR","7.069246",NA,NA,NA
"D","DISPATCH","UNIT_SCADA",1,"2018/06/01 15:20:00","PALOONA","12.99",NA,NA,NA
"D","DISPATCH","UNIT_SCADA",1,"2018/06/01 15:20:00","PIONEER","-0.90",NA,NA,NA
"D","DISPATCH","UNIT_SCADA",1,"2018/06/01 15:20:00","PORTWF","-0.10",NA,NA,NA
"D","DISPATCH","UNIT_SCADA",1,"2018/06/01 15:20:00","REPULSE","0",NA,NA,NA
"D","DISPATCH","UNIT_SCADA",1,"2018/06/01 15:20:00","ROWALLAN","6.4823",NA,NA,NA
"D","DISPATCH","UNIT_SCADA",1,"2018/06/01 15:20:00","ROYALLA1","2.88",NA,NA,NA
"D","DISPATCH","UNIT_SCADA",1,"2018/06/01 15:20:00","RPCG","-0.30",NA,NA,NA
"D","DISPATCH","UNIT_SCADA",1,"2018/06/01 15:20:00","RUBICON","0",NA,NA,NA
"D","DISPATCH","UNIT_SCADA",1,"2018/06/01 15:20:00","SMCSF1","30.032099",NA,NA,NA
"D","DISPATCH","UNIT_SCADA",1,"2018/06/01 15:20:00","STARHLWF","3.299038",NA,NA,NA
"D","DISPATCH","UNIT_SCADA",1,"2018/06/01 15:20:00","WAUBRAWF","8.7770",NA,NA,NA
"D","DISPATCH","UNIT_SCADA",1,"2018/06/01 15:20:00","WOOLNTH1","0.310015",NA,NA,NA
"D","DISPATCH","UNIT_SCADA",1,"2018/06/01 15:20:00","WPWF","9",NA,NA,NA
"D","DISPATCH","UNIT_SCADA",1,"2018/06/01 15:20:00","YAMBUKWF","-0.30",NA,NA,NA
"D","DISPATCH","UNIT_SCADA",1,"2018/06/01 15:20:00","YSWF1","0",NA,NA,NA
"D","DISPATCH","UNIT_SCADA",1,"2018/06/01 15:25:00","BARCSF1","16.10",NA,NA,NA
"D","DISPATCH","UNIT_SCADA",1,"2018/06/01 15:25:00","BUTLERSG","9.199999",NA,NA,NA
"D","DISPATCH","UNIT_SCADA",1,"2018/06/01 15:25:00","CALL_A_4","0",NA,NA,NA
"D","DISPATCH","UNIT_SCADA",1,"2018/06/01 15:25:00","CAPTL_WF","25.039993",NA,NA,NA
"D","DISPATCH","UNIT_SCADA",1,"2018/06/01 15:25:00","CATHROCK","11.219999",NA,NA,NA
"D","DISPATCH","UNIT_SCADA",1,"2018/06/01 15:25:00","CHALLHWF","0.40",NA,NA,NA
"D","DISPATCH","UNIT_SCADA",1,"2018/06/01 15:25:00","CLOVER","-0.01",NA,NA,NA
"D","DISPATCH","UNIT_SCADA",1,"2018/06/01 15:25:00","CLUNY","9.077134",NA,NA,NA
"D","DISPATCH","UNIT_SCADA",1,"2018/06/01 15:25:00","CNUNDAWF","0.400467",NA,NA,NA
"D","DISPATCH","UNIT_SCADA",1,"2018/06/01 15:25:00","CULLRGWF","10.85",NA,NA,NA
"D","DISPATCH","UNIT_SCADA",1,"2018/06/01 15:25:00","ERGT01","0",NA,NA,NA
"D","DISPATCH","UNIT_SCADA",1,"2018/06/01 15:25:00","GB01","0.044422",NA,NA,NA
"D","DISPATCH","UNIT_SCADA",1,"2018/06/01 15:25:00","GERMCRK","36.299999",NA,NA,NA
"D","DISPATCH","UNIT_SCADA",1,"2018/06/01 15:25:00","GRIFSF1","19.900002",NA,NA,NA
"D","DISPATCH","UNIT_SCADA",1,"2018/06/01 15:25:00","HUGSF1","-0.0130",NA,NA,NA
"D","DISPATCH","UNIT_SCADA",1,"2018/06/01 15:25:00","INVICTA","0",NA,NA,NA
"D","DISPATCH","UNIT_SCADA",1,"2018/06/01 15:25:00","LKBONNY1","-0.0921",NA,NA,NA
"D","DISPATCH","UNIT_SCADA",1,"2018/06/01 15:25:00","LRSF1","6.9960",NA,NA,NA
"D","DISPATCH","UNIT_SCADA",1,"2018/06/01 15:25:00","MBAHNTH","52.6875",NA,NA,NA
"D","DISPATCH","UNIT_SCADA",1,"2018/06/01 15:25:00","MLSP1","5.494001",NA,NA,NA
"D","DISPATCH","UNIT_SCADA",1,"2018/06/01 15:25:00","MLWF1","0",NA,NA,NA
"D","DISPATCH","UNIT_SCADA",1,"2018/06/01 15:25:00","MTMILLAR","5.729810",NA,NA,NA
"D","DISPATCH","UNIT_SCADA",1,"2018/06/01 15:25:00","PALOONA","12.99",NA,NA,NA
"D","DISPATCH","UNIT_SCADA",1,"2018/06/01 15:25:00","PIONEER","-0.90",NA,NA,NA
"D","DISPATCH","UNIT_SCADA",1,"2018/06/01 15:25:00","PORTWF","0",NA,NA,NA
"D","DISPATCH","UNIT_SCADA",1,"2018/06/01 15:25:00","REPULSE","0",NA,NA,NA
"D","DISPATCH","UNIT_SCADA",1,"2018/06/01 15:25:00","ROWALLAN","6.3474",NA,NA,NA
"D","DISPATCH","UNIT_SCADA",1,"2018/06/01 15:25:00","ROYALLA1","3.341001",NA,NA,NA
"D","DISPATCH","UNIT_SCADA",1,"2018/06/01 15:25:00","RPCG","-0.30",NA,NA,NA
"D","DISPATCH","UNIT_SCADA",1,"2018/06/01 15:25:00","RUBICON","0",NA,NA,NA
"D","DISPATCH","UNIT_SCADA",1,"2018/06/01 15:25:00","SMCSF1","31.591043",NA,NA,NA
"D","DISPATCH","UNIT_SCADA",1,"2018/06/01 15:25:00","STARHLWF","3.598951",NA,NA,NA
"D","DISPATCH","UNIT_SCADA",1,"2018/06/01 15:25:00","WAUBRAWF","8.1820",NA,NA,NA
"D","DISPATCH","UNIT_SCADA",1,"2018/06/01 15:25:00","WOOLNTH1","-0.149985",NA,NA,NA
"D","DISPATCH","UNIT_SCADA",1,"2018/06/01 15:25:00","WPWF","9",NA,NA,NA
"D","DISPATCH","UNIT_SCADA",1,"2018/06/01 15:25:00","YAMBUKWF","-0.30",NA,NA,NA
"D","DISPATCH","UNIT_SCADA",1,"2018/06/01 15:25:00","YSWF1","0",NA,NA,NA
"D","DISPATCH","UNIT_SCADA",1,"2018/06/01 15:30:00","BARCSF1","16.10",NA,NA,NA
"D","DISPATCH","UNIT_SCADA",1,"2018/06/01 15:30:00","BUTLERSG","9.199999",NA,NA,NA
"D","DISPATCH","UNIT_SCADA",1,"2018/06/01 15:30:00","CALL_A_4","0",NA,NA,NA
"D","DISPATCH","UNIT_SCADA",1,"2018/06/01 15:30:00","CAPTL_WF","18.1520",NA,NA,NA
"D","DISPATCH","UNIT_SCADA",1,"2018/06/01 15:30:00","CATHROCK","7.94",NA,NA,NA
"D","DISPATCH","UNIT_SCADA",1,"2018/06/01 15:30:00","CHALLHWF","0.50",NA,NA,NA
"D","DISPATCH","UNIT_SCADA",1,"2018/06/01 15:30:00","CLOVER","0",NA,NA,NA
"D","DISPATCH","UNIT_SCADA",1,"2018/06/01 15:30:00","CLUNY","9.067979",NA,NA,NA
"D","DISPATCH","UNIT_SCADA",1,"2018/06/01 15:30:00","CNUNDAWF","0.400467",NA,NA,NA
"D","DISPATCH","UNIT_SCADA",1,"2018/06/01 15:30:00","CULLRGWF","6.55",NA,NA,NA
"D","DISPATCH","UNIT_SCADA",1,"2018/06/01 15:30:00","ERGT01","0",NA,NA,NA
"D","DISPATCH","UNIT_SCADA",1,"2018/06/01 15:30:00","GB01","0.044422",NA,NA,NA
"D","DISPATCH","UNIT_SCADA",1,"2018/06/01 15:30:00","GERMCRK","33.599998",NA,NA,NA
"D","DISPATCH","UNIT_SCADA",1,"2018/06/01 15:30:00","GRIFSF1","19.900002",NA,NA,NA
"D","DISPATCH","UNIT_SCADA",1,"2018/06/01 15:30:00","HUGSF1","-0.0130",NA,NA,NA
"D","DISPATCH","UNIT_SCADA",1,"2018/06/01 15:30:00","INVICTA","0",NA,NA,NA
"D","DISPATCH","UNIT_SCADA",1,"2018/06/01 15:30:00","LKBONNY1","0.089309",NA,NA,NA
"D","DISPATCH","UNIT_SCADA",1,"2018/06/01 15:30:00","LRSF1","6.9960",NA,NA,NA
"D","DISPATCH","UNIT_SCADA",1,"2018/06/01 15:30:00","MBAHNTH","52.6875",NA,NA,NA
"D","DISPATCH","UNIT_SCADA",1,"2018/06/01 15:30:00","MLSP1","6.727001",NA,NA,NA
"D","DISPATCH","UNIT_SCADA",1,"2018/06/01 15:30:00","MLWF1","0",NA,NA,NA
"D","DISPATCH","UNIT_SCADA",1,"2018/06/01 15:30:00","MTMILLAR","7.508283",NA,NA,NA
"D","DISPATCH","UNIT_SCADA",1,"2018/06/01 15:30:00","PALOONA","12.99",NA,NA,NA
"D","DISPATCH","UNIT_SCADA",1,"2018/06/01 15:30:00","PIONEER","-0.90",NA,NA,NA
"D","DISPATCH","UNIT_SCADA",1,"2018/06/01 15:30:00","PORTWF","0",NA,NA,NA
"D","DISPATCH","UNIT_SCADA",1,"2018/06/01 15:30:00","REPULSE","0",NA,NA,NA
"D","DISPATCH","UNIT_SCADA",1,"2018/06/01 15:30:00","ROWALLAN","6.7663",NA,NA,NA
"D","DISPATCH","UNIT_SCADA",1,"2018/06/01 15:30:00","ROYALLA1","2.4640",NA,NA,NA
"D","DISPATCH","UNIT_SCADA",1,"2018/06/01 15:30:00","RPCG","-0.30",NA,NA,NA
"D","DISPATCH","UNIT_SCADA",1,"2018/06/01 15:30:00","RUBICON","0",NA,NA,NA
"D","DISPATCH","UNIT_SCADA",1,"2018/06/01 15:30:00","SMCSF1","30.706196",NA,NA,NA
"D","DISPATCH","UNIT_SCADA",1,"2018/06/01 15:30:00","STARHLWF","2.699213",NA,NA,NA
"D","DISPATCH","UNIT_SCADA",1,"2018/06/01 15:30:00","WAUBRAWF","9.22",NA,NA,NA
"D","DISPATCH","UNIT_SCADA",1,"2018/06/01 15:30:00","WOOLNTH1","0.590015",NA,NA,NA
"D","DISPATCH","UNIT_SCADA",1,"2018/06/01 15:30:00","WPWF","9",NA,NA,NA
"D","DISPATCH","UNIT_SCADA",1,"2018/06/01 15:30:00","YAMBUKWF","-0.20",NA,NA,NA
"D","DISPATCH","UNIT_SCADA",1,"2018/06/01 15:30:00","YSWF1","0",NA,NA,NA
"D","DISPATCH","UNIT_SCADA",1,"2018/06/01 15:40:00","BARCSF1","16.10",NA,NA,NA
"D","DISPATCH","UNIT_SCADA",1,"2018/06/01 15:40:00","BUTLERSG","9.199999",NA,NA,NA
"D","DISPATCH","UNIT_SCADA",1,"2018/06/01 15:40:00","CALL_A_4","0",NA,NA,NA
"D","DISPATCH","UNIT_SCADA",1,"2018/06/01 15:40:00","CAPTL_WF","16.580002",NA,NA,NA
"D","DISPATCH","UNIT_SCADA",1,"2018/06/01 15:40:00","CATHROCK","4.83",NA,NA,NA
"D","DISPATCH","UNIT_SCADA",1,"2018/06/01 15:40:00","CHALLHWF","0.30",NA,NA,NA
"D","DISPATCH","UNIT_SCADA",1,"2018/06/01 15:40:00","CLOVER","0.01",NA,NA,NA
"D","DISPATCH","UNIT_SCADA",1,"2018/06/01 15:40:00","CLUNY","9.133898",NA,NA,NA
"D","DISPATCH","UNIT_SCADA",1,"2018/06/01 15:40:00","CNUNDAWF","0.400467",NA,NA,NA
"D","DISPATCH","UNIT_SCADA",1,"2018/06/01 15:40:00","CULLRGWF","5.11",NA,NA,NA
"D","DISPATCH","UNIT_SCADA",1,"2018/06/01 15:40:00","ERGT01","0",NA,NA,NA
"D","DISPATCH","UNIT_SCADA",1,"2018/06/01 15:40:00","GB01","0.044422",NA,NA,NA
"D","DISPATCH","UNIT_SCADA",1,"2018/06/01 15:40:00","GERMCRK","33.599998",NA,NA,NA
"D","DISPATCH","UNIT_SCADA",1,"2018/06/01 15:40:00","GRIFSF1","19.400002",NA,NA,NA
"D","DISPATCH","UNIT_SCADA",1,"2018/06/01 15:40:00","HUGSF1","-0.0130",NA,NA,NA
"D","DISPATCH","UNIT_SCADA",1,"2018/06/01 15:40:00","INVICTA","0",NA,NA,NA
"D","DISPATCH","UNIT_SCADA",1,"2018/06/01 15:40:00","LKBONNY1","0",NA,NA,NA
"D","DISPATCH","UNIT_SCADA",1,"2018/06/01 15:40:00","LRSF1","6.9960",NA,NA,NA
"D","DISPATCH","UNIT_SCADA",1,"2018/06/01 15:40:00","MBAHNTH","54.806244",NA,NA,NA
"D","DISPATCH","UNIT_SCADA",1,"2018/06/01 15:40:00","MLSP1","5.513001",NA,NA,NA
"D","DISPATCH","UNIT_SCADA",1,"2018/06/01 15:40:00","MLWF1","0",NA,NA,NA
"D","DISPATCH","UNIT_SCADA",1,"2018/06/01 15:40:00","MTMILLAR","7.344574",NA,NA,NA
"D","DISPATCH","UNIT_SCADA",1,"2018/06/01 15:40:00","PALOONA","13.04",NA,NA,NA
"D","DISPATCH","UNIT_SCADA",1,"2018/06/01 15:40:00","PIONEER","-0.90",NA,NA,NA
"D","DISPATCH","UNIT_SCADA",1,"2018/06/01 15:40:00","PORTWF","-0.10",NA,NA,NA
"D","DISPATCH","UNIT_SCADA",1,"2018/06/01 15:40:00","REPULSE","0",NA,NA,NA
"D","DISPATCH","UNIT_SCADA",1,"2018/06/01 15:40:00","ROWALLAN","6.2622",NA,NA,NA
"D","DISPATCH","UNIT_SCADA",1,"2018/06/01 15:40:00","ROYALLA1","2.1010",NA,NA,NA
"D","DISPATCH","UNIT_SCADA",1,"2018/06/01 15:40:00","RPCG","-0.30",NA,NA,NA
"D","DISPATCH","UNIT_SCADA",1,"2018/06/01 15:40:00","RUBICON","0",NA,NA,NA
"D","DISPATCH","UNIT_SCADA",1,"2018/06/01 15:40:00","SMCSF1","27.505804",NA,NA,NA
"D","DISPATCH","UNIT_SCADA",1,"2018/06/01 15:40:00","STARHLWF","3.199067",NA,NA,NA
"D","DISPATCH","UNIT_SCADA",1,"2018/06/01 15:40:00","WAUBRAWF","8.3340",NA,NA,NA
"D","DISPATCH","UNIT_SCADA",1,"2018/06/01 15:40:00","WOOLNTH1","1.310015",NA,NA,NA
"D","DISPATCH","UNIT_SCADA",1,"2018/06/01 15:40:00","WPWF","7",NA,NA,NA
"D","DISPATCH","UNIT_SCADA",1,"2018/06/01 15:40:00","YAMBUKWF","-0.20",NA,NA,NA
"D","DISPATCH","UNIT_SCADA",1,"2018/06/01 15:40:00","YSWF1","0.10",NA,NA,NA
"D","DISPATCH","UNIT_SCADA",1,"2018/06/01 15:45:00","BARCSF1","16.10",NA,NA,NA
"D","DISPATCH","UNIT_SCADA",1,"2018/06/01 15:45:00","BUTLERSG","9.099998",NA,NA,NA
"D","DISPATCH","UNIT_SCADA",1,"2018/06/01 15:45:00","CALL_A_4","0",NA,NA,NA
"D","DISPATCH","UNIT_SCADA",1,"2018/06/01 15:45:00","CAPTL_WF","20.968002",NA,NA,NA
"D","DISPATCH","UNIT_SCADA",1,"2018/06/01 15:45:00","CATHROCK","7.53",NA,NA,NA
"D","DISPATCH","UNIT_SCADA",1,"2018/06/01 15:45:00","CHALLHWF","0.30",NA,NA,NA
"D","DISPATCH","UNIT_SCADA",1,"2018/06/01 15:45:00","CLOVER","0",NA,NA,NA
"D","DISPATCH","UNIT_SCADA",1,"2018/06/01 15:45:00","CLUNY","9.091783",NA,NA,NA
"D","DISPATCH","UNIT_SCADA",1,"2018/06/01 15:45:00","CNUNDAWF","0.400467",NA,NA,NA
"D","DISPATCH","UNIT_SCADA",1,"2018/06/01 15:45:00","CULLRGWF","6.76",NA,NA,NA
"D","DISPATCH","UNIT_SCADA",1,"2018/06/01 15:45:00","ERGT01","0",NA,NA,NA
"D","DISPATCH","UNIT_SCADA",1,"2018/06/01 15:45:00","GB01","0.044422",NA,NA,NA
"D","DISPATCH","UNIT_SCADA",1,"2018/06/01 15:45:00","GERMCRK","34.099998",NA,NA,NA
"D","DISPATCH","UNIT_SCADA",1,"2018/06/01 15:45:00","GRIFSF1","18.799995",NA,NA,NA
"D","DISPATCH","UNIT_SCADA",1,"2018/06/01 15:45:00","HUGSF1","-0.0130",NA,NA,NA
"D","DISPATCH","UNIT_SCADA",1,"2018/06/01 15:45:00","INVICTA","0",NA,NA,NA
"D","DISPATCH","UNIT_SCADA",1,"2018/06/01 15:45:00","LKBONNY1","-0.181410",NA,NA,NA
"D","DISPATCH","UNIT_SCADA",1,"2018/06/01 15:45:00","LRSF1","6.9960",NA,NA,NA
"D","DISPATCH","UNIT_SCADA",1,"2018/06/01 15:45:00","MBAHNTH","56.8125",NA,NA,NA
"D","DISPATCH","UNIT_SCADA",1,"2018/06/01 15:45:00","MLSP1","1.868001",NA,NA,NA
"D","DISPATCH","UNIT_SCADA",1,"2018/06/01 15:45:00","MLWF1","0",NA,NA,NA
"D","DISPATCH","UNIT_SCADA",1,"2018/06/01 15:45:00","MTMILLAR","9.353728",NA,NA,NA
"D","DISPATCH","UNIT_SCADA",1,"2018/06/01 15:45:00","PALOONA","13.04",NA,NA,NA
"D","DISPATCH","UNIT_SCADA",1,"2018/06/01 15:45:00","PIONEER","-0.90",NA,NA,NA
"D","DISPATCH","UNIT_SCADA",1,"2018/06/01 15:45:00","PORTWF","-0.10",NA,NA,NA
"D","DISPATCH","UNIT_SCADA",1,"2018/06/01 15:45:00","REPULSE","0",NA,NA,NA
"D","DISPATCH","UNIT_SCADA",1,"2018/06/01 15:45:00","ROWALLAN","6.4397",NA,NA,NA
"D","DISPATCH","UNIT_SCADA",1,"2018/06/01 15:45:00","ROYALLA1","3.0530",NA,NA,NA
"D","DISPATCH","UNIT_SCADA",1,"2018/06/01 15:45:00","RPCG","-0.30",NA,NA,NA
"D","DISPATCH","UNIT_SCADA",1,"2018/06/01 15:45:00","RUBICON","0",NA,NA,NA
"D","DISPATCH","UNIT_SCADA",1,"2018/06/01 15:45:00","SMCSF1","26.482271",NA,NA,NA
"D","DISPATCH","UNIT_SCADA",1,"2018/06/01 15:45:00","STARHLWF","2.699213",NA,NA,NA
"D","DISPATCH","UNIT_SCADA",1,"2018/06/01 15:45:00","WAUBRAWF","7.7160",NA,NA,NA
"D","DISPATCH","UNIT_SCADA",1,"2018/06/01 15:45:00","WOOLNTH1","1.710015",NA,NA,NA
"D","DISPATCH","UNIT_SCADA",1,"2018/06/01 15:45:00","WPWF","7",NA,NA,NA
"D","DISPATCH","UNIT_SCADA",1,"2018/06/01 15:45:00","YAMBUKWF","-0.10",NA,NA,NA
"D","DISPATCH","UNIT_SCADA",1,"2018/06/01 15:45:00","YSWF1","0.20",NA,NA,NA
"D","DISPATCH","UNIT_SCADA",1,"2018/06/01 15:50:00","BARCSF1","16.10",NA,NA,NA
"D","DISPATCH","UNIT_SCADA",1,"2018/06/01 15:50:00","BUTLERSG","9.199999",NA,NA,NA
"D","DISPATCH","UNIT_SCADA",1,"2018/06/01 15:50:00","CALL_A_4","0",NA,NA,NA
"D","DISPATCH","UNIT_SCADA",1,"2018/06/01 15:50:00","CAPTL_WF","16.783997",NA,NA,NA
"D","DISPATCH","UNIT_SCADA",1,"2018/06/01 15:50:00","CATHROCK","7.22",NA,NA,NA
"D","DISPATCH","UNIT_SCADA",1,"2018/06/01 15:50:00","CHALLHWF","0.30",NA,NA,NA
"D","DISPATCH","UNIT_SCADA",1,"2018/06/01 15:50:00","CLOVER","8.25",NA,NA,NA
"D","DISPATCH","UNIT_SCADA",1,"2018/06/01 15:50:00","CLUNY","9.120165",NA,NA,NA
"D","DISPATCH","UNIT_SCADA",1,"2018/06/01 15:50:00","CNUNDAWF","0.400467",NA,NA,NA
"D","DISPATCH","UNIT_SCADA",1,"2018/06/01 15:50:00","CULLRGWF","8.63",NA,NA,NA
"D","DISPATCH","UNIT_SCADA",1,"2018/06/01 15:50:00","ERGT01","0",NA,NA,NA
"D","DISPATCH","UNIT_SCADA",1,"2018/06/01 15:50:00","GB01","0.044422",NA,NA,NA
"D","DISPATCH","UNIT_SCADA",1,"2018/06/01 15:50:00","GERMCRK","34",NA,NA,NA
"D","DISPATCH","UNIT_SCADA",1,"2018/06/01 15:50:00","GRIFSF1","18.200005",NA,NA,NA
"D","DISPATCH","UNIT_SCADA",1,"2018/06/01 15:50:00","HUGSF1","-0.0130",NA,NA,NA
"D","DISPATCH","UNIT_SCADA",1,"2018/06/01 15:50:00","INVICTA","0",NA,NA,NA
"D","DISPATCH","UNIT_SCADA",1,"2018/06/01 15:50:00","LKBONNY1","-0.270719",NA,NA,NA
"D","DISPATCH","UNIT_SCADA",1,"2018/06/01 15:50:00","LRSF1","6.9960",NA,NA,NA
"D","DISPATCH","UNIT_SCADA",1,"2018/06/01 15:50:00","MBAHNTH","56.8125",NA,NA,NA
"D","DISPATCH","UNIT_SCADA",1,"2018/06/01 15:50:00","MLSP1","2.271001",NA,NA,NA
"D","DISPATCH","UNIT_SCADA",1,"2018/06/01 15:50:00","MLWF1","0",NA,NA,NA
"D","DISPATCH","UNIT_SCADA",1,"2018/06/01 15:50:00","MTMILLAR","9.190020",NA,NA,NA
"D","DISPATCH","UNIT_SCADA",1,"2018/06/01 15:50:00","PALOONA","13.04",NA,NA,NA
"D","DISPATCH","UNIT_SCADA",1,"2018/06/01 15:50:00","PIONEER","-0.90",NA,NA,NA
"D","DISPATCH","UNIT_SCADA",1,"2018/06/01 15:50:00","PORTWF","-0.30",NA,NA,NA
"D","DISPATCH","UNIT_SCADA",1,"2018/06/01 15:50:00","REPULSE","0",NA,NA,NA
"D","DISPATCH","UNIT_SCADA",1,"2018/06/01 15:50:00","ROWALLAN","6.3332",NA,NA,NA
"D","DISPATCH","UNIT_SCADA",1,"2018/06/01 15:50:00","ROYALLA1","5.7050",NA,NA,NA
"D","DISPATCH","UNIT_SCADA",1,"2018/06/01 15:50:00","RPCG","-0.30",NA,NA,NA
"D","DISPATCH","UNIT_SCADA",1,"2018/06/01 15:50:00","RUBICON","0",NA,NA,NA
"D","DISPATCH","UNIT_SCADA",1,"2018/06/01 15:50:00","SMCSF1","25.365545",NA,NA,NA
"D","DISPATCH","UNIT_SCADA",1,"2018/06/01 15:50:00","STARHLWF","1.899446",NA,NA,NA
"D","DISPATCH","UNIT_SCADA",1,"2018/06/01 15:50:00","WAUBRAWF","7.1940",NA,NA,NA
"D","DISPATCH","UNIT_SCADA",1,"2018/06/01 15:50:00","WOOLNTH1","2.460016",NA,NA,NA
"D","DISPATCH","UNIT_SCADA",1,"2018/06/01 15:50:00","WPWF","6",NA,NA,NA
"D","DISPATCH","UNIT_SCADA",1,"2018/06/01 15:50:00","YAMBUKWF","0",NA,NA,NA
"D","DISPATCH","UNIT_SCADA",1,"2018/06/01 15:50:00","YSWF1","0.30",NA,NA,NA
"D","DISPATCH","UNIT_SCADA",1,"2018/06/01 15:55:00","BARCSF1","16.10",NA,NA,NA
"D","DISPATCH","UNIT_SCADA",1,"2018/06/01 15:55:00","BUTLERSG","9.199999",NA,NA,NA
"D","DISPATCH","UNIT_SCADA",1,"2018/06/01 15:55:00","CALL_A_4","0",NA,NA,NA
"D","DISPATCH","UNIT_SCADA",1,"2018/06/01 15:55:00","CAPTL_WF","8.980003",NA,NA,NA
"D","DISPATCH","UNIT_SCADA",1,"2018/06/01 15:55:00","CATHROCK","8.429999",NA,NA,NA
"D","DISPATCH","UNIT_SCADA",1,"2018/06/01 15:55:00","CHALLHWF","0.40",NA,NA,NA
"D","DISPATCH","UNIT_SCADA",1,"2018/06/01 15:55:00","CLOVER","25.620001",NA,NA,NA
"D","DISPATCH","UNIT_SCADA",1,"2018/06/01 15:55:00","CLUNY","9.044175",NA,NA,NA
"D","DISPATCH","UNIT_SCADA",1,"2018/06/01 15:55:00","CNUNDAWF","0.400467",NA,NA,NA
"D","DISPATCH","UNIT_SCADA",1,"2018/06/01 15:55:00","CULLRGWF","7.55",NA,NA,NA
"D","DISPATCH","UNIT_SCADA",1,"2018/06/01 15:55:00","ERGT01","0",NA,NA,NA
"D","DISPATCH","UNIT_SCADA",1,"2018/06/01 15:55:00","GB01","0.044212",NA,NA,NA
"D","DISPATCH","UNIT_SCADA",1,"2018/06/01 15:55:00","GERMCRK","33.799999",NA,NA,NA
"D","DISPATCH","UNIT_SCADA",1,"2018/06/01 15:55:00","GRIFSF1","17.200005",NA,NA,NA
"D","DISPATCH","UNIT_SCADA",1,"2018/06/01 15:55:00","HUGSF1","-0.0130",NA,NA,NA
"D","DISPATCH","UNIT_SCADA",1,"2018/06/01 15:55:00","INVICTA","0",NA,NA,NA
"D","DISPATCH","UNIT_SCADA",1,"2018/06/01 15:55:00","LKBONNY1","-0.270719",NA,NA,NA
"D","DISPATCH","UNIT_SCADA",1,"2018/06/01 15:55:00","LRSF1","6.9960",NA,NA,NA
"D","DISPATCH","UNIT_SCADA",1,"2018/06/01 15:55:00","MBAHNTH","57.899994",NA,NA,NA
"D","DISPATCH","UNIT_SCADA",1,"2018/06/01 15:55:00","MLSP1","3.892001",NA,NA,NA
"D","DISPATCH","UNIT_SCADA",1,"2018/06/01 15:55:00","MLWF1","0",NA,NA,NA
"D","DISPATCH","UNIT_SCADA",1,"2018/06/01 15:55:00","MTMILLAR","7.880349",NA,NA,NA
"D","DISPATCH","UNIT_SCADA",1,"2018/06/01 15:55:00","PALOONA","12.95",NA,NA,NA
"D","DISPATCH","UNIT_SCADA",1,"2018/06/01 15:55:00","PIONEER","-0.90",NA,NA,NA
"D","DISPATCH","UNIT_SCADA",1,"2018/06/01 15:55:00","PORTWF","-0.30",NA,NA,NA
"D","DISPATCH","UNIT_SCADA",1,"2018/06/01 15:55:00","REPULSE","0",NA,NA,NA
"D","DISPATCH","UNIT_SCADA",1,"2018/06/01 15:55:00","ROWALLAN","6.5604",NA,NA,NA
"D","DISPATCH","UNIT_SCADA",1,"2018/06/01 15:55:00","ROYALLA1","5.3830",NA,NA,NA
"D","DISPATCH","UNIT_SCADA",1,"2018/06/01 15:55:00","RPCG","-0.30",NA,NA,NA
"D","DISPATCH","UNIT_SCADA",1,"2018/06/01 15:55:00","RUBICON","0",NA,NA,NA
"D","DISPATCH","UNIT_SCADA",1,"2018/06/01 15:55:00","SMCSF1","23.966347",NA,NA,NA
"D","DISPATCH","UNIT_SCADA",1,"2018/06/01 15:55:00","STARHLWF","1.699504",NA,NA,NA
"D","DISPATCH","UNIT_SCADA",1,"2018/06/01 15:55:00","WAUBRAWF","8.12",NA,NA,NA
"D","DISPATCH","UNIT_SCADA",1,"2018/06/01 15:55:00","WOOLNTH1","2.720015",NA,NA,NA
"D","DISPATCH","UNIT_SCADA",1,"2018/06/01 15:55:00","WPWF","6",NA,NA,NA
"D","DISPATCH","UNIT_SCADA",1,"2018/06/01 15:55:00","YAMBUKWF","0",NA,NA,NA
"D","DISPATCH","UNIT_SCADA",1,"2018/06/01 15:55:00","YSWF1","0.40",NA,NA,NA
"D","DISPATCH","UNIT_SCADA",1,"2018/06/01 16:00:00","BARCSF1","16.10",NA,NA,NA
"D","DISPATCH","UNIT_SCADA",1,"2018/06/01 16:00:00","BUTLERSG","9.199999",NA,NA,NA
"D","DISPATCH","UNIT_SCADA",1,"2018/06/01 16:00:00","CALL_A_4","0",NA,NA,NA
"D","DISPATCH","UNIT_SCADA",1,"2018/06/01 16:00:00","CAPTL_WF","14.351997",NA,NA,NA
"D","DISPATCH","UNIT_SCADA",1,"2018/06/01 16:00:00","CATHROCK","9.599999",NA,NA,NA
"D","DISPATCH","UNIT_SCADA",1,"2018/06/01 16:00:00","CHALLHWF","0.50",NA,NA,NA
"D","DISPATCH","UNIT_SCADA",1,"2018/06/01 16:00:00","CLOVER","26.50",NA,NA,NA
"D","DISPATCH","UNIT_SCADA",1,"2018/06/01 16:00:00","CLUNY","9.086289",NA,NA,NA
"D","DISPATCH","UNIT_SCADA",1,"2018/06/01 16:00:00","CNUNDAWF","0.400467",NA,NA,NA
"D","DISPATCH","UNIT_SCADA",1,"2018/06/01 16:00:00","CULLRGWF","9.58",NA,NA,NA
"D","DISPATCH","UNIT_SCADA",1,"2018/06/01 16:00:00","ERGT01","0",NA,NA,NA
"D","DISPATCH","UNIT_SCADA",1,"2018/06/01 16:00:00","GB01","0.044212",NA,NA,NA
"D","DISPATCH","UNIT_SCADA",1,"2018/06/01 16:00:00","GERMCRK","33.099998",NA,NA,NA
"D","DISPATCH","UNIT_SCADA",1,"2018/06/01 16:00:00","GRIFSF1","15.50",NA,NA,NA
"D","DISPATCH","UNIT_SCADA",1,"2018/06/01 16:00:00","HUGSF1","-0.0130",NA,NA,NA
"D","DISPATCH","UNIT_SCADA",1,"2018/06/01 16:00:00","INVICTA","0",NA,NA,NA
"D","DISPATCH","UNIT_SCADA",1,"2018/06/01 16:00:00","LKBONNY1","-0.181410",NA,NA,NA
"D","DISPATCH","UNIT_SCADA",1,"2018/06/01 16:00:00","LRSF1","6.9960",NA,NA,NA
"D","DISPATCH","UNIT_SCADA",1,"2018/06/01 16:00:00","MBAHNTH","57.899994",NA,NA,NA
"D","DISPATCH","UNIT_SCADA",1,"2018/06/01 16:00:00","MLSP1","1.872001",NA,NA,NA
"D","DISPATCH","UNIT_SCADA",1,"2018/06/01 16:00:00","MLWF1","0",NA,NA,NA
"D","DISPATCH","UNIT_SCADA",1,"2018/06/01 16:00:00","MTMILLAR","7.344574",NA,NA,NA
"D","DISPATCH","UNIT_SCADA",1,"2018/06/01 16:00:00","PALOONA","13.059999",NA,NA,NA
"D","DISPATCH","UNIT_SCADA",1,"2018/06/01 16:00:00","PIONEER","-0.90",NA,NA,NA
"D","DISPATCH","UNIT_SCADA",1,"2018/06/01 16:00:00","PORTWF","-0.30",NA,NA,NA
"D","DISPATCH","UNIT_SCADA",1,"2018/06/01 16:00:00","REPULSE","0",NA,NA,NA
"D","DISPATCH","UNIT_SCADA",1,"2018/06/01 16:00:00","ROWALLAN","6.2906",NA,NA,NA
"D","DISPATCH","UNIT_SCADA",1,"2018/06/01 16:00:00","ROYALLA1","3.729001",NA,NA,NA
"D","DISPATCH","UNIT_SCADA",1,"2018/06/01 16:00:00","RPCG","-0.30",NA,NA,NA
"D","DISPATCH","UNIT_SCADA",1,"2018/06/01 16:00:00","RUBICON","0",NA,NA,NA
"D","DISPATCH","UNIT_SCADA",1,"2018/06/01 16:00:00","SMCSF1","23.252035",NA,NA,NA
"D","DISPATCH","UNIT_SCADA",1,"2018/06/01 16:00:00","STARHLWF","1.699504",NA,NA,NA
"D","DISPATCH","UNIT_SCADA",1,"2018/06/01 16:15:00","BARCSF1","16.10",NA,NA,NA
"D","DISPATCH","UNIT_SCADA",1,"2018/06/01 16:15:00","BUTLERSG","9.199999",NA,NA,NA
"D","DISPATCH","UNIT_SCADA",1,"2018/06/01 16:15:00","CALL_A_4","0",NA,NA,NA
"D","DISPATCH","UNIT_SCADA",1,"2018/06/01 16:15:00","CAPTL_WF","12.260002",NA,NA,NA
"D","DISPATCH","UNIT_SCADA",1,"2018/06/01 16:15:00","CATHROCK","9.879999",NA,NA,NA
"D","DISPATCH","UNIT_SCADA",1,"2018/06/01 16:15:00","CHALLHWF","1.10",NA,NA,NA
"D","DISPATCH","UNIT_SCADA",1,"2018/06/01 16:15:00","CLOVER","26.200001",NA,NA,NA
"D","DISPATCH","UNIT_SCADA",1,"2018/06/01 16:15:00","CLUNY","9.034104",NA,NA,NA
"D","DISPATCH","UNIT_SCADA",1,"2018/06/01 16:15:00","CNUNDAWF","0.400467",NA,NA,NA
"D","DISPATCH","UNIT_SCADA",1,"2018/06/01 16:15:00","CULLRGWF","8.88",NA,NA,NA
"D","DISPATCH","UNIT_SCADA",1,"2018/06/01 16:15:00","ERGT01","0",NA,NA,NA
"D","DISPATCH","UNIT_SCADA",1,"2018/06/01 16:15:00","GB01","0.044212",NA,NA,NA
"D","DISPATCH","UNIT_SCADA",1,"2018/06/01 16:15:00","GERMCRK","29.50",NA,NA,NA
"D","DISPATCH","UNIT_SCADA",1,"2018/06/01 16:15:00","GRIFSF1","11.399994",NA,NA,NA
"D","DISPATCH","UNIT_SCADA",1,"2018/06/01 16:15:00","HUGSF1","-0.0130",NA,NA,NA
"D","DISPATCH","UNIT_SCADA",1,"2018/06/01 16:15:00","INVICTA","0",NA,NA,NA
"D","DISPATCH","UNIT_SCADA",1,"2018/06/01 16:15:00","LKBONNY1","-0.270719",NA,NA,NA
"D","DISPATCH","UNIT_SCADA",1,"2018/06/01 16:15:00","LRSF1","6.9960",NA,NA,NA
"D","DISPATCH","UNIT_SCADA",1,"2018/06/01 16:15:00","MBAHNTH","57.899994",NA,NA,NA
"D","DISPATCH","UNIT_SCADA",1,"2018/06/01 16:15:00","MLSP1","1.074001",NA,NA,NA
"D","DISPATCH","UNIT_SCADA",1,"2018/06/01 16:15:00","MLWF1","0",NA,NA,NA
"D","DISPATCH","UNIT_SCADA",1,"2018/06/01 16:15:00","MTMILLAR","6.511147",NA,NA,NA
"D","DISPATCH","UNIT_SCADA",1,"2018/06/01 16:15:00","REPULSE","0",NA,NA,NA
"D","DISPATCH","UNIT_SCADA",1,"2018/06/01 16:15:00","PALOONA","13.009999",NA,NA,NA
"D","DISPATCH","UNIT_SCADA",1,"2018/06/01 16:15:00","PIONEER","-0.90",NA,NA,NA
"D","DISPATCH","UNIT_SCADA",1,"2018/06/01 16:15:00","PORTWF","-0.30",NA,NA,NA
"D","DISPATCH","UNIT_SCADA",1,"2018/06/01 16:15:00","ROWALLAN","6.6527",NA,NA,NA
"D","DISPATCH","UNIT_SCADA",1,"2018/06/01 16:15:00","ROYALLA1","1.8640",NA,NA,NA
"D","DISPATCH","UNIT_SCADA",1,"2018/06/01 16:15:00","RPCG","-0.30",NA,NA,NA
"D","DISPATCH","UNIT_SCADA",1,"2018/06/01 16:15:00","RUBICON","0",NA,NA,NA
"D","DISPATCH","UNIT_SCADA",1,"2018/06/01 16:15:00","SMCSF1","19.758865",NA,NA,NA
"D","DISPATCH","UNIT_SCADA",1,"2018/06/01 16:15:00","STARHLWF","1.399592",NA,NA,NA
"D","DISPATCH","UNIT_SCADA",1,"2018/06/01 16:15:00","WAUBRAWF","9.1660",NA,NA,NA
"D","DISPATCH","UNIT_SCADA",1,"2018/06/01 16:15:00","WOOLNTH1","2.220015",NA,NA,NA
"D","DISPATCH","UNIT_SCADA",1,"2018/06/01 16:15:00","WPWF","7",NA,NA,NA
"D","DISPATCH","UNIT_SCADA",1,"2018/06/01 16:15:00","YAMBUKWF","0",NA,NA,NA
"D","DISPATCH","UNIT_SCADA",1,"2018/06/01 16:15:00","YSWF1","0.70",NA,NA,NA
"D","DISPATCH","UNIT_SCADA",1,"2018/06/01 16:00:00","WAUBRAWF","7.5340",NA,NA,NA
"D","DISPATCH","UNIT_SCADA",1,"2018/06/01 16:00:00","WOOLNTH1","1.800015",NA,NA,NA
"D","DISPATCH","UNIT_SCADA",1,"2018/06/01 16:00:00","WPWF","5",NA,NA,NA
"D","DISPATCH","UNIT_SCADA",1,"2018/06/01 16:00:00","YAMBUKWF","0",NA,NA,NA
"D","DISPATCH","UNIT_SCADA",1,"2018/06/01 16:00:00","YSWF1","0.80",NA,NA,NA
"D","DISPATCH","UNIT_SCADA",1,"2018/06/01 16:05:00","BARCSF1","16.10",NA,NA,NA
"D","DISPATCH","UNIT_SCADA",1,"2018/06/01 16:05:00","BUTLERSG","9.199999",NA,NA,NA
"D","DISPATCH","UNIT_SCADA",1,"2018/06/01 16:05:00","CALL_A_4","0",NA,NA,NA
"D","DISPATCH","UNIT_SCADA",1,"2018/06/01 16:05:00","CAPTL_WF","12.059998",NA,NA,NA
"D","DISPATCH","UNIT_SCADA",1,"2018/06/01 16:05:00","CATHROCK","10.41",NA,NA,NA
"D","DISPATCH","UNIT_SCADA",1,"2018/06/01 16:05:00","CHALLHWF","0.70",NA,NA,NA
"D","DISPATCH","UNIT_SCADA",1,"2018/06/01 16:05:00","CLOVER","26.42",NA,NA,NA
"D","DISPATCH","UNIT_SCADA",1,"2018/06/01 16:05:00","CLUNY","9.077134",NA,NA,NA
"D","DISPATCH","UNIT_SCADA",1,"2018/06/01 16:05:00","CNUNDAWF","0.400467",NA,NA,NA
"D","DISPATCH","UNIT_SCADA",1,"2018/06/01 16:05:00","CULLRGWF","9.59",NA,NA,NA
"D","DISPATCH","UNIT_SCADA",1,"2018/06/01 16:05:00","ERGT01","0",NA,NA,NA
"D","DISPATCH","UNIT_SCADA",1,"2018/06/01 16:05:00","GB01","0.044212",NA,NA,NA
"D","DISPATCH","UNIT_SCADA",1,"2018/06/01 16:05:00","GERMCRK","32.599998",NA,NA,NA
"D","DISPATCH","UNIT_SCADA",1,"2018/06/01 16:05:00","GRIFSF1","13.699997",NA,NA,NA
"D","DISPATCH","UNIT_SCADA",1,"2018/06/01 16:05:00","HUGSF1","-0.0130",NA,NA,NA
"D","DISPATCH","UNIT_SCADA",1,"2018/06/01 16:05:00","INVICTA","0",NA,NA,NA
"D","DISPATCH","UNIT_SCADA",1,"2018/06/01 16:05:00","LKBONNY1","-0.0921",NA,NA,NA
"D","DISPATCH","UNIT_SCADA",1,"2018/06/01 16:05:00","LRSF1","6.9960",NA,NA,NA
"D","DISPATCH","UNIT_SCADA",1,"2018/06/01 16:05:00","MBAHNTH","57.899994",NA,NA,NA
"D","DISPATCH","UNIT_SCADA",1,"2018/06/01 16:05:00","MLSP1","3.480001",NA,NA,NA
"D","DISPATCH","UNIT_SCADA",1,"2018/06/01 16:05:00","MLWF1","0",NA,NA,NA
"D","DISPATCH","UNIT_SCADA",1,"2018/06/01 16:05:00","MTMILLAR","7.478518",NA,NA,NA
"D","DISPATCH","UNIT_SCADA",1,"2018/06/01 16:05:00","PALOONA","13.059999",NA,NA,NA
"D","DISPATCH","UNIT_SCADA",1,"2018/06/01 16:05:00","PIONEER","-0.90",NA,NA,NA
"D","DISPATCH","UNIT_SCADA",1,"2018/06/01 16:05:00","PORTWF","-0.30",NA,NA,NA
"D","DISPATCH","UNIT_SCADA",1,"2018/06/01 16:05:00","REPULSE","0",NA,NA,NA
"D","DISPATCH","UNIT_SCADA",1,"2018/06/01 16:05:00","ROWALLAN","6.7095",NA,NA,NA
"D","DISPATCH","UNIT_SCADA",1,"2018/06/01 16:05:00","ROYALLA1","3.0630",NA,NA,NA
"D","DISPATCH","UNIT_SCADA",1,"2018/06/01 16:05:00","RPCG","-0.30",NA,NA,NA
"D","DISPATCH","UNIT_SCADA",1,"2018/06/01 16:05:00","RUBICON","0",NA,NA,NA
"D","DISPATCH","UNIT_SCADA",1,"2018/06/01 16:05:00","SMCSF1","22.549915",NA,NA,NA
"D","DISPATCH","UNIT_SCADA",1,"2018/06/01 16:05:00","STARHLWF","1.299621",NA,NA,NA
"D","DISPATCH","UNIT_SCADA",1,"2018/06/01 16:05:00","WAUBRAWF","8.8530",NA,NA,NA
"D","DISPATCH","UNIT_SCADA",1,"2018/06/01 16:05:00","WOOLNTH1","1.900015",NA,NA,NA
"D","DISPATCH","UNIT_SCADA",1,"2018/06/01 16:05:00","WPWF","7",NA,NA,NA
"D","DISPATCH","UNIT_SCADA",1,"2018/06/01 16:05:00","YAMBUKWF","0.10",NA,NA,NA
"D","DISPATCH","UNIT_SCADA",1,"2018/06/01 16:05:00","YSWF1","0.50",NA,NA,NA
"D","DISPATCH","UNIT_SCADA",1,"2018/06/01 16:10:00","BARCSF1","16.10",NA,NA,NA
"D","DISPATCH","UNIT_SCADA",1,"2018/06/01 16:10:00","BUTLERSG","9.199999",NA,NA,NA
"D","DISPATCH","UNIT_SCADA",1,"2018/06/01 16:10:00","CALL_A_4","0",NA,NA,NA
"D","DISPATCH","UNIT_SCADA",1,"2018/06/01 16:10:00","CAPTL_WF","10.160004",NA,NA,NA
"D","DISPATCH","UNIT_SCADA",1,"2018/06/01 16:10:00","CATHROCK","8.969999",NA,NA,NA
"D","DISPATCH","UNIT_SCADA",1,"2018/06/01 16:10:00","CHALLHWF","0",NA,NA,NA
"D","DISPATCH","UNIT_SCADA",1,"2018/06/01 16:10:00","CLOVER","26.33",NA,NA,NA
"D","DISPATCH","UNIT_SCADA",1,"2018/06/01 16:10:00","CLUNY","9.081712",NA,NA,NA
"D","DISPATCH","UNIT_SCADA",1,"2018/06/01 16:10:00","CNUNDAWF","0.400467",NA,NA,NA
"D","DISPATCH","UNIT_SCADA",1,"2018/06/01 16:10:00","CULLRGWF","7.55",NA,NA,NA
"D","DISPATCH","UNIT_SCADA",1,"2018/06/01 16:10:00","ERGT01","0",NA,NA,NA
"D","DISPATCH","UNIT_SCADA",1,"2018/06/01 16:10:00","GB01","0.044212",NA,NA,NA
"D","DISPATCH","UNIT_SCADA",1,"2018/06/01 16:10:00","GERMCRK","30.299999",NA,NA,NA
"D","DISPATCH","UNIT_SCADA",1,"2018/06/01 16:10:00","GRIFSF1","12.399994",NA,NA,NA
"D","DISPATCH","UNIT_SCADA",1,"2018/06/01 16:10:00","HUGSF1","-0.0130",NA,NA,NA
"D","DISPATCH","UNIT_SCADA",1,"2018/06/01 16:10:00","INVICTA","0",NA,NA,NA
"D","DISPATCH","UNIT_SCADA",1,"2018/06/01 16:10:00","LKBONNY1","0",NA,NA,NA
"D","DISPATCH","UNIT_SCADA",1,"2018/06/01 16:10:00","LRSF1","6.9960",NA,NA,NA
"D","DISPATCH","UNIT_SCADA",1,"2018/06/01 16:10:00","MBAHNTH","57.899994",NA,NA,NA
"D","DISPATCH","UNIT_SCADA",1,"2018/06/01 16:10:00","MLSP1","1.473001",NA,NA,NA
"D","DISPATCH","UNIT_SCADA",1,"2018/06/01 16:10:00","MLWF1","0",NA,NA,NA
"D","DISPATCH","UNIT_SCADA",1,"2018/06/01 16:10:00","MTMILLAR","7.359457",NA,NA,NA
"D","DISPATCH","UNIT_SCADA",1,"2018/06/01 16:10:00","PALOONA","13.059999",NA,NA,NA
"D","DISPATCH","UNIT_SCADA",1,"2018/06/01 16:10:00","PIONEER","-0.90",NA,NA,NA
"D","DISPATCH","UNIT_SCADA",1,"2018/06/01 16:10:00","PORTWF","-0.30",NA,NA,NA
"D","DISPATCH","UNIT_SCADA",1,"2018/06/01 16:10:00","REPULSE","0",NA,NA,NA
"D","DISPATCH","UNIT_SCADA",1,"2018/06/01 16:10:00","ROWALLAN","6.6669",NA,NA,NA
"D","DISPATCH","UNIT_SCADA",1,"2018/06/01 16:10:00","ROYALLA1","3.1030",NA,NA,NA
"D","DISPATCH","UNIT_SCADA",1,"2018/06/01 16:10:00","RPCG","-0.30",NA,NA,NA
"D","DISPATCH","UNIT_SCADA",1,"2018/06/01 16:10:00","RUBICON","0",NA,NA,NA
"D","DISPATCH","UNIT_SCADA",1,"2018/06/01 16:10:00","SMCSF1","21.622028",NA,NA,NA
"D","DISPATCH","UNIT_SCADA",1,"2018/06/01 16:10:00","STARHLWF","1.299621",NA,NA,NA
"D","DISPATCH","UNIT_SCADA",1,"2018/06/01 16:10:00","WAUBRAWF","8.3740",NA,NA,NA
"D","DISPATCH","UNIT_SCADA",1,"2018/06/01 16:10:00","WOOLNTH1","1.570015",NA,NA,NA
"D","DISPATCH","UNIT_SCADA",1,"2018/06/01 16:10:00","WPWF","7",NA,NA,NA
"D","DISPATCH","UNIT_SCADA",1,"2018/06/01 16:10:00","YAMBUKWF","0.10",NA,NA,NA
"D","DISPATCH","UNIT_SCADA",1,"2018/06/01 16:10:00","YSWF1","0.60",NA,NA,NA
"D","DISPATCH","UNIT_SCADA",1,"2018/06/01 16:20:00","BARCSF1","16.10",NA,NA,NA
"D","DISPATCH","UNIT_SCADA",1,"2018/06/01 16:20:00","BUTLERSG","9.199999",NA,NA,NA
"D","DISPATCH","UNIT_SCADA",1,"2018/06/01 16:20:00","CALL_A_4","0",NA,NA,NA
"D","DISPATCH","UNIT_SCADA",1,"2018/06/01 16:20:00","CAPTL_WF","22.2080",NA,NA,NA
"D","DISPATCH","UNIT_SCADA",1,"2018/06/01 16:20:00","CATHROCK","11.32",NA,NA,NA
"D","DISPATCH","UNIT_SCADA",1,"2018/06/01 16:20:00","CHALLHWF","1.30",NA,NA,NA
"D","DISPATCH","UNIT_SCADA",1,"2018/06/01 16:20:00","CLOVER","26.099998",NA,NA,NA
"D","DISPATCH","UNIT_SCADA",1,"2018/06/01 16:20:00","CLUNY","9.124743",NA,NA,NA
"D","DISPATCH","UNIT_SCADA",1,"2018/06/01 16:20:00","CNUNDAWF","0.400467",NA,NA,NA
"D","DISPATCH","UNIT_SCADA",1,"2018/06/01 16:20:00","CULLRGWF","11.29",NA,NA,NA
"D","DISPATCH","UNIT_SCADA",1,"2018/06/01 16:20:00","ERGT01","0",NA,NA,NA
"D","DISPATCH","UNIT_SCADA",1,"2018/06/01 16:20:00","GB01","0.044212",NA,NA,NA
"D","DISPATCH","UNIT_SCADA",1,"2018/06/01 16:20:00","GERMCRK","22.299999",NA,NA,NA
"D","DISPATCH","UNIT_SCADA",1,"2018/06/01 16:20:00","GRIFSF1","8.599998",NA,NA,NA
"D","DISPATCH","UNIT_SCADA",1,"2018/06/01 16:20:00","HUGSF1","-0.0130",NA,NA,NA
"D","DISPATCH","UNIT_SCADA",1,"2018/06/01 16:20:00","INVICTA","0",NA,NA,NA
"D","DISPATCH","UNIT_SCADA",1,"2018/06/01 16:20:00","LKBONNY1","-0.360028",NA,NA,NA
"D","DISPATCH","UNIT_SCADA",1,"2018/06/01 16:20:00","LRSF1","6.9960",NA,NA,NA
"D","DISPATCH","UNIT_SCADA",1,"2018/06/01 16:20:00","MBAHNTH","57.899994",NA,NA,NA
"D","DISPATCH","UNIT_SCADA",1,"2018/06/01 16:20:00","MLSP1","1.876001",NA,NA,NA
"D","DISPATCH","UNIT_SCADA",1,"2018/06/01 16:20:00","MLWF1","0",NA,NA,NA
"D","DISPATCH","UNIT_SCADA",1,"2018/06/01 16:20:00","MTMILLAR","5.595866",NA,NA,NA
"D","DISPATCH","UNIT_SCADA",1,"2018/06/01 16:20:00","PALOONA","13.009999",NA,NA,NA
"D","DISPATCH","UNIT_SCADA",1,"2018/06/01 16:20:00","PIONEER","-0.90",NA,NA,NA
"D","DISPATCH","UNIT_SCADA",1,"2018/06/01 16:20:00","PORTWF","-0.30",NA,NA,NA
"D","DISPATCH","UNIT_SCADA",1,"2018/06/01 16:20:00","REPULSE","0",NA,NA,NA
"D","DISPATCH","UNIT_SCADA",1,"2018/06/01 16:20:00","ROWALLAN","6.7450",NA,NA,NA
"D","DISPATCH","UNIT_SCADA",1,"2018/06/01 16:20:00","ROYALLA1","1.1770",NA,NA,NA
"D","DISPATCH","UNIT_SCADA",1,"2018/06/01 16:20:00","RPCG","-0.30",NA,NA,NA
"D","DISPATCH","UNIT_SCADA",1,"2018/06/01 16:20:00","RUBICON","0",NA,NA,NA
"D","DISPATCH","UNIT_SCADA",1,"2018/06/01 16:20:00","SMCSF1","18.559813",NA,NA,NA
"D","DISPATCH","UNIT_SCADA",1,"2018/06/01 16:20:00","STARHLWF","1.499563",NA,NA,NA
"D","DISPATCH","UNIT_SCADA",1,"2018/06/01 16:20:00","WAUBRAWF","9.6390",NA,NA,NA
"D","DISPATCH","UNIT_SCADA",1,"2018/06/01 16:20:00","WOOLNTH1","4.160015",NA,NA,NA
"D","DISPATCH","UNIT_SCADA",1,"2018/06/01 16:20:00","WPWF","7",NA,NA,NA
"D","DISPATCH","UNIT_SCADA",1,"2018/06/01 16:20:00","YAMBUKWF","-0.10",NA,NA,NA
"D","DISPATCH","UNIT_SCADA",1,"2018/06/01 16:20:00","YSWF1","0.80",NA,NA,NA
"D","DISPATCH","UNIT_SCADA",1,"2018/06/01 16:25:00","BARCSF1","16.10",NA,NA,NA
"D","DISPATCH","UNIT_SCADA",1,"2018/06/01 16:25:00","BUTLERSG","9.199999",NA,NA,NA
"D","DISPATCH","UNIT_SCADA",1,"2018/06/01 16:25:00","CALL_A_4","0",NA,NA,NA
"D","DISPATCH","UNIT_SCADA",1,"2018/06/01 16:25:00","CAPTL_WF","22.672005",NA,NA,NA
"D","DISPATCH","UNIT_SCADA",1,"2018/06/01 16:25:00","CATHROCK","12.089999",NA,NA,NA
"D","DISPATCH","UNIT_SCADA",1,"2018/06/01 16:25:00","CHALLHWF","1.40",NA,NA,NA
"D","DISPATCH","UNIT_SCADA",1,"2018/06/01 16:25:00","CLOVER","25.939999",NA,NA,NA
"D","DISPATCH","UNIT_SCADA",1,"2018/06/01 16:25:00","CLUNY","9.124743",NA,NA,NA
"D","DISPATCH","UNIT_SCADA",1,"2018/06/01 16:25:00","CNUNDAWF","0.400467",NA,NA,NA
"D","DISPATCH","UNIT_SCADA",1,"2018/06/01 16:25:00","CULLRGWF","8.06",NA,NA,NA
"D","DISPATCH","UNIT_SCADA",1,"2018/06/01 16:25:00","ERGT01","0",NA,NA,NA
"D","DISPATCH","UNIT_SCADA",1,"2018/06/01 16:25:00","GB01","0.044212",NA,NA,NA
"D","DISPATCH","UNIT_SCADA",1,"2018/06/01 16:25:00","GERMCRK","29.90",NA,NA,NA
"D","DISPATCH","UNIT_SCADA",1,"2018/06/01 16:25:00","GRIFSF1","7.000008",NA,NA,NA
"D","DISPATCH","UNIT_SCADA",1,"2018/06/01 16:25:00","HUGSF1","-0.0130",NA,NA,NA
"D","DISPATCH","UNIT_SCADA",1,"2018/06/01 16:25:00","INVICTA","0",NA,NA,NA
"D","DISPATCH","UNIT_SCADA",1,"2018/06/01 16:25:00","LKBONNY1","-0.449338",NA,NA,NA
"D","DISPATCH","UNIT_SCADA",1,"2018/06/01 16:25:00","LRSF1","6.9960",NA,NA,NA
"D","DISPATCH","UNIT_SCADA",1,"2018/06/01 16:25:00","MBAHNTH","58.912491",NA,NA,NA
"D","DISPATCH","UNIT_SCADA",1,"2018/06/01 16:25:00","MLSP1","1.075001",NA,NA,NA
"D","DISPATCH","UNIT_SCADA",1,"2018/06/01 16:25:00","MLWF1","0",NA,NA,NA
"D","DISPATCH","UNIT_SCADA",1,"2018/06/01 16:25:00","MTMILLAR","5.171711",NA,NA,NA
"D","DISPATCH","UNIT_SCADA",1,"2018/06/01 16:25:00","PALOONA","13.009999",NA,NA,NA
"D","DISPATCH","UNIT_SCADA",1,"2018/06/01 16:25:00","PIONEER","-0.90",NA,NA,NA
"D","DISPATCH","UNIT_SCADA",1,"2018/06/01 16:25:00","PORTWF","-0.30",NA,NA,NA
"D","DISPATCH","UNIT_SCADA",1,"2018/06/01 16:25:00","REPULSE","0",NA,NA,NA
"D","DISPATCH","UNIT_SCADA",1,"2018/06/01 16:25:00","ROWALLAN","6.5391",NA,NA,NA
"D","DISPATCH","UNIT_SCADA",1,"2018/06/01 16:25:00","ROYALLA1","0.8810",NA,NA,NA
"D","DISPATCH","UNIT_SCADA",1,"2018/06/01 16:25:00","RPCG","-0.30",NA,NA,NA
"D","DISPATCH","UNIT_SCADA",1,"2018/06/01 16:25:00","RUBICON","0",NA,NA,NA
"D","DISPATCH","UNIT_SCADA",1,"2018/06/01 16:25:00","SMCSF1","17.371679",NA,NA,NA
"D","DISPATCH","UNIT_SCADA",1,"2018/06/01 16:25:00","STARHLWF","2.199359",NA,NA,NA
"D","DISPATCH","UNIT_SCADA",1,"2018/06/01 16:25:00","WAUBRAWF","11.7350",NA,NA,NA
"D","DISPATCH","UNIT_SCADA",1,"2018/06/01 16:25:00","WOOLNTH1","4.020016",NA,NA,NA
"D","DISPATCH","UNIT_SCADA",1,"2018/06/01 16:25:00","WPWF","7",NA,NA,NA
"D","DISPATCH","UNIT_SCADA",1,"2018/06/01 16:25:00","YAMBUKWF","0",NA,NA,NA
"D","DISPATCH","UNIT_SCADA",1,"2018/06/01 16:25:00","YSWF1","1.50",NA,NA,NA
"D","DISPATCH","UNIT_SCADA",1,"2018/06/01 16:30:00","BARCSF1","14.700001",NA,NA,NA
"D","DISPATCH","UNIT_SCADA",1,"2018/06/01 16:30:00","BUTLERSG","9.199999",NA,NA,NA
"D","DISPATCH","UNIT_SCADA",1,"2018/06/01 16:30:00","CALL_A_4","0",NA,NA,NA
"D","DISPATCH","UNIT_SCADA",1,"2018/06/01 16:30:00","CAPTL_WF","28.439995",NA,NA,NA
"D","DISPATCH","UNIT_SCADA",1,"2018/06/01 16:30:00","CATHROCK","11.36",NA,NA,NA
"D","DISPATCH","UNIT_SCADA",1,"2018/06/01 16:30:00","CHALLHWF","1.90",NA,NA,NA
"D","DISPATCH","UNIT_SCADA",1,"2018/06/01 16:30:00","CLOVER","25.849998",NA,NA,NA
"D","DISPATCH","UNIT_SCADA",1,"2018/06/01 16:30:00","CLUNY","9.110094",NA,NA,NA
"D","DISPATCH","UNIT_SCADA",1,"2018/06/01 16:30:00","CNUNDAWF","0.400467",NA,NA,NA
"D","DISPATCH","UNIT_SCADA",1,"2018/06/01 16:30:00","CULLRGWF","6.33",NA,NA,NA
"D","DISPATCH","UNIT_SCADA",1,"2018/06/01 16:30:00","ERGT01","0",NA,NA,NA
"D","DISPATCH","UNIT_SCADA",1,"2018/06/01 16:30:00","GB01","0.044212",NA,NA,NA
"D","DISPATCH","UNIT_SCADA",1,"2018/06/01 16:30:00","GERMCRK","29.90",NA,NA,NA
"D","DISPATCH","UNIT_SCADA",1,"2018/06/01 16:30:00","GRIFSF1","5.700005",NA,NA,NA
"D","DISPATCH","UNIT_SCADA",1,"2018/06/01 16:30:00","HUGSF1","-0.0130",NA,NA,NA
"D","DISPATCH","UNIT_SCADA",1,"2018/06/01 16:30:00","INVICTA","0",NA,NA,NA
"D","DISPATCH","UNIT_SCADA",1,"2018/06/01 16:30:00","LKBONNY1","-0.270719",NA,NA,NA
"D","DISPATCH","UNIT_SCADA",1,"2018/06/01 16:30:00","LRSF1","6.9960",NA,NA,NA
"D","DISPATCH","UNIT_SCADA",1,"2018/06/01 16:30:00","MBAHNTH","58.912491",NA,NA,NA
"D","DISPATCH","UNIT_SCADA",1,"2018/06/01 16:30:00","MLSP1","0.674001",NA,NA,NA
"D","DISPATCH","UNIT_SCADA",1,"2018/06/01 16:30:00","MLWF1","0",NA,NA,NA
"D","DISPATCH","UNIT_SCADA",1,"2018/06/01 16:30:00","MTMILLAR","4.345726",NA,NA,NA
"D","DISPATCH","UNIT_SCADA",1,"2018/06/01 16:30:00","PALOONA","13.16",NA,NA,NA
"D","DISPATCH","UNIT_SCADA",1,"2018/06/01 16:30:00","PIONEER","-0.90",NA,NA,NA
"D","DISPATCH","UNIT_SCADA",1,"2018/06/01 16:30:00","PORTWF","-0.30",NA,NA,NA
"D","DISPATCH","UNIT_SCADA",1,"2018/06/01 16:30:00","REPULSE","0",NA,NA,NA
"D","DISPATCH","UNIT_SCADA",1,"2018/06/01 16:30:00","ROWALLAN","6.2409",NA,NA,NA
"D","DISPATCH","UNIT_SCADA",1,"2018/06/01 16:30:00","ROYALLA1","0.5860",NA,NA,NA
"D","DISPATCH","UNIT_SCADA",1,"2018/06/01 16:30:00","RPCG","-0.30",NA,NA,NA
"D","DISPATCH","UNIT_SCADA",1,"2018/06/01 16:30:00","RUBICON","0",NA,NA,NA
"D","DISPATCH","UNIT_SCADA",1,"2018/06/01 16:30:00","SMCSF1","16.097811",NA,NA,NA
"D","DISPATCH","UNIT_SCADA",1,"2018/06/01 16:30:00","STARHLWF","2.299330",NA,NA,NA
"D","DISPATCH","UNIT_SCADA",1,"2018/06/01 16:30:00","WAUBRAWF","12.5570",NA,NA,NA
"D","DISPATCH","UNIT_SCADA",1,"2018/06/01 16:30:00","WOOLNTH1","3.780015",NA,NA,NA
"D","DISPATCH","UNIT_SCADA",1,"2018/06/01 16:30:00","WPWF","7",NA,NA,NA
"D","DISPATCH","UNIT_SCADA",1,"2018/06/01 16:30:00","YAMBUKWF","0",NA,NA,NA
"D","DISPATCH","UNIT_SCADA",1,"2018/06/01 16:30:00","YSWF1","1.40",NA,NA,NA
"D","DISPATCH","UNIT_SCADA",1,"2018/06/01 16:35:00","BARCSF1","13.400001",NA,NA,NA
"D","DISPATCH","UNIT_SCADA",1,"2018/06/01 16:35:00","BUTLERSG","9.199999",NA,NA,NA
"D","DISPATCH","UNIT_SCADA",1,"2018/06/01 16:35:00","CALL_A_4","0",NA,NA,NA
"D","DISPATCH","UNIT_SCADA",1,"2018/06/01 16:35:00","CAPTL_WF","30.6120",NA,NA,NA
"D","DISPATCH","UNIT_SCADA",1,"2018/06/01 16:35:00","CATHROCK","9.129999",NA,NA,NA
"D","DISPATCH","UNIT_SCADA",1,"2018/06/01 16:35:00","CHALLHWF","2.10",NA,NA,NA
"D","DISPATCH","UNIT_SCADA",1,"2018/06/01 16:35:00","CLOVER","25.77",NA,NA,NA
"D","DISPATCH","UNIT_SCADA",1,"2018/06/01 16:35:00","CLUNY","9.105516",NA,NA,NA
"D","DISPATCH","UNIT_SCADA",1,"2018/06/01 16:35:00","CNUNDAWF","0.400467",NA,NA,NA
"D","DISPATCH","UNIT_SCADA",1,"2018/06/01 16:35:00","CULLRGWF","6.56",NA,NA,NA
"D","DISPATCH","UNIT_SCADA",1,"2018/06/01 16:35:00","ERGT01","0",NA,NA,NA
"D","DISPATCH","UNIT_SCADA",1,"2018/06/01 16:35:00","GB01","0.044212",NA,NA,NA
"D","DISPATCH","UNIT_SCADA",1,"2018/06/01 16:35:00","GERMCRK","26",NA,NA,NA
"D","DISPATCH","UNIT_SCADA",1,"2018/06/01 16:35:00","GRIFSF1","3.599998",NA,NA,NA
"D","DISPATCH","UNIT_SCADA",1,"2018/06/01 16:35:00","HUGSF1","-0.0130",NA,NA,NA
"D","DISPATCH","UNIT_SCADA",1,"2018/06/01 16:35:00","INVICTA","0",NA,NA,NA
"D","DISPATCH","UNIT_SCADA",1,"2018/06/01 16:35:00","LKBONNY1","-0.360028",NA,NA,NA
"D","DISPATCH","UNIT_SCADA",1,"2018/06/01 16:35:00","LRSF1","6.6740",NA,NA,NA
"D","DISPATCH","UNIT_SCADA",1,"2018/06/01 16:35:00","MBAHNTH","58.912491",NA,NA,NA
"D","DISPATCH","UNIT_SCADA",1,"2018/06/01 16:35:00","MLSP1","0.674001",NA,NA,NA
"D","DISPATCH","UNIT_SCADA",1,"2018/06/01 16:35:00","MLWF1","0",NA,NA,NA
"D","DISPATCH","UNIT_SCADA",1,"2018/06/01 16:35:00","MTMILLAR","4.018308",NA,NA,NA
"D","DISPATCH","UNIT_SCADA",1,"2018/06/01 16:35:00","PALOONA","12.99",NA,NA,NA
"D","DISPATCH","UNIT_SCADA",1,"2018/06/01 16:35:00","PIONEER","-0.90",NA,NA,NA
"D","DISPATCH","UNIT_SCADA",1,"2018/06/01 16:35:00","PORTWF","-0.20",NA,NA,NA
"D","DISPATCH","UNIT_SCADA",1,"2018/06/01 16:35:00","REPULSE","0",NA,NA,NA
"D","DISPATCH","UNIT_SCADA",1,"2018/06/01 16:35:00","ROWALLAN","6.5178",NA,NA,NA
"D","DISPATCH","UNIT_SCADA",1,"2018/06/01 16:35:00","ROYALLA1","0.5270",NA,NA,NA
"D","DISPATCH","UNIT_SCADA",1,"2018/06/01 16:35:00","RPCG","-0.30",NA,NA,NA
"D","DISPATCH","UNIT_SCADA",1,"2018/06/01 16:35:00","RUBICON","0",NA,NA,NA
"D","DISPATCH","UNIT_SCADA",1,"2018/06/01 16:35:00","SMCSF1","14.769166",NA,NA,NA
"D","DISPATCH","UNIT_SCADA",1,"2018/06/01 16:35:00","STARHLWF","2.699213",NA,NA,NA
"D","DISPATCH","UNIT_SCADA",1,"2018/06/01 16:35:00","WAUBRAWF","12.2730",NA,NA,NA
"D","DISPATCH","UNIT_SCADA",1,"2018/06/01 16:35:00","WOOLNTH1","3.800015",NA,NA,NA
"D","DISPATCH","UNIT_SCADA",1,"2018/06/01 16:35:00","WPWF","7",NA,NA,NA
"D","DISPATCH","UNIT_SCADA",1,"2018/06/01 16:35:00","YAMBUKWF","0",NA,NA,NA
"D","DISPATCH","UNIT_SCADA",1,"2018/06/01 16:35:00","YSWF1","2.20",NA,NA,NA
"D","DISPATCH","UNIT_SCADA",1,"2018/06/01 16:40:00","BARCSF1","12.10",NA,NA,NA
"D","DISPATCH","UNIT_SCADA",1,"2018/06/01 16:40:00","BUTLERSG","9.199999",NA,NA,NA
"D","DISPATCH","UNIT_SCADA",1,"2018/06/01 16:40:00","CALL_A_4","0",NA,NA,NA
"D","DISPATCH","UNIT_SCADA",1,"2018/06/01 16:40:00","CAPTL_WF","33.619995",NA,NA,NA
"D","DISPATCH","UNIT_SCADA",1,"2018/06/01 16:40:00","CATHROCK","4.89",NA,NA,NA
"D","DISPATCH","UNIT_SCADA",1,"2018/06/01 16:40:00","CHALLHWF","2.10",NA,NA,NA
"D","DISPATCH","UNIT_SCADA",1,"2018/06/01 16:40:00","CLOVER","25.759998",NA,NA,NA
"D","DISPATCH","UNIT_SCADA",1,"2018/06/01 16:40:00","CLUNY","9.139391",NA,NA,NA
"D","DISPATCH","UNIT_SCADA",1,"2018/06/01 16:40:00","CNUNDAWF","0.400467",NA,NA,NA
"D","DISPATCH","UNIT_SCADA",1,"2018/06/01 16:40:00","CULLRGWF","6.01",NA,NA,NA
"D","DISPATCH","UNIT_SCADA",1,"2018/06/01 16:40:00","ERGT01","0",NA,NA,NA
"D","DISPATCH","UNIT_SCADA",1,"2018/06/01 16:40:00","GB01","0.048195",NA,NA,NA
"D","DISPATCH","UNIT_SCADA",1,"2018/06/01 16:40:00","GERMCRK","25.90",NA,NA,NA
"D","DISPATCH","UNIT_SCADA",1,"2018/06/01 16:40:00","GRIFSF1","2.900002",NA,NA,NA
"D","DISPATCH","UNIT_SCADA",1,"2018/06/01 16:40:00","HUGSF1","-0.0130",NA,NA,NA
"D","DISPATCH","UNIT_SCADA",1,"2018/06/01 16:40:00","INVICTA","0",NA,NA,NA
"D","DISPATCH","UNIT_SCADA",1,"2018/06/01 16:40:00","LKBONNY1","-0.449338",NA,NA,NA
"D","DISPATCH","UNIT_SCADA",1,"2018/06/01 16:40:00","LRSF1","5.9870",NA,NA,NA
"D","DISPATCH","UNIT_SCADA",1,"2018/06/01 16:40:00","MBAHNTH","57.975006",NA,NA,NA
"D","DISPATCH","UNIT_SCADA",1,"2018/06/01 16:40:00","MLSP1","0.274001",NA,NA,NA
"D","DISPATCH","UNIT_SCADA",1,"2018/06/01 16:40:00","MLWF1","0",NA,NA,NA
"D","DISPATCH","UNIT_SCADA",1,"2018/06/01 16:40:00","MTMILLAR","4.055515",NA,NA,NA
"D","DISPATCH","UNIT_SCADA",1,"2018/06/01 16:40:00","PALOONA","12.99",NA,NA,NA
"D","DISPATCH","UNIT_SCADA",1,"2018/06/01 16:40:00","PIONEER","-0.90",NA,NA,NA
"D","DISPATCH","UNIT_SCADA",1,"2018/06/01 16:40:00","PORTWF","-0.30",NA,NA,NA
"D","DISPATCH","UNIT_SCADA",1,"2018/06/01 16:40:00","REPULSE","0",NA,NA,NA
"D","DISPATCH","UNIT_SCADA",1,"2018/06/01 16:40:00","ROWALLAN","6.3545",NA,NA,NA
"D","DISPATCH","UNIT_SCADA",1,"2018/06/01 16:40:00","ROYALLA1","0.4480",NA,NA,NA
"D","DISPATCH","UNIT_SCADA",1,"2018/06/01 16:40:00","RPCG","-0.30",NA,NA,NA
"D","DISPATCH","UNIT_SCADA",1,"2018/06/01 16:40:00","RUBICON","0",NA,NA,NA
"D","DISPATCH","UNIT_SCADA",1,"2018/06/01 16:40:00","SMCSF1","13.392663",NA,NA,NA
"D","DISPATCH","UNIT_SCADA",1,"2018/06/01 16:40:00","STARHLWF","3.099096",NA,NA,NA
"D","DISPATCH","UNIT_SCADA",1,"2018/06/01 16:40:00","WAUBRAWF","13.5870",NA,NA,NA
"D","DISPATCH","UNIT_SCADA",1,"2018/06/01 16:40:00","WOOLNTH1","3.420015",NA,NA,NA
"D","DISPATCH","UNIT_SCADA",1,"2018/06/01 16:40:00","WPWF","8",NA,NA,NA
"D","DISPATCH","UNIT_SCADA",1,"2018/06/01 16:40:00","YAMBUKWF","-0.10",NA,NA,NA
"D","DISPATCH","UNIT_SCADA",1,"2018/06/01 16:40:00","YSWF1","2.20",NA,NA,NA
"D","DISPATCH","UNIT_SCADA",1,"2018/06/01 16:45:00","BARCSF1","12.10",NA,NA,NA
"D","DISPATCH","UNIT_SCADA",1,"2018/06/01 16:45:00","BUTLERSG","9.199999",NA,NA,NA
"D","DISPATCH","UNIT_SCADA",1,"2018/06/01 16:45:00","CALL_A_4","0",NA,NA,NA
"D","DISPATCH","UNIT_SCADA",1,"2018/06/01 16:45:00","CAPTL_WF","35",NA,NA,NA
"D","DISPATCH","UNIT_SCADA",1,"2018/06/01 16:45:00","CATHROCK","5.93",NA,NA,NA
"D","DISPATCH","UNIT_SCADA",1,"2018/06/01 16:45:00","CHALLHWF","2.10",NA,NA,NA
"D","DISPATCH","UNIT_SCADA",1,"2018/06/01 16:45:00","CLOVER","25.76",NA,NA,NA
"D","DISPATCH","UNIT_SCADA",1,"2018/06/01 16:45:00","CLUNY","9.120165",NA,NA,NA
"D","DISPATCH","UNIT_SCADA",1,"2018/06/01 16:45:00","CNUNDAWF","0.400467",NA,NA,NA
"D","DISPATCH","UNIT_SCADA",1,"2018/06/01 17:00:00","CAPTL_WF","62.259995",NA,NA,NA
"D","DISPATCH","UNIT_SCADA",1,"2018/06/01 17:00:00","BARCSF1","7.30",NA,NA,NA
"D","DISPATCH","UNIT_SCADA",1,"2018/06/01 17:00:00","BUTLERSG","9.199999",NA,NA,NA
"D","DISPATCH","UNIT_SCADA",1,"2018/06/01 17:00:00","CALL_A_4","0",NA,NA,NA
"D","DISPATCH","UNIT_SCADA",1,"2018/06/01 17:00:00","CATHROCK","6.22",NA,NA,NA
"D","DISPATCH","UNIT_SCADA",1,"2018/06/01 17:00:00","CHALLHWF","2.30",NA,NA,NA
"D","DISPATCH","UNIT_SCADA",1,"2018/06/01 17:00:00","CLOVER","25.709999",NA,NA,NA
"D","DISPATCH","UNIT_SCADA",1,"2018/06/01 17:00:00","CLUNY","9.020370",NA,NA,NA
"D","DISPATCH","UNIT_SCADA",1,"2018/06/01 17:00:00","CNUNDAWF","0.200234",NA,NA,NA
"D","DISPATCH","UNIT_SCADA",1,"2018/06/01 17:00:00","CULLRGWF","6.36",NA,NA,NA
"D","DISPATCH","UNIT_SCADA",1,"2018/06/01 17:00:00","ERGT01","0",NA,NA,NA
"D","DISPATCH","UNIT_SCADA",1,"2018/06/01 17:00:00","GB01","0.048195",NA,NA,NA
"D","DISPATCH","UNIT_SCADA",1,"2018/06/01 17:00:00","GERMCRK","32.900002",NA,NA,NA
"D","DISPATCH","UNIT_SCADA",1,"2018/06/01 17:00:00","GRIFSF1","0.600006",NA,NA,NA
"D","DISPATCH","UNIT_SCADA",1,"2018/06/01 17:00:00","HUGSF1","-0.0130",NA,NA,NA
"D","DISPATCH","UNIT_SCADA",1,"2018/06/01 17:00:00","INVICTA","0",NA,NA,NA
"D","DISPATCH","UNIT_SCADA",1,"2018/06/01 17:00:00","LKBONNY1","1.161022",NA,NA,NA
"D","DISPATCH","UNIT_SCADA",1,"2018/06/01 17:00:00","LRSF1","3.5760",NA,NA,NA
"D","DISPATCH","UNIT_SCADA",1,"2018/06/01 17:00:00","MBAHNTH","52.968750",NA,NA,NA
"D","DISPATCH","UNIT_SCADA",1,"2018/06/01 17:00:00","MLSP1","0.274001",NA,NA,NA
"D","DISPATCH","UNIT_SCADA",1,"2018/06/01 17:00:00","MLWF1","0",NA,NA,NA
"D","DISPATCH","UNIT_SCADA",1,"2018/06/01 17:00:00","MTMILLAR","4.494552",NA,NA,NA
"D","DISPATCH","UNIT_SCADA",1,"2018/06/01 17:00:00","PALOONA","12.99",NA,NA,NA
"D","DISPATCH","UNIT_SCADA",1,"2018/06/01 17:00:00","PIONEER","-0.90",NA,NA,NA
"D","DISPATCH","UNIT_SCADA",1,"2018/06/01 17:00:00","PORTWF","-0.20",NA,NA,NA
"D","DISPATCH","UNIT_SCADA",1,"2018/06/01 17:00:00","REPULSE","0",NA,NA,NA
"D","DISPATCH","UNIT_SCADA",1,"2018/06/01 17:00:00","ROWALLAN","6.6669",NA,NA,NA
"D","DISPATCH","UNIT_SCADA",1,"2018/06/01 17:00:00","ROYALLA1","0",NA,NA,NA
"D","DISPATCH","UNIT_SCADA",1,"2018/06/01 17:00:00","RPCG","-0.30",NA,NA,NA
"D","DISPATCH","UNIT_SCADA",1,"2018/06/01 17:00:00","RUBICON","0",NA,NA,NA
"D","DISPATCH","UNIT_SCADA",1,"2018/06/01 17:00:00","SMCSF1","6.944540",NA,NA,NA
"D","DISPATCH","UNIT_SCADA",1,"2018/06/01 17:00:00","STARHLWF","2.799184",NA,NA,NA
"D","DISPATCH","UNIT_SCADA",1,"2018/06/01 17:00:00","WAUBRAWF","17.8790",NA,NA,NA
"D","DISPATCH","UNIT_SCADA",1,"2018/06/01 17:00:00","WOOLNTH1","2.100015",NA,NA,NA
"D","DISPATCH","UNIT_SCADA",1,"2018/06/01 17:00:00","WPWF","6",NA,NA,NA
"D","DISPATCH","UNIT_SCADA",1,"2018/06/01 17:00:00","YAMBUKWF","0",NA,NA,NA
"D","DISPATCH","UNIT_SCADA",1,"2018/06/01 17:00:00","YSWF1","2.10",NA,NA,NA
"D","DISPATCH","UNIT_SCADA",1,"2018/06/01 16:45:00","CULLRGWF","6.35",NA,NA,NA
"D","DISPATCH","UNIT_SCADA",1,"2018/06/01 16:45:00","ERGT01","0",NA,NA,NA
"D","DISPATCH","UNIT_SCADA",1,"2018/06/01 16:45:00","GB01","0.048195",NA,NA,NA
"D","DISPATCH","UNIT_SCADA",1,"2018/06/01 16:45:00","GERMCRK","25.799999",NA,NA,NA
"D","DISPATCH","UNIT_SCADA",1,"2018/06/01 16:45:00","GRIFSF1","3.199997",NA,NA,NA
"D","DISPATCH","UNIT_SCADA",1,"2018/06/01 16:45:00","HUGSF1","-0.0130",NA,NA,NA
"D","DISPATCH","UNIT_SCADA",1,"2018/06/01 16:45:00","INVICTA","0",NA,NA,NA
"D","DISPATCH","UNIT_SCADA",1,"2018/06/01 16:45:00","LKBONNY1","-0.449338",NA,NA,NA
"D","DISPATCH","UNIT_SCADA",1,"2018/06/01 16:45:00","LRSF1","5.4390",NA,NA,NA
"D","DISPATCH","UNIT_SCADA",1,"2018/06/01 16:45:00","MBAHNTH","57.975006",NA,NA,NA
"D","DISPATCH","UNIT_SCADA",1,"2018/06/01 16:45:00","MLSP1","0.274001",NA,NA,NA
"D","DISPATCH","UNIT_SCADA",1,"2018/06/01 16:45:00","MLWF1","0",NA,NA,NA
"D","DISPATCH","UNIT_SCADA",1,"2018/06/01 16:45:00","MTMILLAR","4.338284",NA,NA,NA
"D","DISPATCH","UNIT_SCADA",1,"2018/06/01 16:45:00","PALOONA","13.11",NA,NA,NA
"D","DISPATCH","UNIT_SCADA",1,"2018/06/01 16:45:00","PIONEER","-0.90",NA,NA,NA
"D","DISPATCH","UNIT_SCADA",1,"2018/06/01 16:45:00","PORTWF","-0.30",NA,NA,NA
"D","DISPATCH","UNIT_SCADA",1,"2018/06/01 16:45:00","REPULSE","0",NA,NA,NA
"D","DISPATCH","UNIT_SCADA",1,"2018/06/01 16:45:00","ROWALLAN","6.5462",NA,NA,NA
"D","DISPATCH","UNIT_SCADA",1,"2018/06/01 16:45:00","ROYALLA1","0.3510",NA,NA,NA
"D","DISPATCH","UNIT_SCADA",1,"2018/06/01 16:45:00","RPCG","-0.30",NA,NA,NA
"D","DISPATCH","UNIT_SCADA",1,"2018/06/01 16:45:00","RUBICON","0",NA,NA,NA
"D","DISPATCH","UNIT_SCADA",1,"2018/06/01 16:45:00","SMCSF1","11.941068",NA,NA,NA
"D","DISPATCH","UNIT_SCADA",1,"2018/06/01 16:45:00","STARHLWF","2.299330",NA,NA,NA
"D","DISPATCH","UNIT_SCADA",1,"2018/06/01 16:45:00","WAUBRAWF","14.7750",NA,NA,NA
"D","DISPATCH","UNIT_SCADA",1,"2018/06/01 16:45:00","WOOLNTH1","2.500015",NA,NA,NA
"D","DISPATCH","UNIT_SCADA",1,"2018/06/01 16:45:00","WPWF","7",NA,NA,NA
"D","DISPATCH","UNIT_SCADA",1,"2018/06/01 16:45:00","YAMBUKWF","0",NA,NA,NA
"D","DISPATCH","UNIT_SCADA",1,"2018/06/01 16:45:00","YSWF1","2.80",NA,NA,NA
"D","DISPATCH","UNIT_SCADA",1,"2018/06/01 16:50:00","BARCSF1","10.300001",NA,NA,NA
"D","DISPATCH","UNIT_SCADA",1,"2018/06/01 16:50:00","BUTLERSG","9.199999",NA,NA,NA
"D","DISPATCH","UNIT_SCADA",1,"2018/06/01 16:50:00","CALL_A_4","0",NA,NA,NA
"D","DISPATCH","UNIT_SCADA",1,"2018/06/01 16:50:00","CAPTL_WF","44.299995",NA,NA,NA
"D","DISPATCH","UNIT_SCADA",1,"2018/06/01 16:50:00","CATHROCK","5.77",NA,NA,NA
"D","DISPATCH","UNIT_SCADA",1,"2018/06/01 16:50:00","CHALLHWF","1.90",NA,NA,NA
"D","DISPATCH","UNIT_SCADA",1,"2018/06/01 16:50:00","CLOVER","25.73",NA,NA,NA
"D","DISPATCH","UNIT_SCADA",1,"2018/06/01 16:50:00","CLUNY","8.991074",NA,NA,NA
"D","DISPATCH","UNIT_SCADA",1,"2018/06/01 16:50:00","CNUNDAWF","0.400467",NA,NA,NA
"D","DISPATCH","UNIT_SCADA",1,"2018/06/01 16:50:00","CULLRGWF","6.06",NA,NA,NA
"D","DISPATCH","UNIT_SCADA",1,"2018/06/01 16:50:00","ERGT01","0",NA,NA,NA
"D","DISPATCH","UNIT_SCADA",1,"2018/06/01 16:50:00","GB01","0.048195",NA,NA,NA
"D","DISPATCH","UNIT_SCADA",1,"2018/06/01 16:50:00","GERMCRK","26.90",NA,NA,NA
"D","DISPATCH","UNIT_SCADA",1,"2018/06/01 16:50:00","GRIFSF1","2.300003",NA,NA,NA
"D","DISPATCH","UNIT_SCADA",1,"2018/06/01 16:50:00","HUGSF1","-0.0130",NA,NA,NA
"D","DISPATCH","UNIT_SCADA",1,"2018/06/01 16:50:00","INVICTA","0",NA,NA,NA
"D","DISPATCH","UNIT_SCADA",1,"2018/06/01 16:50:00","LKBONNY1","0.357237",NA,NA,NA
"D","DISPATCH","UNIT_SCADA",1,"2018/06/01 16:50:00","LRSF1","4.7390",NA,NA,NA
"D","DISPATCH","UNIT_SCADA",1,"2018/06/01 16:50:00","MBAHNTH","57.975006",NA,NA,NA
"D","DISPATCH","UNIT_SCADA",1,"2018/06/01 16:50:00","MLSP1","0.274001",NA,NA,NA
"D","DISPATCH","UNIT_SCADA",1,"2018/06/01 16:50:00","MLWF1","0",NA,NA,NA
"D","DISPATCH","UNIT_SCADA",1,"2018/06/01 16:50:00","MTMILLAR","4.338284",NA,NA,NA
"D","DISPATCH","UNIT_SCADA",1,"2018/06/01 16:50:00","PALOONA","12.889999",NA,NA,NA
"D","DISPATCH","UNIT_SCADA",1,"2018/06/01 16:50:00","PIONEER","-0.90",NA,NA,NA
"D","DISPATCH","UNIT_SCADA",1,"2018/06/01 16:50:00","PORTWF","-0.30",NA,NA,NA
"D","DISPATCH","UNIT_SCADA",1,"2018/06/01 16:50:00","REPULSE","0",NA,NA,NA
"D","DISPATCH","UNIT_SCADA",1,"2018/06/01 16:50:00","ROWALLAN","6.3261",NA,NA,NA
"D","DISPATCH","UNIT_SCADA",1,"2018/06/01 16:50:00","ROYALLA1","0.1370",NA,NA,NA
"D","DISPATCH","UNIT_SCADA",1,"2018/06/01 16:50:00","RPCG","-0.30",NA,NA,NA
"D","DISPATCH","UNIT_SCADA",1,"2018/06/01 16:50:00","RUBICON","0",NA,NA,NA
"D","DISPATCH","UNIT_SCADA",1,"2018/06/01 16:50:00","SMCSF1","10.477060",NA,NA,NA
"D","DISPATCH","UNIT_SCADA",1,"2018/06/01 16:50:00","STARHLWF","1.999417",NA,NA,NA
"D","DISPATCH","UNIT_SCADA",1,"2018/06/01 16:50:00","WAUBRAWF","16.422001",NA,NA,NA
"D","DISPATCH","UNIT_SCADA",1,"2018/06/01 16:50:00","WOOLNTH1","2.310015",NA,NA,NA
"D","DISPATCH","UNIT_SCADA",1,"2018/06/01 16:50:00","WPWF","6",NA,NA,NA
"D","DISPATCH","UNIT_SCADA",1,"2018/06/01 16:50:00","YAMBUKWF","0",NA,NA,NA
"D","DISPATCH","UNIT_SCADA",1,"2018/06/01 16:50:00","YSWF1","2.70",NA,NA,NA
"D","DISPATCH","UNIT_SCADA",1,"2018/06/01 16:55:00","BARCSF1","8.50",NA,NA,NA
"D","DISPATCH","UNIT_SCADA",1,"2018/06/01 16:55:00","BUTLERSG","9.199999",NA,NA,NA
"D","DISPATCH","UNIT_SCADA",1,"2018/06/01 16:55:00","CALL_A_4","0",NA,NA,NA
"D","DISPATCH","UNIT_SCADA",1,"2018/06/01 16:55:00","CAPTL_WF","50.860001",NA,NA,NA
"D","DISPATCH","UNIT_SCADA",1,"2018/06/01 16:55:00","CATHROCK","7.23",NA,NA,NA
"D","DISPATCH","UNIT_SCADA",1,"2018/06/01 16:55:00","CHALLHWF","2",NA,NA,NA
"D","DISPATCH","UNIT_SCADA",1,"2018/06/01 16:55:00","CLOVER","25.759998",NA,NA,NA
"D","DISPATCH","UNIT_SCADA",1,"2018/06/01 16:55:00","CLUNY","9.024948",NA,NA,NA
"D","DISPATCH","UNIT_SCADA",1,"2018/06/01 16:55:00","CNUNDAWF","0.600701",NA,NA,NA
"D","DISPATCH","UNIT_SCADA",1,"2018/06/01 16:55:00","CULLRGWF","5.90",NA,NA,NA
"D","DISPATCH","UNIT_SCADA",1,"2018/06/01 16:55:00","ERGT01","0",NA,NA,NA
"D","DISPATCH","UNIT_SCADA",1,"2018/06/01 16:55:00","GB01","0.048195",NA,NA,NA
"D","DISPATCH","UNIT_SCADA",1,"2018/06/01 16:55:00","GERMCRK","29.40",NA,NA,NA
"D","DISPATCH","UNIT_SCADA",1,"2018/06/01 16:55:00","GRIFSF1","0.699997",NA,NA,NA
"D","DISPATCH","UNIT_SCADA",1,"2018/06/01 16:55:00","HUGSF1","-0.0130",NA,NA,NA
"D","DISPATCH","UNIT_SCADA",1,"2018/06/01 16:55:00","INVICTA","0",NA,NA,NA
"D","DISPATCH","UNIT_SCADA",1,"2018/06/01 16:55:00","LKBONNY1","1.071712",NA,NA,NA
"D","DISPATCH","UNIT_SCADA",1,"2018/06/01 16:55:00","LRSF1","4.09",NA,NA,NA
"D","DISPATCH","UNIT_SCADA",1,"2018/06/01 16:55:00","MBAHNTH","52.968750",NA,NA,NA
"D","DISPATCH","UNIT_SCADA",1,"2018/06/01 16:55:00","MLSP1","0.274001",NA,NA,NA
"D","DISPATCH","UNIT_SCADA",1,"2018/06/01 16:55:00","MLWF1","0",NA,NA,NA
"D","DISPATCH","UNIT_SCADA",1,"2018/06/01 16:55:00","MTMILLAR","3.869482",NA,NA,NA
"D","DISPATCH","UNIT_SCADA",1,"2018/06/01 16:55:00","PALOONA","13.07",NA,NA,NA
"D","DISPATCH","UNIT_SCADA",1,"2018/06/01 16:55:00","PIONEER","-0.90",NA,NA,NA
"D","DISPATCH","UNIT_SCADA",1,"2018/06/01 16:55:00","PORTWF","-0.30",NA,NA,NA
"D","DISPATCH","UNIT_SCADA",1,"2018/06/01 16:55:00","REPULSE","0",NA,NA,NA
"D","DISPATCH","UNIT_SCADA",1,"2018/06/01 16:55:00","ROWALLAN","6.8657",NA,NA,NA
"D","DISPATCH","UNIT_SCADA",1,"2018/06/01 16:55:00","ROYALLA1","0",NA,NA,NA
"D","DISPATCH","UNIT_SCADA",1,"2018/06/01 16:55:00","RPCG","-0.30",NA,NA,NA
"D","DISPATCH","UNIT_SCADA",1,"2018/06/01 16:55:00","RUBICON","0",NA,NA,NA
"D","DISPATCH","UNIT_SCADA",1,"2018/06/01 16:55:00","SMCSF1","9.072155",NA,NA,NA
"D","DISPATCH","UNIT_SCADA",1,"2018/06/01 16:55:00","STARHLWF","2.3993",NA,NA,NA
"D","DISPATCH","UNIT_SCADA",1,"2018/06/01 16:55:00","WAUBRAWF","16.7160",NA,NA,NA
"D","DISPATCH","UNIT_SCADA",1,"2018/06/01 16:55:00","WOOLNTH1","2.130015",NA,NA,NA
"D","DISPATCH","UNIT_SCADA",1,"2018/06/01 16:55:00","WPWF","6",NA,NA,NA
"D","DISPATCH","UNIT_SCADA",1,"2018/06/01 16:55:00","YAMBUKWF","0.10",NA,NA,NA
"D","DISPATCH","UNIT_SCADA",1,"2018/06/01 16:55:00","YSWF1","2.50",NA,NA,NA
"D","DISPATCH","UNIT_SCADA",1,"2018/06/01 17:05:00","BARCSF1","6.10",NA,NA,NA
"D","DISPATCH","UNIT_SCADA",1,"2018/06/01 17:05:00","BUTLERSG","9.199999",NA,NA,NA
"D","DISPATCH","UNIT_SCADA",1,"2018/06/01 17:05:00","CALL_A_4","0",NA,NA,NA
"D","DISPATCH","UNIT_SCADA",1,"2018/06/01 17:05:00","CAPTL_WF","56.50",NA,NA,NA
"D","DISPATCH","UNIT_SCADA",1,"2018/06/01 17:05:00","CATHROCK","6.76",NA,NA,NA
"D","DISPATCH","UNIT_SCADA",1,"2018/06/01 17:05:00","CHALLHWF","2.50",NA,NA,NA
"D","DISPATCH","UNIT_SCADA",1,"2018/06/01 17:05:00","CLOVER","25.76",NA,NA,NA
"D","DISPATCH","UNIT_SCADA",1,"2018/06/01 17:05:00","CLUNY","9.072556",NA,NA,NA
"D","DISPATCH","UNIT_SCADA",1,"2018/06/01 17:05:00","CNUNDAWF","0.200234",NA,NA,NA
"D","DISPATCH","UNIT_SCADA",1,"2018/06/01 17:05:00","CULLRGWF","3.53",NA,NA,NA
"D","DISPATCH","UNIT_SCADA",1,"2018/06/01 17:05:00","ERGT01","0",NA,NA,NA
"D","DISPATCH","UNIT_SCADA",1,"2018/06/01 17:05:00","GB01","0.048195",NA,NA,NA
"D","DISPATCH","UNIT_SCADA",1,"2018/06/01 17:05:00","GERMCRK","32.900002",NA,NA,NA
"D","DISPATCH","UNIT_SCADA",1,"2018/06/01 17:05:00","GRIFSF1","0.399994",NA,NA,NA
"D","DISPATCH","UNIT_SCADA",1,"2018/06/01 17:05:00","HUGSF1","-0.0130",NA,NA,NA
"D","DISPATCH","UNIT_SCADA",1,"2018/06/01 17:05:00","INVICTA","0",NA,NA,NA
"D","DISPATCH","UNIT_SCADA",1,"2018/06/01 17:05:00","LKBONNY1","0.803784",NA,NA,NA
"D","DISPATCH","UNIT_SCADA",1,"2018/06/01 17:05:00","LRSF1","2.7440",NA,NA,NA
"D","DISPATCH","UNIT_SCADA",1,"2018/06/01 17:05:00","MBAHNTH","55.1250",NA,NA,NA
"D","DISPATCH","UNIT_SCADA",1,"2018/06/01 17:05:00","MLSP1","0.274001",NA,NA,NA
"D","DISPATCH","UNIT_SCADA",1,"2018/06/01 17:05:00","MLWF1","0.27",NA,NA,NA
"D","DISPATCH","UNIT_SCADA",1,"2018/06/01 17:05:00","MTMILLAR","5.290772",NA,NA,NA
"D","DISPATCH","UNIT_SCADA",1,"2018/06/01 17:05:00","PALOONA","12.99",NA,NA,NA
"D","DISPATCH","UNIT_SCADA",1,"2018/06/01 17:05:00","PIONEER","-0.90",NA,NA,NA
"D","DISPATCH","UNIT_SCADA",1,"2018/06/01 17:05:00","PORTWF","-0.30",NA,NA,NA
"D","DISPATCH","UNIT_SCADA",1,"2018/06/01 17:05:00","REPULSE","0",NA,NA,NA
"D","DISPATCH","UNIT_SCADA",1,"2018/06/01 17:05:00","ROWALLAN","6.5178",NA,NA,NA
"D","DISPATCH","UNIT_SCADA",1,"2018/06/01 17:05:00","ROYALLA1","0",NA,NA,NA
"D","DISPATCH","UNIT_SCADA",1,"2018/06/01 17:05:00","RPCG","-0.30",NA,NA,NA
"D","DISPATCH","UNIT_SCADA",1,"2018/06/01 17:05:00","RUBICON","0",NA,NA,NA
"D","DISPATCH","UNIT_SCADA",1,"2018/06/01 17:05:00","SMCSF1","5.739171",NA,NA,NA
"D","DISPATCH","UNIT_SCADA",1,"2018/06/01 17:05:00","STARHLWF","2.299330",NA,NA,NA
"D","DISPATCH","UNIT_SCADA",1,"2018/06/01 17:05:00","WAUBRAWF","17.103001",NA,NA,NA
"D","DISPATCH","UNIT_SCADA",1,"2018/06/01 17:05:00","WOOLNTH1","2.420015",NA,NA,NA
"D","DISPATCH","UNIT_SCADA",1,"2018/06/01 17:05:00","WPWF","5",NA,NA,NA
"D","DISPATCH","UNIT_SCADA",1,"2018/06/01 17:05:00","YAMBUKWF","0",NA,NA,NA
"D","DISPATCH","UNIT_SCADA",1,"2018/06/01 17:05:00","YSWF1","2.60",NA,NA,NA
"D","DISPATCH","UNIT_SCADA",1,"2018/06/01 17:10:00","BARCSF1","4.80",NA,NA,NA
"D","DISPATCH","UNIT_SCADA",1,"2018/06/01 17:10:00","BUTLERSG","9.199999",NA,NA,NA
"D","DISPATCH","UNIT_SCADA",1,"2018/06/01 17:10:00","CALL_A_4","0",NA,NA,NA
"D","DISPATCH","UNIT_SCADA",1,"2018/06/01 17:10:00","CAPTL_WF","52.8880",NA,NA,NA
"D","DISPATCH","UNIT_SCADA",1,"2018/06/01 17:10:00","CATHROCK","6.05",NA,NA,NA
"D","DISPATCH","UNIT_SCADA",1,"2018/06/01 17:10:00","CHALLHWF","2.70",NA,NA,NA
"D","DISPATCH","UNIT_SCADA",1,"2018/06/01 17:10:00","CLOVER","25.709999",NA,NA,NA
"D","DISPATCH","UNIT_SCADA",1,"2018/06/01 17:10:00","CLUNY","9.020370",NA,NA,NA
"D","DISPATCH","UNIT_SCADA",1,"2018/06/01 17:10:00","CNUNDAWF","0.200234",NA,NA,NA
"D","DISPATCH","UNIT_SCADA",1,"2018/06/01 17:10:00","CULLRGWF","4.56",NA,NA,NA
"D","DISPATCH","UNIT_SCADA",1,"2018/06/01 17:10:00","ERGT01","0",NA,NA,NA
"D","DISPATCH","UNIT_SCADA",1,"2018/06/01 17:10:00","GB01","0.048195",NA,NA,NA
"D","DISPATCH","UNIT_SCADA",1,"2018/06/01 17:10:00","GERMCRK","31.700001",NA,NA,NA
"D","DISPATCH","UNIT_SCADA",1,"2018/06/01 17:10:00","GRIFSF1","0.199997",NA,NA,NA
"D","DISPATCH","UNIT_SCADA",1,"2018/06/01 17:10:00","HUGSF1","-0.0130",NA,NA,NA
"D","DISPATCH","UNIT_SCADA",1,"2018/06/01 17:10:00","INVICTA","0",NA,NA,NA
"D","DISPATCH","UNIT_SCADA",1,"2018/06/01 17:10:00","LKBONNY1","0.535856",NA,NA,NA
"D","DISPATCH","UNIT_SCADA",1,"2018/06/01 17:10:00","LRSF1","2.3220",NA,NA,NA
"D","DISPATCH","UNIT_SCADA",1,"2018/06/01 17:10:00","MBAHNTH","55.1250",NA,NA,NA
"D","DISPATCH","UNIT_SCADA",1,"2018/06/01 17:10:00","MLSP1","0.274001",NA,NA,NA
"D","DISPATCH","UNIT_SCADA",1,"2018/06/01 17:10:00","MLWF1","0.3750",NA,NA,NA
"D","DISPATCH","UNIT_SCADA",1,"2018/06/01 17:10:00","MTMILLAR","5.491688",NA,NA,NA
"D","DISPATCH","UNIT_SCADA",1,"2018/06/01 17:10:00","PALOONA","12.99",NA,NA,NA
"D","DISPATCH","UNIT_SCADA",1,"2018/06/01 17:10:00","PIONEER","-0.90",NA,NA,NA
"D","DISPATCH","UNIT_SCADA",1,"2018/06/01 17:10:00","PORTWF","-0.40",NA,NA,NA
"D","DISPATCH","UNIT_SCADA",1,"2018/06/01 17:10:00","REPULSE","0",NA,NA,NA
"D","DISPATCH","UNIT_SCADA",1,"2018/06/01 17:10:00","ROWALLAN","6.5249",NA,NA,NA
"D","DISPATCH","UNIT_SCADA",1,"2018/06/01 17:10:00","ROYALLA1","0",NA,NA,NA
"D","DISPATCH","UNIT_SCADA",1,"2018/06/01 17:10:00","RPCG","-0.30",NA,NA,NA
"D","DISPATCH","UNIT_SCADA",1,"2018/06/01 17:10:00","RUBICON","0",NA,NA,NA
"D","DISPATCH","UNIT_SCADA",1,"2018/06/01 17:10:00","SMCSF1","4.690006",NA,NA,NA
"D","DISPATCH","UNIT_SCADA",1,"2018/06/01 17:10:00","STARHLWF","2.599242",NA,NA,NA
"D","DISPATCH","UNIT_SCADA",1,"2018/06/01 17:10:00","WAUBRAWF","17.2020",NA,NA,NA
"D","DISPATCH","UNIT_SCADA",1,"2018/06/01 17:10:00","WOOLNTH1","1.980015",NA,NA,NA
"D","DISPATCH","UNIT_SCADA",1,"2018/06/01 17:10:00","WPWF","4",NA,NA,NA
"D","DISPATCH","UNIT_SCADA",1,"2018/06/01 17:10:00","YAMBUKWF","0",NA,NA,NA
"D","DISPATCH","UNIT_SCADA",1,"2018/06/01 17:10:00","YSWF1","2.70",NA,NA,NA
"D","DISPATCH","UNIT_SCADA",1,"2018/06/01 17:15:00","BARCSF1","4.80",NA,NA,NA
"D","DISPATCH","UNIT_SCADA",1,"2018/06/01 17:15:00","BUTLERSG","9.199999",NA,NA,NA
"D","DISPATCH","UNIT_SCADA",1,"2018/06/01 17:15:00","CALL_A_4","0",NA,NA,NA
"D","DISPATCH","UNIT_SCADA",1,"2018/06/01 17:15:00","CAPTL_WF","52.300003",NA,NA,NA
"D","DISPATCH","UNIT_SCADA",1,"2018/06/01 17:15:00","CATHROCK","5.72",NA,NA,NA
"D","DISPATCH","UNIT_SCADA",1,"2018/06/01 17:15:00","CHALLHWF","3",NA,NA,NA
"D","DISPATCH","UNIT_SCADA",1,"2018/06/01 17:15:00","CLOVER","25.68",NA,NA,NA
"D","DISPATCH","UNIT_SCADA",1,"2018/06/01 17:15:00","CLUNY","9.044175",NA,NA,NA
"D","DISPATCH","UNIT_SCADA",1,"2018/06/01 17:15:00","CNUNDAWF","0.200234",NA,NA,NA
"D","DISPATCH","UNIT_SCADA",1,"2018/06/01 17:15:00","CULLRGWF","5.26",NA,NA,NA
"D","DISPATCH","UNIT_SCADA",1,"2018/06/01 17:15:00","ERGT01","0",NA,NA,NA
"D","DISPATCH","UNIT_SCADA",1,"2018/06/01 17:15:00","GB01","0.048195",NA,NA,NA
"D","DISPATCH","UNIT_SCADA",1,"2018/06/01 17:15:00","GERMCRK","30.799999",NA,NA,NA
"D","DISPATCH","UNIT_SCADA",1,"2018/06/01 17:15:00","GRIFSF1","0.100006",NA,NA,NA
"D","DISPATCH","UNIT_SCADA",1,"2018/06/01 17:15:00","HUGSF1","-0.0130",NA,NA,NA
"D","DISPATCH","UNIT_SCADA",1,"2018/06/01 17:15:00","INVICTA","0",NA,NA,NA
"D","DISPATCH","UNIT_SCADA",1,"2018/06/01 17:15:00","LKBONNY1","0.982403",NA,NA,NA
"D","DISPATCH","UNIT_SCADA",1,"2018/06/01 17:15:00","LRSF1","1.7490",NA,NA,NA
"D","DISPATCH","UNIT_SCADA",1,"2018/06/01 17:15:00","MBAHNTH","55.1250",NA,NA,NA
"D","DISPATCH","UNIT_SCADA",1,"2018/06/01 17:15:00","MLSP1","0.274001",NA,NA,NA
"D","DISPATCH","UNIT_SCADA",1,"2018/06/01 17:15:00","MLWF1","0.57",NA,NA,NA
"D","DISPATCH","UNIT_SCADA",1,"2018/06/01 17:15:00","MTMILLAR","5.990256",NA,NA,NA
"D","DISPATCH","UNIT_SCADA",1,"2018/06/01 17:15:00","PALOONA","12.99",NA,NA,NA
"D","DISPATCH","UNIT_SCADA",1,"2018/06/01 17:15:00","PIONEER","-0.90",NA,NA,NA
"D","DISPATCH","UNIT_SCADA",1,"2018/06/01 17:15:00","PORTWF","-0.30",NA,NA,NA
"D","DISPATCH","UNIT_SCADA",1,"2018/06/01 17:15:00","REPULSE","0",NA,NA,NA
"D","DISPATCH","UNIT_SCADA",1,"2018/06/01 17:15:00","ROWALLAN","6.5604",NA,NA,NA
"D","DISPATCH","UNIT_SCADA",1,"2018/06/01 17:15:00","ROYALLA1","0",NA,NA,NA
"D","DISPATCH","UNIT_SCADA",1,"2018/06/01 17:15:00","RPCG","-0.30",NA,NA,NA
"D","DISPATCH","UNIT_SCADA",1,"2018/06/01 17:15:00","RUBICON","0",NA,NA,NA
"D","DISPATCH","UNIT_SCADA",1,"2018/06/01 17:15:00","SMCSF1","3.535746",NA,NA,NA
"D","DISPATCH","UNIT_SCADA",1,"2018/06/01 17:15:00","STARHLWF","2.599242",NA,NA,NA
"D","DISPATCH","UNIT_SCADA",1,"2018/06/01 17:15:00","WAUBRAWF","18.0830",NA,NA,NA
"D","DISPATCH","UNIT_SCADA",1,"2018/06/01 17:15:00","WOOLNTH1","1.880015",NA,NA,NA
"D","DISPATCH","UNIT_SCADA",1,"2018/06/01 17:15:00","WPWF","3",NA,NA,NA
"D","DISPATCH","UNIT_SCADA",1,"2018/06/01 17:15:00","YAMBUKWF","0",NA,NA,NA
"D","DISPATCH","UNIT_SCADA",1,"2018/06/01 17:15:00","YSWF1","3",NA,NA,NA
"D","DISPATCH","UNIT_SCADA",1,"2018/06/01 17:20:00","BARCSF1","2.20",NA,NA,NA
"D","DISPATCH","UNIT_SCADA",1,"2018/06/01 17:20:00","BUTLERSG","9.199999",NA,NA,NA
"D","DISPATCH","UNIT_SCADA",1,"2018/06/01 17:20:00","CALL_A_4","0",NA,NA,NA
"D","DISPATCH","UNIT_SCADA",1,"2018/06/01 17:20:00","CAPTL_WF","49.479996",NA,NA,NA
"D","DISPATCH","UNIT_SCADA",1,"2018/06/01 17:20:00","CATHROCK","5.27",NA,NA,NA
"D","DISPATCH","UNIT_SCADA",1,"2018/06/01 17:20:00","CHALLHWF","3.30",NA,NA,NA
"D","DISPATCH","UNIT_SCADA",1,"2018/06/01 17:20:00","CLOVER","25.639999",NA,NA,NA
"D","DISPATCH","UNIT_SCADA",1,"2018/06/01 17:20:00","CLUNY","9.0103",NA,NA,NA
"D","DISPATCH","UNIT_SCADA",1,"2018/06/01 17:20:00","CNUNDAWF","0.200234",NA,NA,NA
"D","DISPATCH","UNIT_SCADA",1,"2018/06/01 17:20:00","CULLRGWF","6.20",NA,NA,NA
"D","DISPATCH","UNIT_SCADA",1,"2018/06/01 17:20:00","ERGT01","0",NA,NA,NA
"D","DISPATCH","UNIT_SCADA",1,"2018/06/01 17:20:00","GB01","0.048195",NA,NA,NA
"D","DISPATCH","UNIT_SCADA",1,"2018/06/01 17:20:00","GERMCRK","32",NA,NA,NA
"D","DISPATCH","UNIT_SCADA",1,"2018/06/01 17:20:00","GRIFSF1","0",NA,NA,NA
"D","DISPATCH","UNIT_SCADA",1,"2018/06/01 17:20:00","HUGSF1","-0.0130",NA,NA,NA
"D","DISPATCH","UNIT_SCADA",1,"2018/06/01 17:20:00","INVICTA","0",NA,NA,NA
"D","DISPATCH","UNIT_SCADA",1,"2018/06/01 17:20:00","LKBONNY1","0.893094",NA,NA,NA
"D","DISPATCH","UNIT_SCADA",1,"2018/06/01 17:20:00","LRSF1","1.2070",NA,NA,NA
"D","DISPATCH","UNIT_SCADA",1,"2018/06/01 17:20:00","MBAHNTH","55.1250",NA,NA,NA
"D","DISPATCH","UNIT_SCADA",1,"2018/06/01 17:20:00","MLSP1","0.274001",NA,NA,NA
"D","DISPATCH","UNIT_SCADA",1,"2018/06/01 17:20:00","MLWF1","0.57",NA,NA,NA
"D","DISPATCH","UNIT_SCADA",1,"2018/06/01 17:20:00","MTMILLAR","6.206054",NA,NA,NA
"D","DISPATCH","UNIT_SCADA",1,"2018/06/01 17:20:00","PALOONA","12.99",NA,NA,NA
"D","DISPATCH","UNIT_SCADA",1,"2018/06/01 17:20:00","PIONEER","-0.90",NA,NA,NA
"D","DISPATCH","UNIT_SCADA",1,"2018/06/01 17:20:00","PORTWF","-0.20",NA,NA,NA
"D","DISPATCH","UNIT_SCADA",1,"2018/06/01 17:20:00","REPULSE","0",NA,NA,NA
"D","DISPATCH","UNIT_SCADA",1,"2018/06/01 17:20:00","ROWALLAN","6.7379",NA,NA,NA
"D","DISPATCH","UNIT_SCADA",1,"2018/06/01 17:20:00","ROYALLA1","0",NA,NA,NA
"D","DISPATCH","UNIT_SCADA",1,"2018/06/01 17:20:00","RPCG","-0.30",NA,NA,NA
"D","DISPATCH","UNIT_SCADA",1,"2018/06/01 17:20:00","RUBICON","0",NA,NA,NA
"D","DISPATCH","UNIT_SCADA",1,"2018/06/01 17:20:00","SMCSF1","2.575829",NA,NA,NA
"D","DISPATCH","UNIT_SCADA",1,"2018/06/01 17:20:00","STARHLWF","2.799184",NA,NA,NA
"D","DISPATCH","UNIT_SCADA",1,"2018/06/01 17:20:00","WAUBRAWF","18.40",NA,NA,NA
"D","DISPATCH","UNIT_SCADA",1,"2018/06/01 17:20:00","WOOLNTH1","1.920015",NA,NA,NA
"D","DISPATCH","UNIT_SCADA",1,"2018/06/01 17:20:00","WPWF","4",NA,NA,NA
"D","DISPATCH","UNIT_SCADA",1,"2018/06/01 17:20:00","YAMBUKWF","0.10",NA,NA,NA
"D","DISPATCH","UNIT_SCADA",1,"2018/06/01 17:20:00","YSWF1","2.90",NA,NA,NA
"D","DISPATCH","UNIT_SCADA",1,"2018/06/01 17:25:00","BARCSF1","2.20",NA,NA,NA
"D","DISPATCH","UNIT_SCADA",1,"2018/06/01 17:25:00","BUTLERSG","9.199999",NA,NA,NA
"D","DISPATCH","UNIT_SCADA",1,"2018/06/01 17:25:00","CALL_A_4","0",NA,NA,NA
"D","DISPATCH","UNIT_SCADA",1,"2018/06/01 17:25:00","CAPTL_WF","50.860001",NA,NA,NA
"D","DISPATCH","UNIT_SCADA",1,"2018/06/01 17:25:00","CATHROCK","5.96",NA,NA,NA
"D","DISPATCH","UNIT_SCADA",1,"2018/06/01 17:25:00","CHALLHWF","3.30",NA,NA,NA
"D","DISPATCH","UNIT_SCADA",1,"2018/06/01 17:25:00","CLOVER","25.58",NA,NA,NA
"D","DISPATCH","UNIT_SCADA",1,"2018/06/01 17:25:00","CLUNY","9.053330",NA,NA,NA
"D","DISPATCH","UNIT_SCADA",1,"2018/06/01 17:25:00","CNUNDAWF","0.200234",NA,NA,NA
"D","DISPATCH","UNIT_SCADA",1,"2018/06/01 17:25:00","CULLRGWF","6.41",NA,NA,NA
"D","DISPATCH","UNIT_SCADA",1,"2018/06/01 17:25:00","ERGT01","0",NA,NA,NA
"D","DISPATCH","UNIT_SCADA",1,"2018/06/01 17:25:00","GB01","0.048729",NA,NA,NA
"D","DISPATCH","UNIT_SCADA",1,"2018/06/01 17:25:00","GERMCRK","33.200001",NA,NA,NA
"D","DISPATCH","UNIT_SCADA",1,"2018/06/01 17:25:00","GRIFSF1","0",NA,NA,NA
"D","DISPATCH","UNIT_SCADA",1,"2018/06/01 17:25:00","HUGSF1","-0.0130",NA,NA,NA
"D","DISPATCH","UNIT_SCADA",1,"2018/06/01 17:25:00","INVICTA","0",NA,NA,NA
"D","DISPATCH","UNIT_SCADA",1,"2018/06/01 17:25:00","LKBONNY1","1.428950",NA,NA,NA
"D","DISPATCH","UNIT_SCADA",1,"2018/06/01 17:25:00","LRSF1","0.77",NA,NA,NA
"D","DISPATCH","UNIT_SCADA",1,"2018/06/01 17:25:00","MBAHNTH","56.193756",NA,NA,NA
"D","DISPATCH","UNIT_SCADA",1,"2018/06/01 17:25:00","MLSP1","0.274001",NA,NA,NA
"D","DISPATCH","UNIT_SCADA",1,"2018/06/01 17:25:00","MLWF1","0.7650",NA,NA,NA
"D","DISPATCH","UNIT_SCADA",1,"2018/06/01 17:25:00","MTMILLAR","6.786476",NA,NA,NA
"D","DISPATCH","UNIT_SCADA",1,"2018/06/01 17:25:00","PALOONA","12.99",NA,NA,NA
"D","DISPATCH","UNIT_SCADA",1,"2018/06/01 17:40:00","CAPTL_WF","65.996002",NA,NA,NA
"D","DISPATCH","UNIT_SCADA",1,"2018/06/01 17:40:00","BARCSF1","0.20",NA,NA,NA
"D","DISPATCH","UNIT_SCADA",1,"2018/06/01 17:40:00","BUTLERSG","9.199999",NA,NA,NA
"D","DISPATCH","UNIT_SCADA",1,"2018/06/01 17:40:00","CALL_A_4","0",NA,NA,NA
"D","DISPATCH","UNIT_SCADA",1,"2018/06/01 17:40:00","CATHROCK","6.71",NA,NA,NA
"D","DISPATCH","UNIT_SCADA",1,"2018/06/01 17:40:00","CHALLHWF","4.10",NA,NA,NA
"D","DISPATCH","UNIT_SCADA",1,"2018/06/01 17:40:00","CLOVER","25.470001",NA,NA,NA
"D","DISPATCH","UNIT_SCADA",1,"2018/06/01 17:40:00","CLUNY","9.014877",NA,NA,NA
"D","DISPATCH","UNIT_SCADA",1,"2018/06/01 17:40:00","CNUNDAWF","0.200234",NA,NA,NA
"D","DISPATCH","UNIT_SCADA",1,"2018/06/01 17:40:00","CULLRGWF","4.25",NA,NA,NA
"D","DISPATCH","UNIT_SCADA",1,"2018/06/01 17:40:00","ERGT01","0",NA,NA,NA
"D","DISPATCH","UNIT_SCADA",1,"2018/06/01 17:40:00","GB01","0.048729",NA,NA,NA
"D","DISPATCH","UNIT_SCADA",1,"2018/06/01 17:40:00","GERMCRK","30.90",NA,NA,NA
"D","DISPATCH","UNIT_SCADA",1,"2018/06/01 17:40:00","GRIFSF1","0",NA,NA,NA
"D","DISPATCH","UNIT_SCADA",1,"2018/06/01 17:40:00","HUGSF1","-0.0130",NA,NA,NA
"D","DISPATCH","UNIT_SCADA",1,"2018/06/01 17:40:00","INVICTA","0",NA,NA,NA
"D","DISPATCH","UNIT_SCADA",1,"2018/06/01 17:40:00","LKBONNY1","1.339640",NA,NA,NA
"D","DISPATCH","UNIT_SCADA",1,"2018/06/01 17:40:00","LRSF1","0.1070",NA,NA,NA
"D","DISPATCH","UNIT_SCADA",1,"2018/06/01 17:40:00","MBAHNTH","56.193756",NA,NA,NA
"D","DISPATCH","UNIT_SCADA",1,"2018/06/01 17:40:00","MLSP1","0.274001",NA,NA,NA
"D","DISPATCH","UNIT_SCADA",1,"2018/06/01 17:40:00","MLWF1","0.57",NA,NA,NA
"D","DISPATCH","UNIT_SCADA",1,"2018/06/01 17:40:00","MTMILLAR","5.662838",NA,NA,NA
"D","DISPATCH","UNIT_SCADA",1,"2018/06/01 17:40:00","PALOONA","12.99",NA,NA,NA
"D","DISPATCH","UNIT_SCADA",1,"2018/06/01 17:40:00","PIONEER","-0.90",NA,NA,NA
"D","DISPATCH","UNIT_SCADA",1,"2018/06/01 17:40:00","PORTWF","0.70",NA,NA,NA
"D","DISPATCH","UNIT_SCADA",1,"2018/06/01 17:40:00","REPULSE","0",NA,NA,NA
"D","DISPATCH","UNIT_SCADA",1,"2018/06/01 17:40:00","ROWALLAN","6.5746",NA,NA,NA
"D","DISPATCH","UNIT_SCADA",1,"2018/06/01 17:40:00","ROYALLA1","0",NA,NA,NA
"D","DISPATCH","UNIT_SCADA",1,"2018/06/01 17:40:00","RPCG","-0.30",NA,NA,NA
"D","DISPATCH","UNIT_SCADA",1,"2018/06/01 17:40:00","RUBICON","0",NA,NA,NA
"D","DISPATCH","UNIT_SCADA",1,"2018/06/01 17:40:00","SMCSF1","0.125222",NA,NA,NA
"D","DISPATCH","UNIT_SCADA",1,"2018/06/01 17:40:00","STARHLWF","1.799475",NA,NA,NA
"D","DISPATCH","UNIT_SCADA",1,"2018/06/01 17:40:00","WAUBRAWF","19.7840",NA,NA,NA
"D","DISPATCH","UNIT_SCADA",1,"2018/06/01 17:40:00","WOOLNTH1","2.480015",NA,NA,NA
"D","DISPATCH","UNIT_SCADA",1,"2018/06/01 17:40:00","WPWF","2",NA,NA,NA
"D","DISPATCH","UNIT_SCADA",1,"2018/06/01 17:40:00","YAMBUKWF","0.40",NA,NA,NA
"D","DISPATCH","UNIT_SCADA",1,"2018/06/01 17:40:00","YSWF1","1.90",NA,NA,NA
"D","DISPATCH","UNIT_SCADA",1,"2018/06/01 17:25:00","PIONEER","-0.90",NA,NA,NA
"D","DISPATCH","UNIT_SCADA",1,"2018/06/01 17:25:00","PORTWF","-0.30",NA,NA,NA
"D","DISPATCH","UNIT_SCADA",1,"2018/06/01 17:25:00","REPULSE","0",NA,NA,NA
"D","DISPATCH","UNIT_SCADA",1,"2018/06/01 17:25:00","ROWALLAN","6.5533",NA,NA,NA
"D","DISPATCH","UNIT_SCADA",1,"2018/06/01 17:25:00","ROYALLA1","0",NA,NA,NA
"D","DISPATCH","UNIT_SCADA",1,"2018/06/01 17:25:00","RPCG","-0.30",NA,NA,NA
"D","DISPATCH","UNIT_SCADA",1,"2018/06/01 17:25:00","RUBICON","0",NA,NA,NA
"D","DISPATCH","UNIT_SCADA",1,"2018/06/01 17:25:00","SMCSF1","1.961392",NA,NA,NA
"D","DISPATCH","UNIT_SCADA",1,"2018/06/01 17:25:00","STARHLWF","2.799184",NA,NA,NA
"D","DISPATCH","UNIT_SCADA",1,"2018/06/01 17:25:00","WAUBRAWF","19.556999",NA,NA,NA
"D","DISPATCH","UNIT_SCADA",1,"2018/06/01 17:25:00","WOOLNTH1","2.050015",NA,NA,NA
"D","DISPATCH","UNIT_SCADA",1,"2018/06/01 17:25:00","WPWF","3",NA,NA,NA
"D","DISPATCH","UNIT_SCADA",1,"2018/06/01 17:25:00","YAMBUKWF","0",NA,NA,NA
"D","DISPATCH","UNIT_SCADA",1,"2018/06/01 17:25:00","YSWF1","1.90",NA,NA,NA
"D","DISPATCH","UNIT_SCADA",1,"2018/06/01 17:30:00","BARCSF1","0.20",NA,NA,NA
"D","DISPATCH","UNIT_SCADA",1,"2018/06/01 17:30:00","BUTLERSG","9.199999",NA,NA,NA
"D","DISPATCH","UNIT_SCADA",1,"2018/06/01 17:30:00","CALL_A_4","0",NA,NA,NA
"D","DISPATCH","UNIT_SCADA",1,"2018/06/01 17:30:00","CAPTL_WF","53.936005",NA,NA,NA
"D","DISPATCH","UNIT_SCADA",1,"2018/06/01 17:30:00","CATHROCK","6.72",NA,NA,NA
"D","DISPATCH","UNIT_SCADA",1,"2018/06/01 17:30:00","CHALLHWF","3.80",NA,NA,NA
"D","DISPATCH","UNIT_SCADA",1,"2018/06/01 17:30:00","CLOVER","25.549999",NA,NA,NA
"D","DISPATCH","UNIT_SCADA",1,"2018/06/01 17:30:00","CLUNY","8.977341",NA,NA,NA
"D","DISPATCH","UNIT_SCADA",1,"2018/06/01 17:30:00","CNUNDAWF","0.200234",NA,NA,NA
"D","DISPATCH","UNIT_SCADA",1,"2018/06/01 17:30:00","CULLRGWF","4.89",NA,NA,NA
"D","DISPATCH","UNIT_SCADA",1,"2018/06/01 17:30:00","ERGT01","0",NA,NA,NA
"D","DISPATCH","UNIT_SCADA",1,"2018/06/01 17:30:00","GB01","0.048729",NA,NA,NA
"D","DISPATCH","UNIT_SCADA",1,"2018/06/01 17:30:00","GERMCRK","33.099998",NA,NA,NA
"D","DISPATCH","UNIT_SCADA",1,"2018/06/01 17:30:00","GRIFSF1","0",NA,NA,NA
"D","DISPATCH","UNIT_SCADA",1,"2018/06/01 17:30:00","HUGSF1","-0.0130",NA,NA,NA
"D","DISPATCH","UNIT_SCADA",1,"2018/06/01 17:30:00","INVICTA","0",NA,NA,NA
"D","DISPATCH","UNIT_SCADA",1,"2018/06/01 17:30:00","LKBONNY1","1.428950",NA,NA,NA
"D","DISPATCH","UNIT_SCADA",1,"2018/06/01 17:30:00","LRSF1","0.2090",NA,NA,NA
"D","DISPATCH","UNIT_SCADA",1,"2018/06/01 17:30:00","MBAHNTH","56.193756",NA,NA,NA
"D","DISPATCH","UNIT_SCADA",1,"2018/06/01 17:30:00","MLSP1","0.274001",NA,NA,NA
"D","DISPATCH","UNIT_SCADA",1,"2018/06/01 17:30:00","MLWF1","0.6750",NA,NA,NA
"D","DISPATCH","UNIT_SCADA",1,"2018/06/01 17:30:00","MTMILLAR","6.868330",NA,NA,NA
"D","DISPATCH","UNIT_SCADA",1,"2018/06/01 17:30:00","PALOONA","12.99",NA,NA,NA
"D","DISPATCH","UNIT_SCADA",1,"2018/06/01 17:30:00","PIONEER","-0.90",NA,NA,NA
"D","DISPATCH","UNIT_SCADA",1,"2018/06/01 17:30:00","PORTWF","0.10",NA,NA,NA
"D","DISPATCH","UNIT_SCADA",1,"2018/06/01 17:30:00","REPULSE","0",NA,NA,NA
"D","DISPATCH","UNIT_SCADA",1,"2018/06/01 17:30:00","ROWALLAN","6.5462",NA,NA,NA
"D","DISPATCH","UNIT_SCADA",1,"2018/06/01 17:30:00","ROYALLA1","0",NA,NA,NA
"D","DISPATCH","UNIT_SCADA",1,"2018/06/01 17:30:00","RPCG","-0.30",NA,NA,NA
"D","DISPATCH","UNIT_SCADA",1,"2018/06/01 17:30:00","RUBICON","0",NA,NA,NA
"D","DISPATCH","UNIT_SCADA",1,"2018/06/01 17:30:00","SMCSF1","1.196236",NA,NA,NA
"D","DISPATCH","UNIT_SCADA",1,"2018/06/01 17:30:00","STARHLWF","2.3993",NA,NA,NA
"D","DISPATCH","UNIT_SCADA",1,"2018/06/01 17:30:00","WAUBRAWF","19.370001",NA,NA,NA
"D","DISPATCH","UNIT_SCADA",1,"2018/06/01 17:30:00","WOOLNTH1","2.230015",NA,NA,NA
"D","DISPATCH","UNIT_SCADA",1,"2018/06/01 17:30:00","WPWF","3",NA,NA,NA
"D","DISPATCH","UNIT_SCADA",1,"2018/06/01 17:30:00","YAMBUKWF","0",NA,NA,NA
"D","DISPATCH","UNIT_SCADA",1,"2018/06/01 17:30:00","YSWF1","2.30",NA,NA,NA
"D","DISPATCH","UNIT_SCADA",1,"2018/06/01 17:35:00","BARCSF1","0.20",NA,NA,NA
"D","DISPATCH","UNIT_SCADA",1,"2018/06/01 17:35:00","BUTLERSG","9.199999",NA,NA,NA
"D","DISPATCH","UNIT_SCADA",1,"2018/06/01 17:35:00","CALL_A_4","0",NA,NA,NA
"D","DISPATCH","UNIT_SCADA",1,"2018/06/01 17:35:00","CAPTL_WF","62.200005",NA,NA,NA
"D","DISPATCH","UNIT_SCADA",1,"2018/06/01 17:35:00","CATHROCK","6.36",NA,NA,NA
"D","DISPATCH","UNIT_SCADA",1,"2018/06/01 17:35:00","CHALLHWF","3.90",NA,NA,NA
"D","DISPATCH","UNIT_SCADA",1,"2018/06/01 17:35:00","CLOVER","25.48",NA,NA,NA
"D","DISPATCH","UNIT_SCADA",1,"2018/06/01 17:35:00","CLUNY","9.029526",NA,NA,NA
"D","DISPATCH","UNIT_SCADA",1,"2018/06/01 17:35:00","CNUNDAWF","0.200234",NA,NA,NA
"D","DISPATCH","UNIT_SCADA",1,"2018/06/01 17:35:00","CULLRGWF","4.81",NA,NA,NA
"D","DISPATCH","UNIT_SCADA",1,"2018/06/01 17:35:00","ERGT01","0",NA,NA,NA
"D","DISPATCH","UNIT_SCADA",1,"2018/06/01 17:35:00","GB01","0.048729",NA,NA,NA
"D","DISPATCH","UNIT_SCADA",1,"2018/06/01 17:35:00","GERMCRK","31.200001",NA,NA,NA
"D","DISPATCH","UNIT_SCADA",1,"2018/06/01 17:35:00","GRIFSF1","0",NA,NA,NA
"D","DISPATCH","UNIT_SCADA",1,"2018/06/01 17:35:00","HUGSF1","-0.0130",NA,NA,NA
"D","DISPATCH","UNIT_SCADA",1,"2018/06/01 17:35:00","INVICTA","0",NA,NA,NA
"D","DISPATCH","UNIT_SCADA",1,"2018/06/01 17:35:00","LKBONNY1","1.518259",NA,NA,NA
"D","DISPATCH","UNIT_SCADA",1,"2018/06/01 17:35:00","LRSF1","0.1070",NA,NA,NA
"D","DISPATCH","UNIT_SCADA",1,"2018/06/01 17:35:00","MBAHNTH","56.193756",NA,NA,NA
"D","DISPATCH","UNIT_SCADA",1,"2018/06/01 17:35:00","MLSP1","0.274001",NA,NA,NA
"D","DISPATCH","UNIT_SCADA",1,"2018/06/01 17:35:00","MLWF1","0.6750",NA,NA,NA
"D","DISPATCH","UNIT_SCADA",1,"2018/06/01 17:35:00","MTMILLAR","6.615326",NA,NA,NA
"D","DISPATCH","UNIT_SCADA",1,"2018/06/01 17:35:00","PALOONA","12.99",NA,NA,NA
"D","DISPATCH","UNIT_SCADA",1,"2018/06/01 17:35:00","PIONEER","-0.90",NA,NA,NA
"D","DISPATCH","UNIT_SCADA",1,"2018/06/01 17:35:00","PORTWF","0.10",NA,NA,NA
"D","DISPATCH","UNIT_SCADA",1,"2018/06/01 17:35:00","REPULSE","0",NA,NA,NA
"D","DISPATCH","UNIT_SCADA",1,"2018/06/01 17:35:00","ROWALLAN","6.5746",NA,NA,NA
"D","DISPATCH","UNIT_SCADA",1,"2018/06/01 17:35:00","ROYALLA1","0",NA,NA,NA
"D","DISPATCH","UNIT_SCADA",1,"2018/06/01 17:35:00","RPCG","-0.30",NA,NA,NA
"D","DISPATCH","UNIT_SCADA",1,"2018/06/01 17:35:00","RUBICON","0",NA,NA,NA
"D","DISPATCH","UNIT_SCADA",1,"2018/06/01 17:35:00","SMCSF1","0.579540",NA,NA,NA
"D","DISPATCH","UNIT_SCADA",1,"2018/06/01 17:35:00","STARHLWF","2.599242",NA,NA,NA
"D","DISPATCH","UNIT_SCADA",1,"2018/06/01 17:35:00","WAUBRAWF","19.132999",NA,NA,NA
"D","DISPATCH","UNIT_SCADA",1,"2018/06/01 17:35:00","WOOLNTH1","2.550015",NA,NA,NA
"D","DISPATCH","UNIT_SCADA",1,"2018/06/01 17:35:00","WPWF","2",NA,NA,NA
"D","DISPATCH","UNIT_SCADA",1,"2018/06/01 17:35:00","YAMBUKWF","0.20",NA,NA,NA
"D","DISPATCH","UNIT_SCADA",1,"2018/06/01 17:35:00","YSWF1","2.20",NA,NA,NA
"D","DISPATCH","UNIT_SCADA",1,"2018/06/01 17:45:00","BARCSF1","0.20",NA,NA,NA
"D","DISPATCH","UNIT_SCADA",1,"2018/06/01 17:45:00","BUTLERSG","9.199999",NA,NA,NA
"D","DISPATCH","UNIT_SCADA",1,"2018/06/01 17:45:00","CALL_A_4","0",NA,NA,NA
"D","DISPATCH","UNIT_SCADA",1,"2018/06/01 17:45:00","CAPTL_WF","67.567993",NA,NA,NA
"D","DISPATCH","UNIT_SCADA",1,"2018/06/01 17:45:00","CATHROCK","7.27",NA,NA,NA
"D","DISPATCH","UNIT_SCADA",1,"2018/06/01 17:45:00","CHALLHWF","4.30",NA,NA,NA
"D","DISPATCH","UNIT_SCADA",1,"2018/06/01 17:45:00","CLOVER","24.849998",NA,NA,NA
"D","DISPATCH","UNIT_SCADA",1,"2018/06/01 17:45:00","CLUNY","9.005722",NA,NA,NA
"D","DISPATCH","UNIT_SCADA",1,"2018/06/01 17:45:00","CNUNDAWF","0.700818",NA,NA,NA
"D","DISPATCH","UNIT_SCADA",1,"2018/06/01 17:45:00","CULLRGWF","5.24",NA,NA,NA
"D","DISPATCH","UNIT_SCADA",1,"2018/06/01 17:45:00","ERGT01","0",NA,NA,NA
"D","DISPATCH","UNIT_SCADA",1,"2018/06/01 17:45:00","GB01","0.048729",NA,NA,NA
"D","DISPATCH","UNIT_SCADA",1,"2018/06/01 17:45:00","GERMCRK","31.700001",NA,NA,NA
"D","DISPATCH","UNIT_SCADA",1,"2018/06/01 17:45:00","GRIFSF1","0",NA,NA,NA
"D","DISPATCH","UNIT_SCADA",1,"2018/06/01 17:45:00","HUGSF1","-0.0130",NA,NA,NA
"D","DISPATCH","UNIT_SCADA",1,"2018/06/01 17:45:00","INVICTA","0",NA,NA,NA
"D","DISPATCH","UNIT_SCADA",1,"2018/06/01 17:45:00","LKBONNY1","1.786187",NA,NA,NA
"D","DISPATCH","UNIT_SCADA",1,"2018/06/01 17:45:00","LRSF1","0.1070",NA,NA,NA
"D","DISPATCH","UNIT_SCADA",1,"2018/06/01 17:45:00","MBAHNTH","58.556244",NA,NA,NA
"D","DISPATCH","UNIT_SCADA",1,"2018/06/01 17:45:00","MLSP1","0.274001",NA,NA,NA
"D","DISPATCH","UNIT_SCADA",1,"2018/06/01 17:45:00","MLWF1","0.5850",NA,NA,NA
"D","DISPATCH","UNIT_SCADA",1,"2018/06/01 17:45:00","MTMILLAR","4.941031",NA,NA,NA
"D","DISPATCH","UNIT_SCADA",1,"2018/06/01 17:45:00","PALOONA","12.99",NA,NA,NA
"D","DISPATCH","UNIT_SCADA",1,"2018/06/01 17:45:00","PIONEER","-0.90",NA,NA,NA
"D","DISPATCH","UNIT_SCADA",1,"2018/06/01 17:45:00","PORTWF","1.10",NA,NA,NA
"D","DISPATCH","UNIT_SCADA",1,"2018/06/01 17:45:00","REPULSE","0",NA,NA,NA
"D","DISPATCH","UNIT_SCADA",1,"2018/06/01 17:45:00","ROWALLAN","6.6172",NA,NA,NA
"D","DISPATCH","UNIT_SCADA",1,"2018/06/01 17:45:00","ROYALLA1","0",NA,NA,NA
"D","DISPATCH","UNIT_SCADA",1,"2018/06/01 17:45:00","RPCG","-0.30",NA,NA,NA
"D","DISPATCH","UNIT_SCADA",1,"2018/06/01 17:45:00","RUBICON","0",NA,NA,NA
"D","DISPATCH","UNIT_SCADA",1,"2018/06/01 17:45:00","SMCSF1","0",NA,NA,NA
"D","DISPATCH","UNIT_SCADA",1,"2018/06/01 17:45:00","STARHLWF","1.799475",NA,NA,NA
"D","DISPATCH","UNIT_SCADA",1,"2018/06/01 17:45:00","WAUBRAWF","20.898001",NA,NA,NA
"D","DISPATCH","UNIT_SCADA",1,"2018/06/01 17:45:00","WOOLNTH1","2.080015",NA,NA,NA
"D","DISPATCH","UNIT_SCADA",1,"2018/06/01 17:45:00","WPWF","1",NA,NA,NA
"D","DISPATCH","UNIT_SCADA",1,"2018/06/01 17:45:00","YAMBUKWF","0.60",NA,NA,NA
"D","DISPATCH","UNIT_SCADA",1,"2018/06/01 17:45:00","YSWF1","2",NA,NA,NA
"D","DISPATCH","UNIT_SCADA",1,"2018/06/01 17:50:00","BARCSF1","0.20",NA,NA,NA
"D","DISPATCH","UNIT_SCADA",1,"2018/06/01 17:50:00","BUTLERSG","9.199999",NA,NA,NA
"D","DISPATCH","UNIT_SCADA",1,"2018/06/01 17:50:00","CALL_A_4","0",NA,NA,NA
"D","DISPATCH","UNIT_SCADA",1,"2018/06/01 17:50:00","CAPTL_WF","65.788002",NA,NA,NA
"D","DISPATCH","UNIT_SCADA",1,"2018/06/01 17:50:00","CATHROCK","7.90",NA,NA,NA
"D","DISPATCH","UNIT_SCADA",1,"2018/06/01 17:50:00","CHALLHWF","4.40",NA,NA,NA
"D","DISPATCH","UNIT_SCADA",1,"2018/06/01 17:50:00","CLOVER","21.299999",NA,NA,NA
"D","DISPATCH","UNIT_SCADA",1,"2018/06/01 17:50:00","CLUNY","9.0103",NA,NA,NA
"D","DISPATCH","UNIT_SCADA",1,"2018/06/01 17:50:00","CNUNDAWF","1.401635",NA,NA,NA
"D","DISPATCH","UNIT_SCADA",1,"2018/06/01 17:50:00","CULLRGWF","4.17",NA,NA,NA
"D","DISPATCH","UNIT_SCADA",1,"2018/06/01 17:50:00","ERGT01","0",NA,NA,NA
"D","DISPATCH","UNIT_SCADA",1,"2018/06/01 17:50:00","GB01","0.048729",NA,NA,NA
"D","DISPATCH","UNIT_SCADA",1,"2018/06/01 17:50:00","GERMCRK","33.50",NA,NA,NA
"D","DISPATCH","UNIT_SCADA",1,"2018/06/01 17:50:00","GRIFSF1","0",NA,NA,NA
"D","DISPATCH","UNIT_SCADA",1,"2018/06/01 17:50:00","HUGSF1","-0.0130",NA,NA,NA
"D","DISPATCH","UNIT_SCADA",1,"2018/06/01 17:50:00","INVICTA","0",NA,NA,NA
"D","DISPATCH","UNIT_SCADA",1,"2018/06/01 17:50:00","LKBONNY1","1.607569",NA,NA,NA
"D","DISPATCH","UNIT_SCADA",1,"2018/06/01 17:50:00","LRSF1","0.0070",NA,NA,NA
"D","DISPATCH","UNIT_SCADA",1,"2018/06/01 17:50:00","MBAHNTH","56.418747",NA,NA,NA
"D","DISPATCH","UNIT_SCADA",1,"2018/06/01 17:50:00","MLSP1","0.274001",NA,NA,NA
"D","DISPATCH","UNIT_SCADA",1,"2018/06/01 17:50:00","MLWF1","0.39",NA,NA,NA
"D","DISPATCH","UNIT_SCADA",1,"2018/06/01 17:50:00","MTMILLAR","4.472228",NA,NA,NA
"D","DISPATCH","UNIT_SCADA",1,"2018/06/01 17:50:00","PALOONA","12.99",NA,NA,NA
"D","DISPATCH","UNIT_SCADA",1,"2018/06/01 17:50:00","PIONEER","-0.90",NA,NA,NA
"D","DISPATCH","UNIT_SCADA",1,"2018/06/01 17:50:00","PORTWF","1.40",NA,NA,NA
"D","DISPATCH","UNIT_SCADA",1,"2018/06/01 17:50:00","REPULSE","0",NA,NA,NA
"D","DISPATCH","UNIT_SCADA",1,"2018/06/01 17:50:00","ROWALLAN","6.5959",NA,NA,NA
"D","DISPATCH","UNIT_SCADA",1,"2018/06/01 17:50:00","ROYALLA1","0",NA,NA,NA
"D","DISPATCH","UNIT_SCADA",1,"2018/06/01 17:50:00","RPCG","-0.30",NA,NA,NA
"D","DISPATCH","UNIT_SCADA",1,"2018/06/01 17:50:00","RUBICON","0",NA,NA,NA
"D","DISPATCH","UNIT_SCADA",1,"2018/06/01 17:50:00","SMCSF1","0",NA,NA,NA
"D","DISPATCH","UNIT_SCADA",1,"2018/06/01 17:50:00","STARHLWF","0.999708",NA,NA,NA
"D","DISPATCH","UNIT_SCADA",1,"2018/06/01 17:50:00","WAUBRAWF","21.65",NA,NA,NA
"D","DISPATCH","UNIT_SCADA",1,"2018/06/01 17:50:00","WOOLNTH1","2.620015",NA,NA,NA
"D","DISPATCH","UNIT_SCADA",1,"2018/06/01 17:50:00","WPWF","0",NA,NA,NA
"D","DISPATCH","UNIT_SCADA",1,"2018/06/01 17:50:00","YAMBUKWF","0.80",NA,NA,NA
"D","DISPATCH","UNIT_SCADA",1,"2018/06/01 17:50:00","YSWF1","2.10",NA,NA,NA
"D","DISPATCH","UNIT_SCADA",1,"2018/06/01 17:55:00","BARCSF1","0.20",NA,NA,NA
"D","DISPATCH","UNIT_SCADA",1,"2018/06/01 17:55:00","BUTLERSG","9.199999",NA,NA,NA
"D","DISPATCH","UNIT_SCADA",1,"2018/06/01 17:55:00","CALL_A_4","0",NA,NA,NA
"D","DISPATCH","UNIT_SCADA",1,"2018/06/01 17:55:00","CAPTL_WF","58.260002",NA,NA,NA
"D","DISPATCH","UNIT_SCADA",1,"2018/06/01 17:55:00","CATHROCK","7.74",NA,NA,NA
"D","DISPATCH","UNIT_SCADA",1,"2018/06/01 17:55:00","CHALLHWF","4.50",NA,NA,NA
"D","DISPATCH","UNIT_SCADA",1,"2018/06/01 17:55:00","CLOVER","17.130001",NA,NA,NA
"D","DISPATCH","UNIT_SCADA",1,"2018/06/01 17:55:00","CLUNY","9.0103",NA,NA,NA
"D","DISPATCH","UNIT_SCADA",1,"2018/06/01 17:55:00","CNUNDAWF","1.802102",NA,NA,NA
"D","DISPATCH","UNIT_SCADA",1,"2018/06/01 17:55:00","CULLRGWF","3.32",NA,NA,NA
"D","DISPATCH","UNIT_SCADA",1,"2018/06/01 17:55:00","ERGT01","0",NA,NA,NA
"D","DISPATCH","UNIT_SCADA",1,"2018/06/01 17:55:00","GB01","0.048729",NA,NA,NA
"D","DISPATCH","UNIT_SCADA",1,"2018/06/01 17:55:00","GERMCRK","32.50",NA,NA,NA
"D","DISPATCH","UNIT_SCADA",1,"2018/06/01 17:55:00","GRIFSF1","0",NA,NA,NA
"D","DISPATCH","UNIT_SCADA",1,"2018/06/01 17:55:00","HUGSF1","-0.0130",NA,NA,NA
"D","DISPATCH","UNIT_SCADA",1,"2018/06/01 17:55:00","INVICTA","0",NA,NA,NA
"D","DISPATCH","UNIT_SCADA",1,"2018/06/01 17:55:00","LKBONNY1","1.339640",NA,NA,NA
"D","DISPATCH","UNIT_SCADA",1,"2018/06/01 17:55:00","LRSF1","0.0070",NA,NA,NA
"D","DISPATCH","UNIT_SCADA",1,"2018/06/01 17:55:00","MBAHNTH","56.418747",NA,NA,NA
"D","DISPATCH","UNIT_SCADA",1,"2018/06/01 17:55:00","MLSP1","0.274001",NA,NA,NA
"D","DISPATCH","UNIT_SCADA",1,"2018/06/01 17:55:00","MLWF1","0.2850",NA,NA,NA
"D","DISPATCH","UNIT_SCADA",1,"2018/06/01 17:55:00","MTMILLAR","4.501994",NA,NA,NA
"D","DISPATCH","UNIT_SCADA",1,"2018/06/01 17:55:00","PALOONA","12.99",NA,NA,NA
"D","DISPATCH","UNIT_SCADA",1,"2018/06/01 17:55:00","PIONEER","-0.90",NA,NA,NA
"D","DISPATCH","UNIT_SCADA",1,"2018/06/01 17:55:00","PORTWF","1.70",NA,NA,NA
"D","DISPATCH","UNIT_SCADA",1,"2018/06/01 17:55:00","REPULSE","0",NA,NA,NA
"D","DISPATCH","UNIT_SCADA",1,"2018/06/01 17:55:00","ROWALLAN","6.4184",NA,NA,NA
"D","DISPATCH","UNIT_SCADA",1,"2018/06/01 17:55:00","ROYALLA1","0",NA,NA,NA
"D","DISPATCH","UNIT_SCADA",1,"2018/06/01 17:55:00","RPCG","-0.30",NA,NA,NA
"D","DISPATCH","UNIT_SCADA",1,"2018/06/01 17:55:00","RUBICON","0",NA,NA,NA
"D","DISPATCH","UNIT_SCADA",1,"2018/06/01 17:55:00","SMCSF1","0",NA,NA,NA
"D","DISPATCH","UNIT_SCADA",1,"2018/06/01 17:55:00","STARHLWF","1.399592",NA,NA,NA
"D","DISPATCH","UNIT_SCADA",1,"2018/06/01 17:55:00","WAUBRAWF","23.410999",NA,NA,NA
"D","DISPATCH","UNIT_SCADA",1,"2018/06/01 17:55:00","WOOLNTH1","2.580015",NA,NA,NA
"D","DISPATCH","UNIT_SCADA",1,"2018/06/01 17:55:00","WPWF","0",NA,NA,NA
"D","DISPATCH","UNIT_SCADA",1,"2018/06/01 17:55:00","YAMBUKWF","0.80",NA,NA,NA
"D","DISPATCH","UNIT_SCADA",1,"2018/06/01 17:55:00","YSWF1","2.10",NA,NA,NA
"D","DISPATCH","UNIT_SCADA",1,"2018/06/01 18:00:00","BARCSF1","0.20",NA,NA,NA
"D","DISPATCH","UNIT_SCADA",1,"2018/06/01 18:00:00","BUTLERSG","9.199999",NA,NA,NA
"D","DISPATCH","UNIT_SCADA",1,"2018/06/01 18:00:00","CALL_A_4","0",NA,NA,NA
"D","DISPATCH","UNIT_SCADA",1,"2018/06/01 18:00:00","CAPTL_WF","54.259995",NA,NA,NA
"D","DISPATCH","UNIT_SCADA",1,"2018/06/01 18:00:00","CATHROCK","6.82",NA,NA,NA
"D","DISPATCH","UNIT_SCADA",1,"2018/06/01 18:00:00","CHALLHWF","4.50",NA,NA,NA
"D","DISPATCH","UNIT_SCADA",1,"2018/06/01 18:00:00","CLOVER","18.17",NA,NA,NA
"D","DISPATCH","UNIT_SCADA",1,"2018/06/01 18:00:00","CLUNY","9.057908",NA,NA,NA
"D","DISPATCH","UNIT_SCADA",1,"2018/06/01 18:00:00","CNUNDAWF","1.802102",NA,NA,NA
"D","DISPATCH","UNIT_SCADA",1,"2018/06/01 18:00:00","CULLRGWF","3.12",NA,NA,NA
"D","DISPATCH","UNIT_SCADA",1,"2018/06/01 18:00:00","ERGT01","0",NA,NA,NA
"D","DISPATCH","UNIT_SCADA",1,"2018/06/01 18:00:00","GB01","0.048729",NA,NA,NA
"D","DISPATCH","UNIT_SCADA",1,"2018/06/01 18:00:00","GERMCRK","33.400002",NA,NA,NA
"D","DISPATCH","UNIT_SCADA",1,"2018/06/01 18:00:00","GRIFSF1","0",NA,NA,NA
"D","DISPATCH","UNIT_SCADA",1,"2018/06/01 18:00:00","HUGSF1","-0.0130",NA,NA,NA
"D","DISPATCH","UNIT_SCADA",1,"2018/06/01 18:00:00","INVICTA","0",NA,NA,NA
"D","DISPATCH","UNIT_SCADA",1,"2018/06/01 18:00:00","LKBONNY1","1.696878",NA,NA,NA
"D","DISPATCH","UNIT_SCADA",1,"2018/06/01 18:00:00","LRSF1","0.0070",NA,NA,NA
"D","DISPATCH","UNIT_SCADA",1,"2018/06/01 18:00:00","MBAHNTH","56.418747",NA,NA,NA
"D","DISPATCH","UNIT_SCADA",1,"2018/06/01 18:00:00","MLSP1","0.274001",NA,NA,NA
"D","DISPATCH","UNIT_SCADA",1,"2018/06/01 18:00:00","MLWF1","0.36",NA,NA,NA
"D","DISPATCH","UNIT_SCADA",1,"2018/06/01 18:00:00","MTMILLAR","4.807087",NA,NA,NA
"D","DISPATCH","UNIT_SCADA",1,"2018/06/01 18:00:00","PALOONA","13.03",NA,NA,NA
"D","DISPATCH","UNIT_SCADA",1,"2018/06/01 18:00:00","PIONEER","-0.90",NA,NA,NA
"D","DISPATCH","UNIT_SCADA",1,"2018/06/01 18:00:00","PORTWF","1.70",NA,NA,NA
"D","DISPATCH","UNIT_SCADA",1,"2018/06/01 18:00:00","REPULSE","0",NA,NA,NA
"D","DISPATCH","UNIT_SCADA",1,"2018/06/01 18:00:00","ROWALLAN","6.4610",NA,NA,NA
"D","DISPATCH","UNIT_SCADA",1,"2018/06/01 18:00:00","ROYALLA1","0",NA,NA,NA
"D","DISPATCH","UNIT_SCADA",1,"2018/06/01 18:00:00","RPCG","-0.30",NA,NA,NA
"D","DISPATCH","UNIT_SCADA",1,"2018/06/01 18:00:00","RUBICON","0",NA,NA,NA
"D","DISPATCH","UNIT_SCADA",1,"2018/06/01 18:00:00","SMCSF1","0",NA,NA,NA
"D","DISPATCH","UNIT_SCADA",1,"2018/06/01 18:00:00","STARHLWF","0.999708",NA,NA,NA
"D","DISPATCH","UNIT_SCADA",1,"2018/06/01 18:00:00","WAUBRAWF","25.499001",NA,NA,NA
"D","DISPATCH","UNIT_SCADA",1,"2018/06/01 18:00:00","WOOLNTH1","2.550015",NA,NA,NA
"D","DISPATCH","UNIT_SCADA",1,"2018/06/01 18:00:00","WPWF","-1",NA,NA,NA
"D","DISPATCH","UNIT_SCADA",1,"2018/06/01 18:00:00","YAMBUKWF","1.10",NA,NA,NA
"D","DISPATCH","UNIT_SCADA",1,"2018/06/01 18:00:00","YSWF1","1.90",NA,NA,NA
"D","DISPATCH","UNIT_SCADA",1,"2018/06/01 18:05:00","BARCSF1","0.20",NA,NA,NA
"D","DISPATCH","UNIT_SCADA",1,"2018/06/01 18:05:00","BUTLERSG","9.199999",NA,NA,NA
"D","DISPATCH","UNIT_SCADA",1,"2018/06/01 18:05:00","CALL_A_4","0",NA,NA,NA
"D","DISPATCH","UNIT_SCADA",1,"2018/06/01 18:05:00","CAPTL_WF","51.059998",NA,NA,NA
"D","DISPATCH","UNIT_SCADA",1,"2018/06/01 18:05:00","CATHROCK","7.039999",NA,NA,NA
"D","DISPATCH","UNIT_SCADA",1,"2018/06/01 18:05:00","CHALLHWF","4.50",NA,NA,NA
"D","DISPATCH","UNIT_SCADA",1,"2018/06/01 18:05:00","CLOVER","19.84",NA,NA,NA
"D","DISPATCH","UNIT_SCADA",1,"2018/06/01 18:05:00","CLUNY","9.020370",NA,NA,NA
"D","DISPATCH","UNIT_SCADA",1,"2018/06/01 18:05:00","CNUNDAWF","2.202569",NA,NA,NA
"D","DISPATCH","UNIT_SCADA",1,"2018/06/01 18:05:00","CULLRGWF","4.13",NA,NA,NA
"D","DISPATCH","UNIT_SCADA",1,"2018/06/01 18:05:00","ERGT01","0",NA,NA,NA
"D","DISPATCH","UNIT_SCADA",1,"2018/06/01 18:05:00","GB01","0.048729",NA,NA,NA
"D","DISPATCH","UNIT_SCADA",1,"2018/06/01 18:05:00","GERMCRK","33.299999",NA,NA,NA
"D","DISPATCH","UNIT_SCADA",1,"2018/06/01 18:05:00","GRIFSF1","0",NA,NA,NA
"D","DISPATCH","UNIT_SCADA",1,"2018/06/01 18:05:00","HUGSF1","-0.0130",NA,NA,NA
"D","DISPATCH","UNIT_SCADA",1,"2018/06/01 18:05:00","INVICTA","0",NA,NA,NA
"D","DISPATCH","UNIT_SCADA",1,"2018/06/01 18:05:00","LKBONNY1","2.232734",NA,NA,NA
"D","DISPATCH","UNIT_SCADA",1,"2018/06/01 18:05:00","LRSF1","0.0070",NA,NA,NA
"D","DISPATCH","UNIT_SCADA",1,"2018/06/01 18:05:00","MBAHNTH","58.518753",NA,NA,NA
"D","DISPATCH","UNIT_SCADA",1,"2018/06/01 18:05:00","MLSP1","0.274001",NA,NA,NA
"D","DISPATCH","UNIT_SCADA",1,"2018/06/01 18:05:00","MLWF1","0.15",NA,NA,NA
"D","DISPATCH","UNIT_SCADA",1,"2018/06/01 18:05:00","MTMILLAR","4.732674",NA,NA,NA
"D","DISPATCH","UNIT_SCADA",1,"2018/06/01 18:05:00","PALOONA","13.03",NA,NA,NA
"D","DISPATCH","UNIT_SCADA",1,"2018/06/01 18:05:00","PIONEER","-0.90",NA,NA,NA
"D","DISPATCH","UNIT_SCADA",1,"2018/06/01 18:05:00","PORTWF","1.90",NA,NA,NA
"D","DISPATCH","UNIT_SCADA",1,"2018/06/01 18:05:00","REPULSE","0",NA,NA,NA
"D","DISPATCH","UNIT_SCADA",1,"2018/06/01 18:05:00","ROWALLAN","6.5817",NA,NA,NA
"D","DISPATCH","UNIT_SCADA",1,"2018/06/01 18:05:00","ROYALLA1","0",NA,NA,NA
"D","DISPATCH","UNIT_SCADA",1,"2018/06/01 18:05:00","RPCG","-0.30",NA,NA,NA
"D","DISPATCH","UNIT_SCADA",1,"2018/06/01 18:05:00","RUBICON","0",NA,NA,NA
"D","DISPATCH","UNIT_SCADA",1,"2018/06/01 18:05:00","SMCSF1","0",NA,NA,NA
"D","DISPATCH","UNIT_SCADA",1,"2018/06/01 18:05:00","STARHLWF","0.999708",NA,NA,NA
"D","DISPATCH","UNIT_SCADA",1,"2018/06/01 18:05:00","WAUBRAWF","28.500999",NA,NA,NA
"D","DISPATCH","UNIT_SCADA",1,"2018/06/01 18:05:00","WOOLNTH1","2.400015",NA,NA,NA
"D","DISPATCH","UNIT_SCADA",1,"2018/06/01 18:05:00","WPWF","-1",NA,NA,NA
"D","DISPATCH","UNIT_SCADA",1,"2018/06/01 18:05:00","YAMBUKWF","1.20",NA,NA,NA
"D","DISPATCH","UNIT_SCADA",1,"2018/06/01 18:05:00","YSWF1","2.20",NA,NA,NA
"D","DISPATCH","UNIT_SCADA",1,"2018/06/01 18:20:00","CAPTL_WF","53.1520",NA,NA,NA
"D","DISPATCH","UNIT_SCADA",1,"2018/06/01 18:20:00","BARCSF1","0.20",NA,NA,NA
"D","DISPATCH","UNIT_SCADA",1,"2018/06/01 18:20:00","BUTLERSG","9.199999",NA,NA,NA
"D","DISPATCH","UNIT_SCADA",1,"2018/06/01 18:20:00","CALL_A_4","0",NA,NA,NA
"D","DISPATCH","UNIT_SCADA",1,"2018/06/01 18:20:00","CATHROCK","6.50",NA,NA,NA
"D","DISPATCH","UNIT_SCADA",1,"2018/06/01 18:20:00","CHALLHWF","5",NA,NA,NA
"D","DISPATCH","UNIT_SCADA",1,"2018/06/01 18:20:00","CLOVER","21.110001",NA,NA,NA
"D","DISPATCH","UNIT_SCADA",1,"2018/06/01 18:20:00","CLUNY","9.001144",NA,NA,NA
"D","DISPATCH","UNIT_SCADA",1,"2018/06/01 18:20:00","CNUNDAWF","3.403971",NA,NA,NA
"D","DISPATCH","UNIT_SCADA",1,"2018/06/01 18:20:00","CULLRGWF","7.47",NA,NA,NA
"D","DISPATCH","UNIT_SCADA",1,"2018/06/01 18:20:00","ERGT01","0",NA,NA,NA
"D","DISPATCH","UNIT_SCADA",1,"2018/06/01 18:20:00","GB01","0.048180",NA,NA,NA
"D","DISPATCH","UNIT_SCADA",1,"2018/06/01 18:20:00","GERMCRK","32.900002",NA,NA,NA
"D","DISPATCH","UNIT_SCADA",1,"2018/06/01 18:20:00","GRIFSF1","0",NA,NA,NA
"D","DISPATCH","UNIT_SCADA",1,"2018/06/01 18:20:00","HUGSF1","-0.0130",NA,NA,NA
"D","DISPATCH","UNIT_SCADA",1,"2018/06/01 18:20:00","INVICTA","0",NA,NA,NA
"D","DISPATCH","UNIT_SCADA",1,"2018/06/01 18:20:00","LKBONNY1","3.483065",NA,NA,NA
"D","DISPATCH","UNIT_SCADA",1,"2018/06/01 18:20:00","LRSF1","0.0070",NA,NA,NA
"D","DISPATCH","UNIT_SCADA",1,"2018/06/01 18:20:00","MBAHNTH","47.512497",NA,NA,NA
"D","DISPATCH","UNIT_SCADA",1,"2018/06/01 18:20:00","MLSP1","0.274001",NA,NA,NA
"D","DISPATCH","UNIT_SCADA",1,"2018/06/01 18:20:00","MLWF1","0.0750",NA,NA,NA
"D","DISPATCH","UNIT_SCADA",1,"2018/06/01 18:20:00","MTMILLAR","6.585561",NA,NA,NA
"D","DISPATCH","UNIT_SCADA",1,"2018/06/01 18:20:00","PALOONA","13.03",NA,NA,NA
"D","DISPATCH","UNIT_SCADA",1,"2018/06/01 18:20:00","PIONEER","-0.90",NA,NA,NA
"D","DISPATCH","UNIT_SCADA",1,"2018/06/01 18:20:00","PORTWF","1.40",NA,NA,NA
"D","DISPATCH","UNIT_SCADA",1,"2018/06/01 18:20:00","REPULSE","0",NA,NA,NA
"D","DISPATCH","UNIT_SCADA",1,"2018/06/01 18:20:00","ROWALLAN","6.3403",NA,NA,NA
"D","DISPATCH","UNIT_SCADA",1,"2018/06/01 18:20:00","ROYALLA1","0",NA,NA,NA
"D","DISPATCH","UNIT_SCADA",1,"2018/06/01 18:20:00","RPCG","-0.30",NA,NA,NA
"D","DISPATCH","UNIT_SCADA",1,"2018/06/01 18:20:00","RUBICON","0",NA,NA,NA
"D","DISPATCH","UNIT_SCADA",1,"2018/06/01 18:20:00","SMCSF1","0",NA,NA,NA
"D","DISPATCH","UNIT_SCADA",1,"2018/06/01 18:20:00","STARHLWF","1.399592",NA,NA,NA
"D","DISPATCH","UNIT_SCADA",1,"2018/06/01 18:20:00","WAUBRAWF","33.742001",NA,NA,NA
"D","DISPATCH","UNIT_SCADA",1,"2018/06/01 18:20:00","WOOLNTH1","3.010015",NA,NA,NA
"D","DISPATCH","UNIT_SCADA",1,"2018/06/01 18:20:00","WPWF","-1",NA,NA,NA
"D","DISPATCH","UNIT_SCADA",1,"2018/06/01 18:20:00","YAMBUKWF","1.30",NA,NA,NA
"D","DISPATCH","UNIT_SCADA",1,"2018/06/01 18:20:00","YSWF1","2.10",NA,NA,NA
"D","DISPATCH","UNIT_SCADA",1,"2018/06/01 18:10:00","BARCSF1","0.20",NA,NA,NA
"D","DISPATCH","UNIT_SCADA",1,"2018/06/01 18:10:00","BUTLERSG","9.099998",NA,NA,NA
"D","DISPATCH","UNIT_SCADA",1,"2018/06/01 18:10:00","CALL_A_4","0",NA,NA,NA
"D","DISPATCH","UNIT_SCADA",1,"2018/06/01 18:10:00","CAPTL_WF","51.9720",NA,NA,NA
"D","DISPATCH","UNIT_SCADA",1,"2018/06/01 18:10:00","CATHROCK","7.809999",NA,NA,NA
"D","DISPATCH","UNIT_SCADA",1,"2018/06/01 18:10:00","CHALLHWF","4.50",NA,NA,NA
"D","DISPATCH","UNIT_SCADA",1,"2018/06/01 18:10:00","CLOVER","19.700001",NA,NA,NA
"D","DISPATCH","UNIT_SCADA",1,"2018/06/01 18:10:00","CLUNY","9.005722",NA,NA,NA
"D","DISPATCH","UNIT_SCADA",1,"2018/06/01 18:10:00","CNUNDAWF","2.603037",NA,NA,NA
"D","DISPATCH","UNIT_SCADA",1,"2018/06/01 18:10:00","CULLRGWF","5.76",NA,NA,NA
"D","DISPATCH","UNIT_SCADA",1,"2018/06/01 18:10:00","ERGT01","0",NA,NA,NA
"D","DISPATCH","UNIT_SCADA",1,"2018/06/01 18:10:00","GB01","0.048180",NA,NA,NA
"D","DISPATCH","UNIT_SCADA",1,"2018/06/01 18:10:00","GERMCRK","33.099998",NA,NA,NA
"D","DISPATCH","UNIT_SCADA",1,"2018/06/01 18:10:00","GRIFSF1","0",NA,NA,NA
"D","DISPATCH","UNIT_SCADA",1,"2018/06/01 18:10:00","HUGSF1","-0.0130",NA,NA,NA
"D","DISPATCH","UNIT_SCADA",1,"2018/06/01 18:10:00","INVICTA","0",NA,NA,NA
"D","DISPATCH","UNIT_SCADA",1,"2018/06/01 18:10:00","LKBONNY1","2.411353",NA,NA,NA
"D","DISPATCH","UNIT_SCADA",1,"2018/06/01 18:10:00","LRSF1","0.0070",NA,NA,NA
"D","DISPATCH","UNIT_SCADA",1,"2018/06/01 18:10:00","MBAHNTH","58.518753",NA,NA,NA
"D","DISPATCH","UNIT_SCADA",1,"2018/06/01 18:10:00","MLSP1","0.274001",NA,NA,NA
"D","DISPATCH","UNIT_SCADA",1,"2018/06/01 18:10:00","MLWF1","0.0750",NA,NA,NA
"D","DISPATCH","UNIT_SCADA",1,"2018/06/01 18:10:00","MTMILLAR","5.008003",NA,NA,NA
"D","DISPATCH","UNIT_SCADA",1,"2018/06/01 18:10:00","PALOONA","13.03",NA,NA,NA
"D","DISPATCH","UNIT_SCADA",1,"2018/06/01 18:10:00","PIONEER","-0.90",NA,NA,NA
"D","DISPATCH","UNIT_SCADA",1,"2018/06/01 18:10:00","PORTWF","1.30",NA,NA,NA
"D","DISPATCH","UNIT_SCADA",1,"2018/06/01 18:10:00","REPULSE","0",NA,NA,NA
"D","DISPATCH","UNIT_SCADA",1,"2018/06/01 18:10:00","ROWALLAN","6.3332",NA,NA,NA
"D","DISPATCH","UNIT_SCADA",1,"2018/06/01 18:10:00","ROYALLA1","0",NA,NA,NA
"D","DISPATCH","UNIT_SCADA",1,"2018/06/01 18:10:00","RPCG","-0.30",NA,NA,NA
"D","DISPATCH","UNIT_SCADA",1,"2018/06/01 18:10:00","RUBICON","0",NA,NA,NA
"D","DISPATCH","UNIT_SCADA",1,"2018/06/01 18:10:00","SMCSF1","0",NA,NA,NA
"D","DISPATCH","UNIT_SCADA",1,"2018/06/01 18:10:00","STARHLWF","0.999708",NA,NA,NA
"D","DISPATCH","UNIT_SCADA",1,"2018/06/01 18:10:00","WAUBRAWF","30.5690",NA,NA,NA
"D","DISPATCH","UNIT_SCADA",1,"2018/06/01 18:10:00","WOOLNTH1","2.630015",NA,NA,NA
"D","DISPATCH","UNIT_SCADA",1,"2018/06/01 18:10:00","WPWF","-1",NA,NA,NA
"D","DISPATCH","UNIT_SCADA",1,"2018/06/01 18:10:00","YAMBUKWF","1.10",NA,NA,NA
"D","DISPATCH","UNIT_SCADA",1,"2018/06/01 18:10:00","YSWF1","2.10",NA,NA,NA
"D","DISPATCH","UNIT_SCADA",1,"2018/06/01 18:15:00","BARCSF1","0.20",NA,NA,NA
"D","DISPATCH","UNIT_SCADA",1,"2018/06/01 18:15:00","BUTLERSG","9.199999",NA,NA,NA
"D","DISPATCH","UNIT_SCADA",1,"2018/06/01 18:15:00","CALL_A_4","0",NA,NA,NA
"D","DISPATCH","UNIT_SCADA",1,"2018/06/01 18:15:00","CAPTL_WF","54.587997",NA,NA,NA
"D","DISPATCH","UNIT_SCADA",1,"2018/06/01 18:15:00","CATHROCK","7.449999",NA,NA,NA
"D","DISPATCH","UNIT_SCADA",1,"2018/06/01 18:15:00","CHALLHWF","4.70",NA,NA,NA
"D","DISPATCH","UNIT_SCADA",1,"2018/06/01 18:15:00","CLOVER","20.130001",NA,NA,NA
"D","DISPATCH","UNIT_SCADA",1,"2018/06/01 18:15:00","CLUNY","9.062486",NA,NA,NA
"D","DISPATCH","UNIT_SCADA",1,"2018/06/01 18:15:00","CNUNDAWF","2.603037",NA,NA,NA
"D","DISPATCH","UNIT_SCADA",1,"2018/06/01 18:15:00","CULLRGWF","7.55",NA,NA,NA
"D","DISPATCH","UNIT_SCADA",1,"2018/06/01 18:15:00","ERGT01","0",NA,NA,NA
"D","DISPATCH","UNIT_SCADA",1,"2018/06/01 18:15:00","GB01","0.048180",NA,NA,NA
"D","DISPATCH","UNIT_SCADA",1,"2018/06/01 18:15:00","GERMCRK","33.599998",NA,NA,NA
"D","DISPATCH","UNIT_SCADA",1,"2018/06/01 18:15:00","GRIFSF1","0",NA,NA,NA
"D","DISPATCH","UNIT_SCADA",1,"2018/06/01 18:15:00","HUGSF1","-0.0130",NA,NA,NA
"D","DISPATCH","UNIT_SCADA",1,"2018/06/01 18:15:00","INVICTA","0",NA,NA,NA
"D","DISPATCH","UNIT_SCADA",1,"2018/06/01 18:15:00","LKBONNY1","2.500662",NA,NA,NA
"D","DISPATCH","UNIT_SCADA",1,"2018/06/01 18:15:00","LRSF1","0.0070",NA,NA,NA
"D","DISPATCH","UNIT_SCADA",1,"2018/06/01 18:15:00","MBAHNTH","54.731247",NA,NA,NA
"D","DISPATCH","UNIT_SCADA",1,"2018/06/01 18:15:00","MLSP1","0.274001",NA,NA,NA
"D","DISPATCH","UNIT_SCADA",1,"2018/06/01 18:15:00","MLWF1","0.0750",NA,NA,NA
"D","DISPATCH","UNIT_SCADA",1,"2018/06/01 18:15:00","MTMILLAR","5.767016",NA,NA,NA
"D","DISPATCH","UNIT_SCADA",1,"2018/06/01 18:15:00","PALOONA","13.03",NA,NA,NA
"D","DISPATCH","UNIT_SCADA",1,"2018/06/01 18:15:00","PIONEER","-0.90",NA,NA,NA
"D","DISPATCH","UNIT_SCADA",1,"2018/06/01 18:15:00","PORTWF","1.10",NA,NA,NA
"D","DISPATCH","UNIT_SCADA",1,"2018/06/01 18:15:00","REPULSE","0",NA,NA,NA
"D","DISPATCH","UNIT_SCADA",1,"2018/06/01 18:15:00","ROWALLAN","6.2764",NA,NA,NA
"D","DISPATCH","UNIT_SCADA",1,"2018/06/01 18:15:00","ROYALLA1","0",NA,NA,NA
"D","DISPATCH","UNIT_SCADA",1,"2018/06/01 18:15:00","RPCG","-0.30",NA,NA,NA
"D","DISPATCH","UNIT_SCADA",1,"2018/06/01 18:15:00","RUBICON","0",NA,NA,NA
"D","DISPATCH","UNIT_SCADA",1,"2018/06/01 18:15:00","SMCSF1","0",NA,NA,NA
"D","DISPATCH","UNIT_SCADA",1,"2018/06/01 18:15:00","STARHLWF","0.999708",NA,NA,NA
"D","DISPATCH","UNIT_SCADA",1,"2018/06/01 18:15:00","WAUBRAWF","33.243999",NA,NA,NA
"D","DISPATCH","UNIT_SCADA",1,"2018/06/01 18:15:00","WOOLNTH1","2.810015",NA,NA,NA
"D","DISPATCH","UNIT_SCADA",1,"2018/06/01 18:15:00","WPWF","-1",NA,NA,NA
"D","DISPATCH","UNIT_SCADA",1,"2018/06/01 18:15:00","YAMBUKWF","1",NA,NA,NA
"D","DISPATCH","UNIT_SCADA",1,"2018/06/01 18:15:00","YSWF1","2.10",NA,NA,NA
"D","DISPATCH","UNIT_SCADA",1,"2018/06/01 18:25:00","BARCSF1","0.20",NA,NA,NA
"D","DISPATCH","UNIT_SCADA",1,"2018/06/01 18:25:00","BUTLERSG","9.199999",NA,NA,NA
"D","DISPATCH","UNIT_SCADA",1,"2018/06/01 18:25:00","CALL_A_4","0",NA,NA,NA
"D","DISPATCH","UNIT_SCADA",1,"2018/06/01 18:25:00","CAPTL_WF","55.7080",NA,NA,NA
"D","DISPATCH","UNIT_SCADA",1,"2018/06/01 18:25:00","CATHROCK","6.119999",NA,NA,NA
"D","DISPATCH","UNIT_SCADA",1,"2018/06/01 18:25:00","CHALLHWF","5.40",NA,NA,NA
"D","DISPATCH","UNIT_SCADA",1,"2018/06/01 18:25:00","CLOVER","23.09",NA,NA,NA
"D","DISPATCH","UNIT_SCADA",1,"2018/06/01 18:25:00","CLUNY","9.024948",NA,NA,NA
"D","DISPATCH","UNIT_SCADA",1,"2018/06/01 18:25:00","CNUNDAWF","3.403971",NA,NA,NA
"D","DISPATCH","UNIT_SCADA",1,"2018/06/01 18:25:00","CULLRGWF","6.34",NA,NA,NA
"D","DISPATCH","UNIT_SCADA",1,"2018/06/01 18:25:00","ERGT01","0",NA,NA,NA
"D","DISPATCH","UNIT_SCADA",1,"2018/06/01 18:25:00","GB01","0.048180",NA,NA,NA
"D","DISPATCH","UNIT_SCADA",1,"2018/06/01 18:25:00","GERMCRK","32.900002",NA,NA,NA
"D","DISPATCH","UNIT_SCADA",1,"2018/06/01 18:25:00","GRIFSF1","0",NA,NA,NA
"D","DISPATCH","UNIT_SCADA",1,"2018/06/01 18:25:00","HUGSF1","-0.0130",NA,NA,NA
"D","DISPATCH","UNIT_SCADA",1,"2018/06/01 18:25:00","INVICTA","0",NA,NA,NA
"D","DISPATCH","UNIT_SCADA",1,"2018/06/01 18:25:00","LKBONNY1","3.572375",NA,NA,NA
"D","DISPATCH","UNIT_SCADA",1,"2018/06/01 18:25:00","LRSF1","0.0070",NA,NA,NA
"D","DISPATCH","UNIT_SCADA",1,"2018/06/01 18:25:00","MBAHNTH","47.193741",NA,NA,NA
"D","DISPATCH","UNIT_SCADA",1,"2018/06/01 18:25:00","MLSP1","0.274001",NA,NA,NA
"D","DISPATCH","UNIT_SCADA",1,"2018/06/01 18:25:00","MLWF1","0.0750",NA,NA,NA
"D","DISPATCH","UNIT_SCADA",1,"2018/06/01 18:25:00","MTMILLAR","7.285044",NA,NA,NA
"D","DISPATCH","UNIT_SCADA",1,"2018/06/01 18:25:00","PALOONA","13.03",NA,NA,NA
"D","DISPATCH","UNIT_SCADA",1,"2018/06/01 18:25:00","PIONEER","-0.90",NA,NA,NA
"D","DISPATCH","UNIT_SCADA",1,"2018/06/01 18:25:00","PORTWF","1.40",NA,NA,NA
"D","DISPATCH","UNIT_SCADA",1,"2018/06/01 18:25:00","REPULSE","0",NA,NA,NA
"D","DISPATCH","UNIT_SCADA",1,"2018/06/01 18:25:00","ROWALLAN","6.4610",NA,NA,NA
"D","DISPATCH","UNIT_SCADA",1,"2018/06/01 18:25:00","ROYALLA1","0",NA,NA,NA
"D","DISPATCH","UNIT_SCADA",1,"2018/06/01 18:25:00","RPCG","-0.30",NA,NA,NA
"D","DISPATCH","UNIT_SCADA",1,"2018/06/01 18:25:00","RUBICON","0",NA,NA,NA
"D","DISPATCH","UNIT_SCADA",1,"2018/06/01 18:25:00","SMCSF1","0",NA,NA,NA
"D","DISPATCH","UNIT_SCADA",1,"2018/06/01 18:25:00","STARHLWF","1.399592",NA,NA,NA
"D","DISPATCH","UNIT_SCADA",1,"2018/06/01 18:25:00","WAUBRAWF","34.4860",NA,NA,NA
"D","DISPATCH","UNIT_SCADA",1,"2018/06/01 18:25:00","WOOLNTH1","2.870015",NA,NA,NA
"D","DISPATCH","UNIT_SCADA",1,"2018/06/01 18:25:00","WPWF","-1",NA,NA,NA
"D","DISPATCH","UNIT_SCADA",1,"2018/06/01 18:25:00","YAMBUKWF","1.60",NA,NA,NA
"D","DISPATCH","UNIT_SCADA",1,"2018/06/01 18:25:00","YSWF1","1.50",NA,NA,NA
"D","DISPATCH","UNIT_SCADA",1,"2018/06/01 18:30:00","BARCSF1","0.20",NA,NA,NA
"D","DISPATCH","UNIT_SCADA",1,"2018/06/01 18:30:00","BUTLERSG","9.099998",NA,NA,NA
"D","DISPATCH","UNIT_SCADA",1,"2018/06/01 18:30:00","CALL_A_4","0",NA,NA,NA
"D","DISPATCH","UNIT_SCADA",1,"2018/06/01 18:30:00","CAPTL_WF","53.087997",NA,NA,NA
"D","DISPATCH","UNIT_SCADA",1,"2018/06/01 18:30:00","CATHROCK","7.26",NA,NA,NA
"D","DISPATCH","UNIT_SCADA",1,"2018/06/01 18:30:00","CHALLHWF","5.90",NA,NA,NA
"D","DISPATCH","UNIT_SCADA",1,"2018/06/01 18:30:00","CLOVER","24.349998",NA,NA,NA
"D","DISPATCH","UNIT_SCADA",1,"2018/06/01 18:30:00","CLUNY","9.001144",NA,NA,NA
"D","DISPATCH","UNIT_SCADA",1,"2018/06/01 18:30:00","CNUNDAWF","3.103621",NA,NA,NA
"D","DISPATCH","UNIT_SCADA",1,"2018/06/01 18:30:00","CULLRGWF","7.02",NA,NA,NA
"D","DISPATCH","UNIT_SCADA",1,"2018/06/01 18:30:00","ERGT01","0",NA,NA,NA
"D","DISPATCH","UNIT_SCADA",1,"2018/06/01 18:30:00","GB01","0.048180",NA,NA,NA
"D","DISPATCH","UNIT_SCADA",1,"2018/06/01 18:30:00","GERMCRK","32.599998",NA,NA,NA
"D","DISPATCH","UNIT_SCADA",1,"2018/06/01 18:30:00","GRIFSF1","0",NA,NA,NA
"D","DISPATCH","UNIT_SCADA",1,"2018/06/01 18:30:00","HUGSF1","-0.0130",NA,NA,NA
"D","DISPATCH","UNIT_SCADA",1,"2018/06/01 18:30:00","INVICTA","0",NA,NA,NA
"D","DISPATCH","UNIT_SCADA",1,"2018/06/01 18:30:00","LKBONNY1","3.304446",NA,NA,NA
"D","DISPATCH","UNIT_SCADA",1,"2018/06/01 18:30:00","LRSF1","0.0070",NA,NA,NA
"D","DISPATCH","UNIT_SCADA",1,"2018/06/01 18:30:00","MBAHNTH","48.3750",NA,NA,NA
"D","DISPATCH","UNIT_SCADA",1,"2018/06/01 18:30:00","MLSP1","0.274001",NA,NA,NA
"D","DISPATCH","UNIT_SCADA",1,"2018/06/01 18:30:00","MLWF1","0.36",NA,NA,NA
"D","DISPATCH","UNIT_SCADA",1,"2018/06/01 18:30:00","MTMILLAR","8.371475",NA,NA,NA
"D","DISPATCH","UNIT_SCADA",1,"2018/06/01 18:30:00","PALOONA","13.03",NA,NA,NA
"D","DISPATCH","UNIT_SCADA",1,"2018/06/01 18:30:00","PIONEER","-0.90",NA,NA,NA
"D","DISPATCH","UNIT_SCADA",1,"2018/06/01 18:30:00","PORTWF","1.10",NA,NA,NA
"D","DISPATCH","UNIT_SCADA",1,"2018/06/01 18:30:00","REPULSE","0",NA,NA,NA
"D","DISPATCH","UNIT_SCADA",1,"2018/06/01 18:30:00","ROWALLAN","6.6030",NA,NA,NA
"D","DISPATCH","UNIT_SCADA",1,"2018/06/01 18:30:00","ROYALLA1","0",NA,NA,NA
"D","DISPATCH","UNIT_SCADA",1,"2018/06/01 18:30:00","RPCG","-0.30",NA,NA,NA
"D","DISPATCH","UNIT_SCADA",1,"2018/06/01 18:30:00","RUBICON","0",NA,NA,NA
"D","DISPATCH","UNIT_SCADA",1,"2018/06/01 18:30:00","SMCSF1","0",NA,NA,NA
"D","DISPATCH","UNIT_SCADA",1,"2018/06/01 18:30:00","STARHLWF","1.899446",NA,NA,NA
"D","DISPATCH","UNIT_SCADA",1,"2018/06/01 18:30:00","WAUBRAWF","35.772999",NA,NA,NA
"D","DISPATCH","UNIT_SCADA",1,"2018/06/01 18:30:00","WOOLNTH1","2.470015",NA,NA,NA
"D","DISPATCH","UNIT_SCADA",1,"2018/06/01 18:30:00","WPWF","-1",NA,NA,NA
"D","DISPATCH","UNIT_SCADA",1,"2018/06/01 18:30:00","YAMBUKWF","1.80",NA,NA,NA
"D","DISPATCH","UNIT_SCADA",1,"2018/06/01 18:30:00","YSWF1","1.40",NA,NA,NA
"D","DISPATCH","UNIT_SCADA",1,"2018/06/01 18:35:00","BARCSF1","0.20",NA,NA,NA
"D","DISPATCH","UNIT_SCADA",1,"2018/06/01 18:35:00","BUTLERSG","9.199999",NA,NA,NA
"D","DISPATCH","UNIT_SCADA",1,"2018/06/01 18:35:00","CALL_A_4","0",NA,NA,NA
"D","DISPATCH","UNIT_SCADA",1,"2018/06/01 18:35:00","CAPTL_WF","56.231995",NA,NA,NA
"D","DISPATCH","UNIT_SCADA",1,"2018/06/01 18:35:00","CATHROCK","10.36",NA,NA,NA
"D","DISPATCH","UNIT_SCADA",1,"2018/06/01 18:35:00","CHALLHWF","6.40",NA,NA,NA
"D","DISPATCH","UNIT_SCADA",1,"2018/06/01 18:35:00","CLOVER","24.16",NA,NA,NA
"D","DISPATCH","UNIT_SCADA",1,"2018/06/01 18:35:00","CLUNY","9.001144",NA,NA,NA
"D","DISPATCH","UNIT_SCADA",1,"2018/06/01 18:35:00","CNUNDAWF","2.703153",NA,NA,NA
"D","DISPATCH","UNIT_SCADA",1,"2018/06/01 18:35:00","CULLRGWF","7.31",NA,NA,NA
"D","DISPATCH","UNIT_SCADA",1,"2018/06/01 18:35:00","ERGT01","0",NA,NA,NA
"D","DISPATCH","UNIT_SCADA",1,"2018/06/01 18:35:00","GB01","0.048180",NA,NA,NA
"D","DISPATCH","UNIT_SCADA",1,"2018/06/01 18:35:00","GERMCRK","32.799999",NA,NA,NA
"D","DISPATCH","UNIT_SCADA",1,"2018/06/01 18:35:00","GRIFSF1","0",NA,NA,NA
"D","DISPATCH","UNIT_SCADA",1,"2018/06/01 18:35:00","HUGSF1","-0.0130",NA,NA,NA
"D","DISPATCH","UNIT_SCADA",1,"2018/06/01 18:35:00","INVICTA","0",NA,NA,NA
"D","DISPATCH","UNIT_SCADA",1,"2018/06/01 18:35:00","LKBONNY1","4.376159",NA,NA,NA
"D","DISPATCH","UNIT_SCADA",1,"2018/06/01 18:35:00","LRSF1","0.0070",NA,NA,NA
"D","DISPATCH","UNIT_SCADA",1,"2018/06/01 18:35:00","MBAHNTH","52.406250",NA,NA,NA
"D","DISPATCH","UNIT_SCADA",1,"2018/06/01 18:35:00","MLSP1","0.274001",NA,NA,NA
"D","DISPATCH","UNIT_SCADA",1,"2018/06/01 18:35:00","MLWF1","0.45",NA,NA,NA
"D","DISPATCH","UNIT_SCADA",1,"2018/06/01 18:35:00","MTMILLAR","8.728659",NA,NA,NA
"D","DISPATCH","UNIT_SCADA",1,"2018/06/01 18:35:00","PALOONA","13.03",NA,NA,NA
"D","DISPATCH","UNIT_SCADA",1,"2018/06/01 18:35:00","PIONEER","-0.90",NA,NA,NA
"D","DISPATCH","UNIT_SCADA",1,"2018/06/01 18:35:00","PORTWF","1",NA,NA,NA
"D","DISPATCH","UNIT_SCADA",1,"2018/06/01 18:35:00","REPULSE","0",NA,NA,NA
"D","DISPATCH","UNIT_SCADA",1,"2018/06/01 18:35:00","ROWALLAN","6.5320",NA,NA,NA
"D","DISPATCH","UNIT_SCADA",1,"2018/06/01 18:35:00","ROYALLA1","0",NA,NA,NA
"D","DISPATCH","UNIT_SCADA",1,"2018/06/01 18:35:00","RPCG","-0.30",NA,NA,NA
"D","DISPATCH","UNIT_SCADA",1,"2018/06/01 18:35:00","RUBICON","0",NA,NA,NA
"D","DISPATCH","UNIT_SCADA",1,"2018/06/01 18:35:00","SMCSF1","0",NA,NA,NA
"D","DISPATCH","UNIT_SCADA",1,"2018/06/01 18:35:00","STARHLWF","2.199359",NA,NA,NA
"D","DISPATCH","UNIT_SCADA",1,"2018/06/01 18:35:00","WAUBRAWF","35.155998",NA,NA,NA
"D","DISPATCH","UNIT_SCADA",1,"2018/06/01 18:35:00","WOOLNTH1","2.050015",NA,NA,NA
"D","DISPATCH","UNIT_SCADA",1,"2018/06/01 18:35:00","WPWF","-1",NA,NA,NA
"D","DISPATCH","UNIT_SCADA",1,"2018/06/01 18:35:00","YAMBUKWF","2.30",NA,NA,NA
"D","DISPATCH","UNIT_SCADA",1,"2018/06/01 18:35:00","YSWF1","1.50",NA,NA,NA
"D","DISPATCH","UNIT_SCADA",1,"2018/06/01 18:40:00","BARCSF1","0.20",NA,NA,NA
"D","DISPATCH","UNIT_SCADA",1,"2018/06/01 18:40:00","BUTLERSG","9.199999",NA,NA,NA
"D","DISPATCH","UNIT_SCADA",1,"2018/06/01 18:40:00","CALL_A_4","0",NA,NA,NA
"D","DISPATCH","UNIT_SCADA",1,"2018/06/01 18:40:00","CAPTL_WF","55.512001",NA,NA,NA
"D","DISPATCH","UNIT_SCADA",1,"2018/06/01 18:40:00","CATHROCK","12.559999",NA,NA,NA
"D","DISPATCH","UNIT_SCADA",1,"2018/06/01 18:40:00","CHALLHWF","6.50",NA,NA,NA
"D","DISPATCH","UNIT_SCADA",1,"2018/06/01 18:40:00","CLOVER","23.59",NA,NA,NA
"D","DISPATCH","UNIT_SCADA",1,"2018/06/01 18:40:00","CLUNY","8.986496",NA,NA,NA
"D","DISPATCH","UNIT_SCADA",1,"2018/06/01 18:40:00","CNUNDAWF","2.703153",NA,NA,NA
"D","DISPATCH","UNIT_SCADA",1,"2018/06/01 18:40:00","CULLRGWF","6.83",NA,NA,NA
"D","DISPATCH","UNIT_SCADA",1,"2018/06/01 18:40:00","ERGT01","0",NA,NA,NA
"D","DISPATCH","UNIT_SCADA",1,"2018/06/01 18:40:00","GB01","0.048180",NA,NA,NA
"D","DISPATCH","UNIT_SCADA",1,"2018/06/01 18:40:00","GERMCRK","32.799999",NA,NA,NA
"D","DISPATCH","UNIT_SCADA",1,"2018/06/01 18:40:00","GRIFSF1","0",NA,NA,NA
"D","DISPATCH","UNIT_SCADA",1,"2018/06/01 18:40:00","HUGSF1","-0.0130",NA,NA,NA
"D","DISPATCH","UNIT_SCADA",1,"2018/06/01 18:40:00","INVICTA","0",NA,NA,NA
"D","DISPATCH","UNIT_SCADA",1,"2018/06/01 18:40:00","LKBONNY1","4.465468",NA,NA,NA
"D","DISPATCH","UNIT_SCADA",1,"2018/06/01 18:40:00","LRSF1","0.0070",NA,NA,NA
"D","DISPATCH","UNIT_SCADA",1,"2018/06/01 18:40:00","MBAHNTH","52.406250",NA,NA,NA
"D","DISPATCH","UNIT_SCADA",1,"2018/06/01 18:40:00","MLSP1","0.274001",NA,NA,NA
"D","DISPATCH","UNIT_SCADA",1,"2018/06/01 18:40:00","MLWF1","0.7650",NA,NA,NA
"D","DISPATCH","UNIT_SCADA",1,"2018/06/01 18:40:00","MTMILLAR","9.018869",NA,NA,NA
"D","DISPATCH","UNIT_SCADA",1,"2018/06/01 18:40:00","PALOONA","13.03",NA,NA,NA
"D","DISPATCH","UNIT_SCADA",1,"2018/06/01 18:40:00","PIONEER","-0.90",NA,NA,NA
"D","DISPATCH","UNIT_SCADA",1,"2018/06/01 18:40:00","PORTWF","1.10",NA,NA,NA
"D","DISPATCH","UNIT_SCADA",1,"2018/06/01 18:40:00","REPULSE","0",NA,NA,NA
"D","DISPATCH","UNIT_SCADA",1,"2018/06/01 18:40:00","ROWALLAN","6.5746",NA,NA,NA
"D","DISPATCH","UNIT_SCADA",1,"2018/06/01 18:40:00","ROYALLA1","0",NA,NA,NA
"D","DISPATCH","UNIT_SCADA",1,"2018/06/01 18:40:00","RPCG","-0.30",NA,NA,NA
"D","DISPATCH","UNIT_SCADA",1,"2018/06/01 18:40:00","RUBICON","0",NA,NA,NA
"D","DISPATCH","UNIT_SCADA",1,"2018/06/01 18:40:00","SMCSF1","0",NA,NA,NA
"D","DISPATCH","UNIT_SCADA",1,"2018/06/01 18:40:00","STARHLWF","2.199359",NA,NA,NA
"D","DISPATCH","UNIT_SCADA",1,"2018/06/01 18:40:00","WAUBRAWF","35.976002",NA,NA,NA
"D","DISPATCH","UNIT_SCADA",1,"2018/06/01 18:40:00","WOOLNTH1","1.170015",NA,NA,NA
"D","DISPATCH","UNIT_SCADA",1,"2018/06/01 18:40:00","WPWF","-1",NA,NA,NA
"D","DISPATCH","UNIT_SCADA",1,"2018/06/01 18:40:00","YAMBUKWF","2.90",NA,NA,NA
"D","DISPATCH","UNIT_SCADA",1,"2018/06/01 18:40:00","YSWF1","1.50",NA,NA,NA
"D","DISPATCH","UNIT_SCADA",1,"2018/06/01 18:45:00","BARCSF1","0.20",NA,NA,NA
"D","DISPATCH","UNIT_SCADA",1,"2018/06/01 18:45:00","BUTLERSG","9.199999",NA,NA,NA
"D","DISPATCH","UNIT_SCADA",1,"2018/06/01 18:45:00","CALL_A_4","0",NA,NA,NA
"D","DISPATCH","UNIT_SCADA",1,"2018/06/01 18:45:00","CAPTL_WF","60.748001",NA,NA,NA
"D","DISPATCH","UNIT_SCADA",1,"2018/06/01 18:45:00","CATHROCK","16.849998",NA,NA,NA
"D","DISPATCH","UNIT_SCADA",1,"2018/06/01 18:45:00","CHALLHWF","6.60",NA,NA,NA
"D","DISPATCH","UNIT_SCADA",1,"2018/06/01 18:45:00","CLOVER","23.959999",NA,NA,NA
"D","DISPATCH","UNIT_SCADA",1,"2018/06/01 18:45:00","CLUNY","9.020370",NA,NA,NA
"D","DISPATCH","UNIT_SCADA",1,"2018/06/01 18:45:00","CNUNDAWF","2.302686",NA,NA,NA
"D","DISPATCH","UNIT_SCADA",1,"2018/06/01 18:45:00","CULLRGWF","5.45",NA,NA,NA
"D","DISPATCH","UNIT_SCADA",1,"2018/06/01 18:45:00","ERGT01","0",NA,NA,NA
"D","DISPATCH","UNIT_SCADA",1,"2018/06/01 18:45:00","GB01","0.048180",NA,NA,NA
"D","DISPATCH","UNIT_SCADA",1,"2018/06/01 18:45:00","GERMCRK","33.299999",NA,NA,NA
"D","DISPATCH","UNIT_SCADA",1,"2018/06/01 18:45:00","GRIFSF1","0",NA,NA,NA
"D","DISPATCH","UNIT_SCADA",1,"2018/06/01 18:45:00","HUGSF1","-0.0130",NA,NA,NA
"D","DISPATCH","UNIT_SCADA",1,"2018/06/01 18:45:00","INVICTA","0",NA,NA,NA
"D","DISPATCH","UNIT_SCADA",1,"2018/06/01 18:45:00","LKBONNY1","3.929612",NA,NA,NA
"D","DISPATCH","UNIT_SCADA",1,"2018/06/01 18:45:00","LRSF1","0.0070",NA,NA,NA
"D","DISPATCH","UNIT_SCADA",1,"2018/06/01 18:45:00","MBAHNTH","52.406250",NA,NA,NA
"D","DISPATCH","UNIT_SCADA",1,"2018/06/01 18:45:00","MLSP1","0.274001",NA,NA,NA
"D","DISPATCH","UNIT_SCADA",1,"2018/06/01 18:45:00","MLWF1","0.7650",NA,NA,NA
"D","DISPATCH","UNIT_SCADA",1,"2018/06/01 18:45:00","MTMILLAR","9.018869",NA,NA,NA
"D","DISPATCH","UNIT_SCADA",1,"2018/06/01 18:45:00","PALOONA","13.049999",NA,NA,NA
"D","DISPATCH","UNIT_SCADA",1,"2018/06/01 18:45:00","PIONEER","-0.90",NA,NA,NA
"D","DISPATCH","UNIT_SCADA",1,"2018/06/01 18:45:00","PORTWF","0.80",NA,NA,NA
"D","DISPATCH","UNIT_SCADA",1,"2018/06/01 18:45:00","REPULSE","0",NA,NA,NA
"D","DISPATCH","UNIT_SCADA",1,"2018/06/01 18:45:00","ROWALLAN","6.4965",NA,NA,NA
"D","DISPATCH","UNIT_SCADA",1,"2018/06/01 18:45:00","ROYALLA1","0",NA,NA,NA
"D","DISPATCH","UNIT_SCADA",1,"2018/06/01 18:45:00","RPCG","-0.30",NA,NA,NA
"D","DISPATCH","UNIT_SCADA",1,"2018/06/01 18:45:00","RUBICON","0",NA,NA,NA
"D","DISPATCH","UNIT_SCADA",1,"2018/06/01 18:45:00","SMCSF1","0",NA,NA,NA
"D","DISPATCH","UNIT_SCADA",1,"2018/06/01 18:45:00","STARHLWF","2.199359",NA,NA,NA
"D","DISPATCH","UNIT_SCADA",1,"2018/06/01 18:45:00","WAUBRAWF","36.057999",NA,NA,NA
"D","DISPATCH","UNIT_SCADA",1,"2018/06/01 18:45:00","WOOLNTH1","0.650015",NA,NA,NA
"D","DISPATCH","UNIT_SCADA",1,"2018/06/01 18:45:00","WPWF","-1",NA,NA,NA
"D","DISPATCH","UNIT_SCADA",1,"2018/06/01 18:45:00","YAMBUKWF","3",NA,NA,NA
"D","DISPATCH","UNIT_SCADA",1,"2018/06/01 18:45:00","YSWF1","1.30",NA,NA,NA
"D","DISPATCH","UNIT_SCADA",1,"2018/06/01 18:50:00","BARCSF1","0.20",NA,NA,NA
"D","DISPATCH","UNIT_SCADA",1,"2018/06/01 18:50:00","BUTLERSG","9.199999",NA,NA,NA
"D","DISPATCH","UNIT_SCADA",1,"2018/06/01 18:50:00","CALL_A_4","0",NA,NA,NA
"D","DISPATCH","UNIT_SCADA",1,"2018/06/01 18:50:00","CAPTL_WF","64.551994",NA,NA,NA
"D","DISPATCH","UNIT_SCADA",1,"2018/06/01 18:50:00","CATHROCK","18.82",NA,NA,NA
"D","DISPATCH","UNIT_SCADA",1,"2018/06/01 18:50:00","CHALLHWF","6.50",NA,NA,NA
"D","DISPATCH","UNIT_SCADA",1,"2018/06/01 18:50:00","CLOVER","23.91",NA,NA,NA
"D","DISPATCH","UNIT_SCADA",1,"2018/06/01 18:50:00","CLUNY","9.038682",NA,NA,NA
"D","DISPATCH","UNIT_SCADA",1,"2018/06/01 18:50:00","CNUNDAWF","2.302686",NA,NA,NA
"D","DISPATCH","UNIT_SCADA",1,"2018/06/01 18:50:00","CULLRGWF","5.37",NA,NA,NA
"D","DISPATCH","UNIT_SCADA",1,"2018/06/01 18:50:00","ERGT01","0",NA,NA,NA
"D","DISPATCH","UNIT_SCADA",1,"2018/06/01 18:50:00","GB01","0.048180",NA,NA,NA
"D","DISPATCH","UNIT_SCADA",1,"2018/06/01 18:50:00","GERMCRK","33.200001",NA,NA,NA
"D","DISPATCH","UNIT_SCADA",1,"2018/06/01 18:50:00","GRIFSF1","0",NA,NA,NA
"D","DISPATCH","UNIT_SCADA",1,"2018/06/01 19:05:00","CAPTL_WF","59.572006",NA,NA,NA
"D","DISPATCH","UNIT_SCADA",1,"2018/06/01 19:05:00","BARCSF1","0.20",NA,NA,NA
"D","DISPATCH","UNIT_SCADA",1,"2018/06/01 19:05:00","BUTLERSG","9.199999",NA,NA,NA
"D","DISPATCH","UNIT_SCADA",1,"2018/06/01 19:05:00","CALL_A_4","0",NA,NA,NA
"D","DISPATCH","UNIT_SCADA",1,"2018/06/01 19:05:00","CATHROCK","16.40",NA,NA,NA
"D","DISPATCH","UNIT_SCADA",1,"2018/06/01 19:05:00","CHALLHWF","5.80",NA,NA,NA
"D","DISPATCH","UNIT_SCADA",1,"2018/06/01 19:05:00","CLOVER","24.299999",NA,NA,NA
"D","DISPATCH","UNIT_SCADA",1,"2018/06/01 19:05:00","CLUNY","8.962691",NA,NA,NA
"D","DISPATCH","UNIT_SCADA",1,"2018/06/01 19:05:00","CNUNDAWF","1.902219",NA,NA,NA
"D","DISPATCH","UNIT_SCADA",1,"2018/06/01 19:05:00","CULLRGWF","3.31",NA,NA,NA
"D","DISPATCH","UNIT_SCADA",1,"2018/06/01 19:05:00","ERGT01","0",NA,NA,NA
"D","DISPATCH","UNIT_SCADA",1,"2018/06/01 19:05:00","GB01","0.046604",NA,NA,NA
"D","DISPATCH","UNIT_SCADA",1,"2018/06/01 19:05:00","GERMCRK","30.10",NA,NA,NA
"D","DISPATCH","UNIT_SCADA",1,"2018/06/01 19:05:00","GRIFSF1","0",NA,NA,NA
"D","DISPATCH","UNIT_SCADA",1,"2018/06/01 19:05:00","HUGSF1","-0.0130",NA,NA,NA
"D","DISPATCH","UNIT_SCADA",1,"2018/06/01 19:05:00","INVICTA","0",NA,NA,NA
"D","DISPATCH","UNIT_SCADA",1,"2018/06/01 19:05:00","LKBONNY1","2.589972",NA,NA,NA
"D","DISPATCH","UNIT_SCADA",1,"2018/06/01 19:05:00","LRSF1","0.0070",NA,NA,NA
"D","DISPATCH","UNIT_SCADA",1,"2018/06/01 19:05:00","MBAHNTH","52.406250",NA,NA,NA
"D","DISPATCH","UNIT_SCADA",1,"2018/06/01 19:05:00","MLSP1","0.274001",NA,NA,NA
"D","DISPATCH","UNIT_SCADA",1,"2018/06/01 19:05:00","MLWF1","1.38",NA,NA,NA
"D","DISPATCH","UNIT_SCADA",1,"2018/06/01 19:05:00","MTMILLAR","9.041193",NA,NA,NA
"D","DISPATCH","UNIT_SCADA",1,"2018/06/01 19:05:00","PALOONA","12.87",NA,NA,NA
"D","DISPATCH","UNIT_SCADA",1,"2018/06/01 19:05:00","PIONEER","-0.90",NA,NA,NA
"D","DISPATCH","UNIT_SCADA",1,"2018/06/01 19:05:00","PORTWF","0.50",NA,NA,NA
"D","DISPATCH","UNIT_SCADA",1,"2018/06/01 19:05:00","REPULSE","0",NA,NA,NA
"D","DISPATCH","UNIT_SCADA",1,"2018/06/01 19:05:00","ROWALLAN","6.6101",NA,NA,NA
"D","DISPATCH","UNIT_SCADA",1,"2018/06/01 19:05:00","ROYALLA1","0",NA,NA,NA
"D","DISPATCH","UNIT_SCADA",1,"2018/06/01 19:05:00","RPCG","-0.30",NA,NA,NA
"D","DISPATCH","UNIT_SCADA",1,"2018/06/01 19:05:00","RUBICON","0",NA,NA,NA
"D","DISPATCH","UNIT_SCADA",1,"2018/06/01 19:05:00","SMCSF1","0",NA,NA,NA
"D","DISPATCH","UNIT_SCADA",1,"2018/06/01 19:05:00","STARHLWF","1.499563",NA,NA,NA
"D","DISPATCH","UNIT_SCADA",1,"2018/06/01 19:05:00","WAUBRAWF","38.702999",NA,NA,NA
"D","DISPATCH","UNIT_SCADA",1,"2018/06/01 19:05:00","WOOLNTH1","-0.169985",NA,NA,NA
"D","DISPATCH","UNIT_SCADA",1,"2018/06/01 19:05:00","WPWF","-1",NA,NA,NA
"D","DISPATCH","UNIT_SCADA",1,"2018/06/01 19:05:00","YAMBUKWF","4.20",NA,NA,NA
"D","DISPATCH","UNIT_SCADA",1,"2018/06/01 19:05:00","YSWF1","1.30",NA,NA,NA
"D","DISPATCH","UNIT_SCADA",1,"2018/06/01 18:50:00","HUGSF1","-0.0130",NA,NA,NA
"D","DISPATCH","UNIT_SCADA",1,"2018/06/01 18:50:00","INVICTA","0",NA,NA,NA
"D","DISPATCH","UNIT_SCADA",1,"2018/06/01 18:50:00","LKBONNY1","3.483065",NA,NA,NA
"D","DISPATCH","UNIT_SCADA",1,"2018/06/01 18:50:00","LRSF1","0.0070",NA,NA,NA
"D","DISPATCH","UNIT_SCADA",1,"2018/06/01 18:50:00","MBAHNTH","52.406250",NA,NA,NA
"D","DISPATCH","UNIT_SCADA",1,"2018/06/01 18:50:00","MLSP1","0.274001",NA,NA,NA
"D","DISPATCH","UNIT_SCADA",1,"2018/06/01 18:50:00","MLWF1","0.7650",NA,NA,NA
"D","DISPATCH","UNIT_SCADA",1,"2018/06/01 18:50:00","MTMILLAR","9.123048",NA,NA,NA
"D","DISPATCH","UNIT_SCADA",1,"2018/06/01 18:50:00","PALOONA","13.049999",NA,NA,NA
"D","DISPATCH","UNIT_SCADA",1,"2018/06/01 18:50:00","PIONEER","-0.90",NA,NA,NA
"D","DISPATCH","UNIT_SCADA",1,"2018/06/01 18:50:00","PORTWF","0.50",NA,NA,NA
"D","DISPATCH","UNIT_SCADA",1,"2018/06/01 18:50:00","REPULSE","0",NA,NA,NA
"D","DISPATCH","UNIT_SCADA",1,"2018/06/01 18:50:00","ROWALLAN","6.5178",NA,NA,NA
"D","DISPATCH","UNIT_SCADA",1,"2018/06/01 18:50:00","ROYALLA1","0",NA,NA,NA
"D","DISPATCH","UNIT_SCADA",1,"2018/06/01 18:50:00","RPCG","-0.30",NA,NA,NA
"D","DISPATCH","UNIT_SCADA",1,"2018/06/01 18:50:00","RUBICON","0",NA,NA,NA
"D","DISPATCH","UNIT_SCADA",1,"2018/06/01 18:50:00","SMCSF1","0",NA,NA,NA
"D","DISPATCH","UNIT_SCADA",1,"2018/06/01 18:50:00","STARHLWF","1.899446",NA,NA,NA
"D","DISPATCH","UNIT_SCADA",1,"2018/06/01 18:50:00","WAUBRAWF","36.987999",NA,NA,NA
"D","DISPATCH","UNIT_SCADA",1,"2018/06/01 18:50:00","WOOLNTH1","0.490015",NA,NA,NA
"D","DISPATCH","UNIT_SCADA",1,"2018/06/01 18:50:00","WPWF","-1",NA,NA,NA
"D","DISPATCH","UNIT_SCADA",1,"2018/06/01 18:50:00","YAMBUKWF","3.20",NA,NA,NA
"D","DISPATCH","UNIT_SCADA",1,"2018/06/01 18:50:00","YSWF1","1.30",NA,NA,NA
"D","DISPATCH","UNIT_SCADA",1,"2018/06/01 18:55:00","BARCSF1","0.20",NA,NA,NA
"D","DISPATCH","UNIT_SCADA",1,"2018/06/01 18:55:00","BUTLERSG","9.199999",NA,NA,NA
"D","DISPATCH","UNIT_SCADA",1,"2018/06/01 18:55:00","CALL_A_4","0",NA,NA,NA
"D","DISPATCH","UNIT_SCADA",1,"2018/06/01 18:55:00","CAPTL_WF","63.699997",NA,NA,NA
"D","DISPATCH","UNIT_SCADA",1,"2018/06/01 18:55:00","CATHROCK","19.329998",NA,NA,NA
"D","DISPATCH","UNIT_SCADA",1,"2018/06/01 18:55:00","CHALLHWF","5.70",NA,NA,NA
"D","DISPATCH","UNIT_SCADA",1,"2018/06/01 18:55:00","CLOVER","23.690001",NA,NA,NA
"D","DISPATCH","UNIT_SCADA",1,"2018/06/01 18:55:00","CLUNY","9.034104",NA,NA,NA
"D","DISPATCH","UNIT_SCADA",1,"2018/06/01 18:55:00","CNUNDAWF","2.302686",NA,NA,NA
"D","DISPATCH","UNIT_SCADA",1,"2018/06/01 18:55:00","CULLRGWF","5.72",NA,NA,NA
"D","DISPATCH","UNIT_SCADA",1,"2018/06/01 18:55:00","ERGT01","0",NA,NA,NA
"D","DISPATCH","UNIT_SCADA",1,"2018/06/01 18:55:00","GB01","0.046604",NA,NA,NA
"D","DISPATCH","UNIT_SCADA",1,"2018/06/01 18:55:00","GERMCRK","32",NA,NA,NA
"D","DISPATCH","UNIT_SCADA",1,"2018/06/01 18:55:00","GRIFSF1","0",NA,NA,NA
"D","DISPATCH","UNIT_SCADA",1,"2018/06/01 18:55:00","HUGSF1","-0.0130",NA,NA,NA
"D","DISPATCH","UNIT_SCADA",1,"2018/06/01 18:55:00","INVICTA","0",NA,NA,NA
"D","DISPATCH","UNIT_SCADA",1,"2018/06/01 18:55:00","LKBONNY1","2.679281",NA,NA,NA
"D","DISPATCH","UNIT_SCADA",1,"2018/06/01 18:55:00","LRSF1","0.0070",NA,NA,NA
"D","DISPATCH","UNIT_SCADA",1,"2018/06/01 18:55:00","MBAHNTH","52.406250",NA,NA,NA
"D","DISPATCH","UNIT_SCADA",1,"2018/06/01 18:55:00","MLSP1","0.274001",NA,NA,NA
"D","DISPATCH","UNIT_SCADA",1,"2018/06/01 18:55:00","MLWF1","1.0650",NA,NA,NA
"D","DISPATCH","UNIT_SCADA",1,"2018/06/01 18:55:00","MTMILLAR","9.085841",NA,NA,NA
"D","DISPATCH","UNIT_SCADA",1,"2018/06/01 18:55:00","PALOONA","13.049999",NA,NA,NA
"D","DISPATCH","UNIT_SCADA",1,"2018/06/01 18:55:00","PIONEER","-0.90",NA,NA,NA
"D","DISPATCH","UNIT_SCADA",1,"2018/06/01 18:55:00","PORTWF","0.30",NA,NA,NA
"D","DISPATCH","UNIT_SCADA",1,"2018/06/01 18:55:00","REPULSE","0",NA,NA,NA
"D","DISPATCH","UNIT_SCADA",1,"2018/06/01 18:55:00","ROWALLAN","6.4326",NA,NA,NA
"D","DISPATCH","UNIT_SCADA",1,"2018/06/01 18:55:00","ROYALLA1","0",NA,NA,NA
"D","DISPATCH","UNIT_SCADA",1,"2018/06/01 18:55:00","RPCG","-0.30",NA,NA,NA
"D","DISPATCH","UNIT_SCADA",1,"2018/06/01 18:55:00","RUBICON","0",NA,NA,NA
"D","DISPATCH","UNIT_SCADA",1,"2018/06/01 18:55:00","SMCSF1","0",NA,NA,NA
"D","DISPATCH","UNIT_SCADA",1,"2018/06/01 18:55:00","STARHLWF","1.899446",NA,NA,NA
"D","DISPATCH","UNIT_SCADA",1,"2018/06/01 18:55:00","WAUBRAWF","37.384998",NA,NA,NA
"D","DISPATCH","UNIT_SCADA",1,"2018/06/01 18:55:00","WOOLNTH1","0.030015",NA,NA,NA
"D","DISPATCH","UNIT_SCADA",1,"2018/06/01 18:55:00","WPWF","-1",NA,NA,NA
"D","DISPATCH","UNIT_SCADA",1,"2018/06/01 18:55:00","YAMBUKWF","3.50",NA,NA,NA
"D","DISPATCH","UNIT_SCADA",1,"2018/06/01 18:55:00","YSWF1","1.30",NA,NA,NA
"D","DISPATCH","UNIT_SCADA",1,"2018/06/01 19:00:00","BARCSF1","0.20",NA,NA,NA
"D","DISPATCH","UNIT_SCADA",1,"2018/06/01 19:00:00","BUTLERSG","9.199999",NA,NA,NA
"D","DISPATCH","UNIT_SCADA",1,"2018/06/01 19:00:00","CALL_A_4","0",NA,NA,NA
"D","DISPATCH","UNIT_SCADA",1,"2018/06/01 19:00:00","CAPTL_WF","57.080002",NA,NA,NA
"D","DISPATCH","UNIT_SCADA",1,"2018/06/01 19:00:00","CATHROCK","17.689999",NA,NA,NA
"D","DISPATCH","UNIT_SCADA",1,"2018/06/01 19:00:00","CHALLHWF","5.80",NA,NA,NA
"D","DISPATCH","UNIT_SCADA",1,"2018/06/01 19:00:00","CLOVER","24.990002",NA,NA,NA
"D","DISPATCH","UNIT_SCADA",1,"2018/06/01 19:00:00","CLUNY","8.958114",NA,NA,NA
"D","DISPATCH","UNIT_SCADA",1,"2018/06/01 19:00:00","CNUNDAWF","1.902219",NA,NA,NA
"D","DISPATCH","UNIT_SCADA",1,"2018/06/01 19:00:00","CULLRGWF","5.18",NA,NA,NA
"D","DISPATCH","UNIT_SCADA",1,"2018/06/01 19:00:00","ERGT01","0",NA,NA,NA
"D","DISPATCH","UNIT_SCADA",1,"2018/06/01 19:00:00","GB01","0.046604",NA,NA,NA
"D","DISPATCH","UNIT_SCADA",1,"2018/06/01 19:00:00","GERMCRK","31.700001",NA,NA,NA
"D","DISPATCH","UNIT_SCADA",1,"2018/06/01 19:00:00","GRIFSF1","0",NA,NA,NA
"D","DISPATCH","UNIT_SCADA",1,"2018/06/01 19:00:00","HUGSF1","-0.0130",NA,NA,NA
"D","DISPATCH","UNIT_SCADA",1,"2018/06/01 19:00:00","INVICTA","0",NA,NA,NA
"D","DISPATCH","UNIT_SCADA",1,"2018/06/01 19:00:00","LKBONNY1","2.322043",NA,NA,NA
"D","DISPATCH","UNIT_SCADA",1,"2018/06/01 19:00:00","LRSF1","0.0070",NA,NA,NA
"D","DISPATCH","UNIT_SCADA",1,"2018/06/01 19:00:00","MBAHNTH","52.406250",NA,NA,NA
"D","DISPATCH","UNIT_SCADA",1,"2018/06/01 19:00:00","MLSP1","0.274001",NA,NA,NA
"D","DISPATCH","UNIT_SCADA",1,"2018/06/01 19:00:00","MLWF1","1.1550",NA,NA,NA
"D","DISPATCH","UNIT_SCADA",1,"2018/06/01 19:00:00","MTMILLAR","8.914691",NA,NA,NA
"D","DISPATCH","UNIT_SCADA",1,"2018/06/01 19:00:00","PALOONA","13.049999",NA,NA,NA
"D","DISPATCH","UNIT_SCADA",1,"2018/06/01 19:00:00","PIONEER","-0.90",NA,NA,NA
"D","DISPATCH","UNIT_SCADA",1,"2018/06/01 19:00:00","PORTWF","0.50",NA,NA,NA
"D","DISPATCH","UNIT_SCADA",1,"2018/06/01 19:00:00","REPULSE","0",NA,NA,NA
"D","DISPATCH","UNIT_SCADA",1,"2018/06/01 19:00:00","ROWALLAN","6.5036",NA,NA,NA
"D","DISPATCH","UNIT_SCADA",1,"2018/06/01 19:00:00","ROYALLA1","0",NA,NA,NA
"D","DISPATCH","UNIT_SCADA",1,"2018/06/01 19:00:00","RPCG","-0.30",NA,NA,NA
"D","DISPATCH","UNIT_SCADA",1,"2018/06/01 19:00:00","RUBICON","0",NA,NA,NA
"D","DISPATCH","UNIT_SCADA",1,"2018/06/01 19:00:00","SMCSF1","0",NA,NA,NA
"D","DISPATCH","UNIT_SCADA",1,"2018/06/01 19:00:00","STARHLWF","1.499563",NA,NA,NA
"D","DISPATCH","UNIT_SCADA",1,"2018/06/01 19:00:00","WAUBRAWF","36.768002",NA,NA,NA
"D","DISPATCH","UNIT_SCADA",1,"2018/06/01 19:00:00","WOOLNTH1","-0.079985",NA,NA,NA
"D","DISPATCH","UNIT_SCADA",1,"2018/06/01 19:00:00","WPWF","-1",NA,NA,NA
"D","DISPATCH","UNIT_SCADA",1,"2018/06/01 19:00:00","YAMBUKWF","4",NA,NA,NA
"D","DISPATCH","UNIT_SCADA",1,"2018/06/01 19:00:00","YSWF1","1.40",NA,NA,NA
"D","DISPATCH","UNIT_SCADA",1,"2018/06/01 19:10:00","BARCSF1","0.20",NA,NA,NA
"D","DISPATCH","UNIT_SCADA",1,"2018/06/01 19:10:00","BUTLERSG","9.199999",NA,NA,NA
"D","DISPATCH","UNIT_SCADA",1,"2018/06/01 19:10:00","CALL_A_4","0",NA,NA,NA
"D","DISPATCH","UNIT_SCADA",1,"2018/06/01 19:10:00","CAPTL_WF","55.572006",NA,NA,NA
"D","DISPATCH","UNIT_SCADA",1,"2018/06/01 19:10:00","CATHROCK","16.309999",NA,NA,NA
"D","DISPATCH","UNIT_SCADA",1,"2018/06/01 19:10:00","CHALLHWF","5.90",NA,NA,NA
"D","DISPATCH","UNIT_SCADA",1,"2018/06/01 19:10:00","CLOVER","24.58",NA,NA,NA
"D","DISPATCH","UNIT_SCADA",1,"2018/06/01 19:10:00","CLUNY","9.001144",NA,NA,NA
"D","DISPATCH","UNIT_SCADA",1,"2018/06/01 19:10:00","CNUNDAWF","1.501752",NA,NA,NA
"D","DISPATCH","UNIT_SCADA",1,"2018/06/01 19:10:00","CULLRGWF","1.95",NA,NA,NA
"D","DISPATCH","UNIT_SCADA",1,"2018/06/01 19:10:00","ERGT01","0",NA,NA,NA
"D","DISPATCH","UNIT_SCADA",1,"2018/06/01 19:10:00","GB01","0.046604",NA,NA,NA
"D","DISPATCH","UNIT_SCADA",1,"2018/06/01 19:10:00","GERMCRK","30.700001",NA,NA,NA
"D","DISPATCH","UNIT_SCADA",1,"2018/06/01 19:10:00","GRIFSF1","0",NA,NA,NA
"D","DISPATCH","UNIT_SCADA",1,"2018/06/01 19:10:00","HUGSF1","-0.0130",NA,NA,NA
"D","DISPATCH","UNIT_SCADA",1,"2018/06/01 19:10:00","INVICTA","0",NA,NA,NA
"D","DISPATCH","UNIT_SCADA",1,"2018/06/01 19:10:00","LKBONNY1","3.304446",NA,NA,NA
"D","DISPATCH","UNIT_SCADA",1,"2018/06/01 19:10:00","LRSF1","0.0070",NA,NA,NA
"D","DISPATCH","UNIT_SCADA",1,"2018/06/01 19:10:00","MBAHNTH","52.406250",NA,NA,NA
"D","DISPATCH","UNIT_SCADA",1,"2018/06/01 19:10:00","MLSP1","0.274001",NA,NA,NA
"D","DISPATCH","UNIT_SCADA",1,"2018/06/01 19:10:00","MLWF1","1.2750",NA,NA,NA
"D","DISPATCH","UNIT_SCADA",1,"2018/06/01 19:10:00","MTMILLAR","9.755559",NA,NA,NA
"D","DISPATCH","UNIT_SCADA",1,"2018/06/01 19:10:00","PALOONA","12.969999",NA,NA,NA
"D","DISPATCH","UNIT_SCADA",1,"2018/06/01 19:10:00","PIONEER","-0.90",NA,NA,NA
"D","DISPATCH","UNIT_SCADA",1,"2018/06/01 19:10:00","PORTWF","0.40",NA,NA,NA
"D","DISPATCH","UNIT_SCADA",1,"2018/06/01 19:10:00","REPULSE","0",NA,NA,NA
"D","DISPATCH","UNIT_SCADA",1,"2018/06/01 19:10:00","ROWALLAN","6.5391",NA,NA,NA
"D","DISPATCH","UNIT_SCADA",1,"2018/06/01 19:10:00","ROYALLA1","0",NA,NA,NA
"D","DISPATCH","UNIT_SCADA",1,"2018/06/01 19:10:00","RPCG","-0.30",NA,NA,NA
"D","DISPATCH","UNIT_SCADA",1,"2018/06/01 19:10:00","RUBICON","0",NA,NA,NA
"D","DISPATCH","UNIT_SCADA",1,"2018/06/01 19:10:00","SMCSF1","0",NA,NA,NA
"D","DISPATCH","UNIT_SCADA",1,"2018/06/01 19:10:00","STARHLWF","1.799475",NA,NA,NA
"D","DISPATCH","UNIT_SCADA",1,"2018/06/01 19:10:00","WAUBRAWF","38.2640",NA,NA,NA
"D","DISPATCH","UNIT_SCADA",1,"2018/06/01 19:10:00","WOOLNTH1","-0.479985",NA,NA,NA
"D","DISPATCH","UNIT_SCADA",1,"2018/06/01 19:10:00","WPWF","-1",NA,NA,NA
"D","DISPATCH","UNIT_SCADA",1,"2018/06/01 19:10:00","YAMBUKWF","4",NA,NA,NA
"D","DISPATCH","UNIT_SCADA",1,"2018/06/01 19:10:00","YSWF1","1.30",NA,NA,NA
"D","DISPATCH","UNIT_SCADA",1,"2018/06/01 19:15:00","BARCSF1","0.20",NA,NA,NA
"D","DISPATCH","UNIT_SCADA",1,"2018/06/01 19:15:00","BUTLERSG","9.199999",NA,NA,NA
"D","DISPATCH","UNIT_SCADA",1,"2018/06/01 19:15:00","CALL_A_4","0",NA,NA,NA
"D","DISPATCH","UNIT_SCADA",1,"2018/06/01 19:15:00","CAPTL_WF","54.392006",NA,NA,NA
"D","DISPATCH","UNIT_SCADA",1,"2018/06/01 19:15:00","CATHROCK","18.589998",NA,NA,NA
"D","DISPATCH","UNIT_SCADA",1,"2018/06/01 19:15:00","CHALLHWF","6.20",NA,NA,NA
"D","DISPATCH","UNIT_SCADA",1,"2018/06/01 19:15:00","CLOVER","24.360001",NA,NA,NA
"D","DISPATCH","UNIT_SCADA",1,"2018/06/01 19:15:00","CLUNY","9.005722",NA,NA,NA
"D","DISPATCH","UNIT_SCADA",1,"2018/06/01 19:15:00","CNUNDAWF","1.902219",NA,NA,NA
"D","DISPATCH","UNIT_SCADA",1,"2018/06/01 19:15:00","CULLRGWF","1.95",NA,NA,NA
"D","DISPATCH","UNIT_SCADA",1,"2018/06/01 19:15:00","ERGT01","0",NA,NA,NA
"D","DISPATCH","UNIT_SCADA",1,"2018/06/01 19:15:00","GB01","0.046604",NA,NA,NA
"D","DISPATCH","UNIT_SCADA",1,"2018/06/01 19:15:00","GERMCRK","31.60",NA,NA,NA
"D","DISPATCH","UNIT_SCADA",1,"2018/06/01 19:15:00","GRIFSF1","0",NA,NA,NA
"D","DISPATCH","UNIT_SCADA",1,"2018/06/01 19:15:00","HUGSF1","-0.0130",NA,NA,NA
"D","DISPATCH","UNIT_SCADA",1,"2018/06/01 19:15:00","INVICTA","0",NA,NA,NA
"D","DISPATCH","UNIT_SCADA",1,"2018/06/01 19:15:00","LKBONNY1","2.8579",NA,NA,NA
"D","DISPATCH","UNIT_SCADA",1,"2018/06/01 19:15:00","LRSF1","0.0070",NA,NA,NA
"D","DISPATCH","UNIT_SCADA",1,"2018/06/01 19:15:00","MBAHNTH","52.406250",NA,NA,NA
"D","DISPATCH","UNIT_SCADA",1,"2018/06/01 19:15:00","MLSP1","0.274001",NA,NA,NA
"D","DISPATCH","UNIT_SCADA",1,"2018/06/01 19:15:00","MLWF1","1.2750",NA,NA,NA
"D","DISPATCH","UNIT_SCADA",1,"2018/06/01 19:15:00","MTMILLAR","11.377766",NA,NA,NA
"D","DISPATCH","UNIT_SCADA",1,"2018/06/01 19:15:00","PALOONA","12.969999",NA,NA,NA
"D","DISPATCH","UNIT_SCADA",1,"2018/06/01 19:15:00","PIONEER","-0.90",NA,NA,NA
"D","DISPATCH","UNIT_SCADA",1,"2018/06/01 19:15:00","PORTWF","1.10",NA,NA,NA
"D","DISPATCH","UNIT_SCADA",1,"2018/06/01 19:15:00","REPULSE","0",NA,NA,NA
"D","DISPATCH","UNIT_SCADA",1,"2018/06/01 19:15:00","ROWALLAN","6.6811",NA,NA,NA
"D","DISPATCH","UNIT_SCADA",1,"2018/06/01 19:15:00","ROYALLA1","0",NA,NA,NA
"D","DISPATCH","UNIT_SCADA",1,"2018/06/01 19:15:00","RPCG","-0.30",NA,NA,NA
"D","DISPATCH","UNIT_SCADA",1,"2018/06/01 19:15:00","RUBICON","0",NA,NA,NA
"D","DISPATCH","UNIT_SCADA",1,"2018/06/01 19:15:00","SMCSF1","0",NA,NA,NA
"D","DISPATCH","UNIT_SCADA",1,"2018/06/01 19:15:00","STARHLWF","2.199359",NA,NA,NA
"D","DISPATCH","UNIT_SCADA",1,"2018/06/01 19:15:00","WAUBRAWF","40.129002",NA,NA,NA
"D","DISPATCH","UNIT_SCADA",1,"2018/06/01 19:15:00","WOOLNTH1","-0.449985",NA,NA,NA
"D","DISPATCH","UNIT_SCADA",1,"2018/06/01 19:15:00","WPWF","-1",NA,NA,NA
"D","DISPATCH","UNIT_SCADA",1,"2018/06/01 19:15:00","YAMBUKWF","3.70",NA,NA,NA
"D","DISPATCH","UNIT_SCADA",1,"2018/06/01 19:15:00","YSWF1","1.10",NA,NA,NA
"D","DISPATCH","UNIT_SCADA",1,"2018/06/01 19:20:00","BARCSF1","0.20",NA,NA,NA
"D","DISPATCH","UNIT_SCADA",1,"2018/06/01 19:20:00","BUTLERSG","9.199999",NA,NA,NA
"D","DISPATCH","UNIT_SCADA",1,"2018/06/01 19:20:00","CALL_A_4","0",NA,NA,NA
"D","DISPATCH","UNIT_SCADA",1,"2018/06/01 19:20:00","CAPTL_WF","51.379997",NA,NA,NA
"D","DISPATCH","UNIT_SCADA",1,"2018/06/01 19:20:00","CATHROCK","20.459999",NA,NA,NA
"D","DISPATCH","UNIT_SCADA",1,"2018/06/01 19:20:00","CHALLHWF","4.50",NA,NA,NA
"D","DISPATCH","UNIT_SCADA",1,"2018/06/01 19:20:00","CLOVER","24.76",NA,NA,NA
"D","DISPATCH","UNIT_SCADA",1,"2018/06/01 19:20:00","CLUNY","9.020370",NA,NA,NA
"D","DISPATCH","UNIT_SCADA",1,"2018/06/01 19:20:00","CNUNDAWF","1.902219",NA,NA,NA
"D","DISPATCH","UNIT_SCADA",1,"2018/06/01 19:20:00","CULLRGWF","2.76",NA,NA,NA
"D","DISPATCH","UNIT_SCADA",1,"2018/06/01 19:20:00","ERGT01","0",NA,NA,NA
"D","DISPATCH","UNIT_SCADA",1,"2018/06/01 19:20:00","GB01","0.046604",NA,NA,NA
"D","DISPATCH","UNIT_SCADA",1,"2018/06/01 19:20:00","GERMCRK","31.50",NA,NA,NA
"D","DISPATCH","UNIT_SCADA",1,"2018/06/01 19:20:00","GRIFSF1","0",NA,NA,NA
"D","DISPATCH","UNIT_SCADA",1,"2018/06/01 19:20:00","HUGSF1","-0.0130",NA,NA,NA
"D","DISPATCH","UNIT_SCADA",1,"2018/06/01 19:20:00","INVICTA","0",NA,NA,NA
"D","DISPATCH","UNIT_SCADA",1,"2018/06/01 19:20:00","LKBONNY1","2.143425",NA,NA,NA
"D","DISPATCH","UNIT_SCADA",1,"2018/06/01 19:20:00","LRSF1","0.0070",NA,NA,NA
"D","DISPATCH","UNIT_SCADA",1,"2018/06/01 19:20:00","MBAHNTH","55.012497",NA,NA,NA
"D","DISPATCH","UNIT_SCADA",1,"2018/06/01 19:20:00","MLSP1","0.274001",NA,NA,NA
"D","DISPATCH","UNIT_SCADA",1,"2018/06/01 19:20:00","MLWF1","1.20",NA,NA,NA
"D","DISPATCH","UNIT_SCADA",1,"2018/06/01 19:20:00","MTMILLAR","11.809361",NA,NA,NA
"D","DISPATCH","UNIT_SCADA",1,"2018/06/01 19:20:00","PALOONA","12.969999",NA,NA,NA
"D","DISPATCH","UNIT_SCADA",1,"2018/06/01 19:20:00","PIONEER","-0.90",NA,NA,NA
"D","DISPATCH","UNIT_SCADA",1,"2018/06/01 19:20:00","PORTWF","1.70",NA,NA,NA
"D","DISPATCH","UNIT_SCADA",1,"2018/06/01 19:20:00","REPULSE","0",NA,NA,NA
"D","DISPATCH","UNIT_SCADA",1,"2018/06/01 19:20:00","ROWALLAN","6.4610",NA,NA,NA
"D","DISPATCH","UNIT_SCADA",1,"2018/06/01 19:20:00","ROYALLA1","0",NA,NA,NA
"D","DISPATCH","UNIT_SCADA",1,"2018/06/01 19:20:00","RPCG","-0.30",NA,NA,NA
"D","DISPATCH","UNIT_SCADA",1,"2018/06/01 19:20:00","RUBICON","0",NA,NA,NA
"D","DISPATCH","UNIT_SCADA",1,"2018/06/01 19:20:00","SMCSF1","0",NA,NA,NA
"D","DISPATCH","UNIT_SCADA",1,"2018/06/01 19:20:00","STARHLWF","2.199359",NA,NA,NA
"D","DISPATCH","UNIT_SCADA",1,"2018/06/01 19:20:00","WAUBRAWF","42.282001",NA,NA,NA
"D","DISPATCH","UNIT_SCADA",1,"2018/06/01 19:20:00","WOOLNTH1","-0.439985",NA,NA,NA
"D","DISPATCH","UNIT_SCADA",1,"2018/06/01 19:20:00","WPWF","-1",NA,NA,NA
"D","DISPATCH","UNIT_SCADA",1,"2018/06/01 19:20:00","YAMBUKWF","3.60",NA,NA,NA
"D","DISPATCH","UNIT_SCADA",1,"2018/06/01 19:20:00","YSWF1","1",NA,NA,NA
"D","DISPATCH","UNIT_SCADA",1,"2018/06/01 19:25:00","BARCSF1","0.20",NA,NA,NA
"D","DISPATCH","UNIT_SCADA",1,"2018/06/01 19:25:00","BUTLERSG","9.199999",NA,NA,NA
"D","DISPATCH","UNIT_SCADA",1,"2018/06/01 19:25:00","CALL_A_4","0",NA,NA,NA
"D","DISPATCH","UNIT_SCADA",1,"2018/06/01 19:25:00","CAPTL_WF","56.431999",NA,NA,NA
"D","DISPATCH","UNIT_SCADA",1,"2018/06/01 19:25:00","CATHROCK","20.689999",NA,NA,NA
"D","DISPATCH","UNIT_SCADA",1,"2018/06/01 19:25:00","CHALLHWF","4.20",NA,NA,NA
"D","DISPATCH","UNIT_SCADA",1,"2018/06/01 19:25:00","CLOVER","24.60",NA,NA,NA
"D","DISPATCH","UNIT_SCADA",1,"2018/06/01 19:25:00","CLUNY","8.996567",NA,NA,NA
"D","DISPATCH","UNIT_SCADA",1,"2018/06/01 19:25:00","CNUNDAWF","1.902219",NA,NA,NA
"D","DISPATCH","UNIT_SCADA",1,"2018/06/01 19:25:00","CULLRGWF","2.70",NA,NA,NA
"D","DISPATCH","UNIT_SCADA",1,"2018/06/01 19:25:00","ERGT01","0",NA,NA,NA
"D","DISPATCH","UNIT_SCADA",1,"2018/06/01 19:25:00","GB01","0.046604",NA,NA,NA
"D","DISPATCH","UNIT_SCADA",1,"2018/06/01 19:25:00","GERMCRK","32.299999",NA,NA,NA
"D","DISPATCH","UNIT_SCADA",1,"2018/06/01 19:25:00","GRIFSF1","0",NA,NA,NA
"D","DISPATCH","UNIT_SCADA",1,"2018/06/01 19:25:00","HUGSF1","-0.0130",NA,NA,NA
"D","DISPATCH","UNIT_SCADA",1,"2018/06/01 19:25:00","INVICTA","0",NA,NA,NA
"D","DISPATCH","UNIT_SCADA",1,"2018/06/01 19:25:00","LKBONNY1","3.304446",NA,NA,NA
"D","DISPATCH","UNIT_SCADA",1,"2018/06/01 19:25:00","LRSF1","0.0070",NA,NA,NA
"D","DISPATCH","UNIT_SCADA",1,"2018/06/01 19:25:00","MBAHNTH","56.474991",NA,NA,NA
"D","DISPATCH","UNIT_SCADA",1,"2018/06/01 19:25:00","MLSP1","0.274001",NA,NA,NA
"D","DISPATCH","UNIT_SCADA",1,"2018/06/01 19:25:00","MLWF1","1.11",NA,NA,NA
"D","DISPATCH","UNIT_SCADA",1,"2018/06/01 19:25:00","MTMILLAR","12.531169",NA,NA,NA
"D","DISPATCH","UNIT_SCADA",1,"2018/06/01 19:25:00","PALOONA","12.969999",NA,NA,NA
"D","DISPATCH","UNIT_SCADA",1,"2018/06/01 19:25:00","PIONEER","-0.90",NA,NA,NA
"D","DISPATCH","UNIT_SCADA",1,"2018/06/01 19:25:00","PORTWF","2.30",NA,NA,NA
"D","DISPATCH","UNIT_SCADA",1,"2018/06/01 19:25:00","REPULSE","0",NA,NA,NA
"D","DISPATCH","UNIT_SCADA",1,"2018/06/01 19:25:00","ROWALLAN","6.6172",NA,NA,NA
"D","DISPATCH","UNIT_SCADA",1,"2018/06/01 19:25:00","ROYALLA1","0",NA,NA,NA
"D","DISPATCH","UNIT_SCADA",1,"2018/06/01 19:25:00","RPCG","-0.30",NA,NA,NA
"D","DISPATCH","UNIT_SCADA",1,"2018/06/01 19:25:00","RUBICON","0",NA,NA,NA
"D","DISPATCH","UNIT_SCADA",1,"2018/06/01 19:25:00","SMCSF1","0",NA,NA,NA
"D","DISPATCH","UNIT_SCADA",1,"2018/06/01 19:25:00","STARHLWF","2.199359",NA,NA,NA
"D","DISPATCH","UNIT_SCADA",1,"2018/06/01 19:25:00","WAUBRAWF","43.464001",NA,NA,NA
"D","DISPATCH","UNIT_SCADA",1,"2018/06/01 19:25:00","WOOLNTH1","-0.349985",NA,NA,NA
"D","DISPATCH","UNIT_SCADA",1,"2018/06/01 19:25:00","WPWF","-1",NA,NA,NA
"D","DISPATCH","UNIT_SCADA",1,"2018/06/01 19:25:00","YAMBUKWF","3.20",NA,NA,NA
"D","DISPATCH","UNIT_SCADA",1,"2018/06/01 19:25:00","YSWF1","0.80",NA,NA,NA
"D","DISPATCH","UNIT_SCADA",1,"2018/06/01 19:30:00","BARCSF1","0.20",NA,NA,NA
"D","DISPATCH","UNIT_SCADA",1,"2018/06/01 19:30:00","BUTLERSG","9.199999",NA,NA,NA
"D","DISPATCH","UNIT_SCADA",1,"2018/06/01 19:30:00","CALL_A_4","0",NA,NA,NA
"D","DISPATCH","UNIT_SCADA",1,"2018/06/01 19:30:00","CAPTL_WF","56.371994",NA,NA,NA
"D","DISPATCH","UNIT_SCADA",1,"2018/06/01 19:30:00","CATHROCK","21.449999",NA,NA,NA
"D","DISPATCH","UNIT_SCADA",1,"2018/06/01 19:30:00","CHALLHWF","4.40",NA,NA,NA
"D","DISPATCH","UNIT_SCADA",1,"2018/06/01 19:30:00","CLOVER","24.559999",NA,NA,NA
"D","DISPATCH","UNIT_SCADA",1,"2018/06/01 19:30:00","CLUNY","8.953536",NA,NA,NA
"D","DISPATCH","UNIT_SCADA",1,"2018/06/01 19:30:00","CNUNDAWF","2.302686",NA,NA,NA
"D","DISPATCH","UNIT_SCADA",1,"2018/06/01 19:30:00","CULLRGWF","2.44",NA,NA,NA
"D","DISPATCH","UNIT_SCADA",1,"2018/06/01 19:30:00","ERGT01","0",NA,NA,NA
"D","DISPATCH","UNIT_SCADA",1,"2018/06/01 19:30:00","GB01","0.046604",NA,NA,NA
"D","DISPATCH","UNIT_SCADA",1,"2018/06/01 19:30:00","GERMCRK","29.799999",NA,NA,NA
"D","DISPATCH","UNIT_SCADA",1,"2018/06/01 19:30:00","GRIFSF1","0",NA,NA,NA
"D","DISPATCH","UNIT_SCADA",1,"2018/06/01 19:30:00","HUGSF1","-0.0130",NA,NA,NA
"D","DISPATCH","UNIT_SCADA",1,"2018/06/01 19:30:00","INVICTA","0",NA,NA,NA
"D","DISPATCH","UNIT_SCADA",1,"2018/06/01 19:30:00","LKBONNY1","4.465468",NA,NA,NA
"D","DISPATCH","UNIT_SCADA",1,"2018/06/01 19:30:00","LRSF1","0.0070",NA,NA,NA
"D","DISPATCH","UNIT_SCADA",1,"2018/06/01 19:30:00","MBAHNTH","57.581253",NA,NA,NA
"D","DISPATCH","UNIT_SCADA",1,"2018/06/01 19:30:00","MLSP1","0.274001",NA,NA,NA
"D","DISPATCH","UNIT_SCADA",1,"2018/06/01 19:30:00","MLWF1","1.29",NA,NA,NA
"D","DISPATCH","UNIT_SCADA",1,"2018/06/01 19:30:00","MTMILLAR","13.974783",NA,NA,NA
"D","DISPATCH","UNIT_SCADA",1,"2018/06/01 19:30:00","PALOONA","12.969999",NA,NA,NA
"D","DISPATCH","UNIT_SCADA",1,"2018/06/01 19:30:00","PIONEER","-0.90",NA,NA,NA
"D","DISPATCH","UNIT_SCADA",1,"2018/06/01 19:30:00","PORTWF","2.90",NA,NA,NA
"D","DISPATCH","UNIT_SCADA",1,"2018/06/01 19:30:00","REPULSE","0",NA,NA,NA
"D","DISPATCH","UNIT_SCADA",1,"2018/06/01 19:30:00","ROWALLAN","6.4752",NA,NA,NA
"D","DISPATCH","UNIT_SCADA",1,"2018/06/01 19:30:00","ROYALLA1","0",NA,NA,NA
"D","DISPATCH","UNIT_SCADA",1,"2018/06/01 19:45:00","CAPTL_WF","64.019997",NA,NA,NA
"D","DISPATCH","UNIT_SCADA",1,"2018/06/01 19:45:00","BARCSF1","0.20",NA,NA,NA
"D","DISPATCH","UNIT_SCADA",1,"2018/06/01 19:45:00","BUTLERSG","9.199999",NA,NA,NA
"D","DISPATCH","UNIT_SCADA",1,"2018/06/01 19:45:00","CALL_A_4","0",NA,NA,NA
"D","DISPATCH","UNIT_SCADA",1,"2018/06/01 19:45:00","CATHROCK","18.309999",NA,NA,NA
"D","DISPATCH","UNIT_SCADA",1,"2018/06/01 19:45:00","CHALLHWF","5.20",NA,NA,NA
"D","DISPATCH","UNIT_SCADA",1,"2018/06/01 19:45:00","CLOVER","23.959999",NA,NA,NA
"D","DISPATCH","UNIT_SCADA",1,"2018/06/01 19:45:00","CLUNY","8.996567",NA,NA,NA
"D","DISPATCH","UNIT_SCADA",1,"2018/06/01 19:45:00","CNUNDAWF","3.804438",NA,NA,NA
"D","DISPATCH","UNIT_SCADA",1,"2018/06/01 19:45:00","CULLRGWF","3.49",NA,NA,NA
"D","DISPATCH","UNIT_SCADA",1,"2018/06/01 19:45:00","ERGT01","0",NA,NA,NA
"D","DISPATCH","UNIT_SCADA",1,"2018/06/01 19:45:00","GB01","0.048710",NA,NA,NA
"D","DISPATCH","UNIT_SCADA",1,"2018/06/01 19:45:00","GERMCRK","29.799999",NA,NA,NA
"D","DISPATCH","UNIT_SCADA",1,"2018/06/01 19:45:00","GRIFSF1","0",NA,NA,NA
"D","DISPATCH","UNIT_SCADA",1,"2018/06/01 19:45:00","HUGSF1","-0.0130",NA,NA,NA
"D","DISPATCH","UNIT_SCADA",1,"2018/06/01 19:45:00","INVICTA","0",NA,NA,NA
"D","DISPATCH","UNIT_SCADA",1,"2018/06/01 19:45:00","LKBONNY1","6.340965",NA,NA,NA
"D","DISPATCH","UNIT_SCADA",1,"2018/06/01 19:45:00","LRSF1","0.0070",NA,NA,NA
"D","DISPATCH","UNIT_SCADA",1,"2018/06/01 19:45:00","MBAHNTH","57.581253",NA,NA,NA
"D","DISPATCH","UNIT_SCADA",1,"2018/06/01 19:45:00","MLSP1","0.274001",NA,NA,NA
"D","DISPATCH","UNIT_SCADA",1,"2018/06/01 19:45:00","MLWF1","1.4850",NA,NA,NA
"D","DISPATCH","UNIT_SCADA",1,"2018/06/01 19:45:00","MTMILLAR","17.122458",NA,NA,NA
"D","DISPATCH","UNIT_SCADA",1,"2018/06/01 19:45:00","PALOONA","12.969999",NA,NA,NA
"D","DISPATCH","UNIT_SCADA",1,"2018/06/01 19:45:00","PIONEER","-0.90",NA,NA,NA
"D","DISPATCH","UNIT_SCADA",1,"2018/06/01 19:45:00","PORTWF","5.10",NA,NA,NA
"D","DISPATCH","UNIT_SCADA",1,"2018/06/01 19:45:00","REPULSE","0",NA,NA,NA
"D","DISPATCH","UNIT_SCADA",1,"2018/06/01 19:45:00","ROWALLAN","6.4752",NA,NA,NA
"D","DISPATCH","UNIT_SCADA",1,"2018/06/01 19:45:00","ROYALLA1","0",NA,NA,NA
"D","DISPATCH","UNIT_SCADA",1,"2018/06/01 19:45:00","RPCG","-0.30",NA,NA,NA
"D","DISPATCH","UNIT_SCADA",1,"2018/06/01 19:45:00","RUBICON","0",NA,NA,NA
"D","DISPATCH","UNIT_SCADA",1,"2018/06/01 19:45:00","SMCSF1","0",NA,NA,NA
"D","DISPATCH","UNIT_SCADA",1,"2018/06/01 19:45:00","STARHLWF","1.899446",NA,NA,NA
"D","DISPATCH","UNIT_SCADA",1,"2018/06/01 19:45:00","WAUBRAWF","41.50",NA,NA,NA
"D","DISPATCH","UNIT_SCADA",1,"2018/06/01 19:45:00","WOOLNTH1","-0.039985",NA,NA,NA
"D","DISPATCH","UNIT_SCADA",1,"2018/06/01 19:45:00","WPWF","-1",NA,NA,NA
"D","DISPATCH","UNIT_SCADA",1,"2018/06/01 19:45:00","YAMBUKWF","1.90",NA,NA,NA
"D","DISPATCH","UNIT_SCADA",1,"2018/06/01 19:45:00","YSWF1","0.80",NA,NA,NA
"D","DISPATCH","UNIT_SCADA",1,"2018/06/01 19:30:00","RPCG","-0.30",NA,NA,NA
"D","DISPATCH","UNIT_SCADA",1,"2018/06/01 19:30:00","RUBICON","0",NA,NA,NA
"D","DISPATCH","UNIT_SCADA",1,"2018/06/01 19:30:00","SMCSF1","0",NA,NA,NA
"D","DISPATCH","UNIT_SCADA",1,"2018/06/01 19:30:00","STARHLWF","2.199359",NA,NA,NA
"D","DISPATCH","UNIT_SCADA",1,"2018/06/01 19:30:00","WAUBRAWF","43.341999",NA,NA,NA
"D","DISPATCH","UNIT_SCADA",1,"2018/06/01 19:30:00","WOOLNTH1","-0.189985",NA,NA,NA
"D","DISPATCH","UNIT_SCADA",1,"2018/06/01 19:30:00","WPWF","0",NA,NA,NA
"D","DISPATCH","UNIT_SCADA",1,"2018/06/01 19:30:00","YAMBUKWF","2.30",NA,NA,NA
"D","DISPATCH","UNIT_SCADA",1,"2018/06/01 19:30:00","YSWF1","0.90",NA,NA,NA
"D","DISPATCH","UNIT_SCADA",1,"2018/06/01 19:35:00","BARCSF1","0.20",NA,NA,NA
"D","DISPATCH","UNIT_SCADA",1,"2018/06/01 19:35:00","BUTLERSG","9.199999",NA,NA,NA
"D","DISPATCH","UNIT_SCADA",1,"2018/06/01 19:35:00","CALL_A_4","0",NA,NA,NA
"D","DISPATCH","UNIT_SCADA",1,"2018/06/01 19:35:00","CAPTL_WF","61.080002",NA,NA,NA
"D","DISPATCH","UNIT_SCADA",1,"2018/06/01 19:35:00","CATHROCK","21.839998",NA,NA,NA
"D","DISPATCH","UNIT_SCADA",1,"2018/06/01 19:35:00","CHALLHWF","4.10",NA,NA,NA
"D","DISPATCH","UNIT_SCADA",1,"2018/06/01 19:35:00","CLOVER","24.33",NA,NA,NA
"D","DISPATCH","UNIT_SCADA",1,"2018/06/01 19:35:00","CLUNY","9.0103",NA,NA,NA
"D","DISPATCH","UNIT_SCADA",1,"2018/06/01 19:35:00","CNUNDAWF","3.103621",NA,NA,NA
"D","DISPATCH","UNIT_SCADA",1,"2018/06/01 19:35:00","CULLRGWF","2.36",NA,NA,NA
"D","DISPATCH","UNIT_SCADA",1,"2018/06/01 19:35:00","ERGT01","0",NA,NA,NA
"D","DISPATCH","UNIT_SCADA",1,"2018/06/01 19:35:00","GB01","0.046604",NA,NA,NA
"D","DISPATCH","UNIT_SCADA",1,"2018/06/01 19:35:00","GERMCRK","30.10",NA,NA,NA
"D","DISPATCH","UNIT_SCADA",1,"2018/06/01 19:35:00","GRIFSF1","0",NA,NA,NA
"D","DISPATCH","UNIT_SCADA",1,"2018/06/01 19:35:00","HUGSF1","-0.0130",NA,NA,NA
"D","DISPATCH","UNIT_SCADA",1,"2018/06/01 19:35:00","INVICTA","0",NA,NA,NA
"D","DISPATCH","UNIT_SCADA",1,"2018/06/01 19:35:00","LKBONNY1","5.001324",NA,NA,NA
"D","DISPATCH","UNIT_SCADA",1,"2018/06/01 19:35:00","LRSF1","0.0070",NA,NA,NA
"D","DISPATCH","UNIT_SCADA",1,"2018/06/01 19:35:00","MBAHNTH","57.581253",NA,NA,NA
"D","DISPATCH","UNIT_SCADA",1,"2018/06/01 19:35:00","MLSP1","0.274001",NA,NA,NA
"D","DISPATCH","UNIT_SCADA",1,"2018/06/01 19:35:00","MLWF1","1.3950",NA,NA,NA
"D","DISPATCH","UNIT_SCADA",1,"2018/06/01 19:35:00","MTMILLAR","15.135628",NA,NA,NA
"D","DISPATCH","UNIT_SCADA",1,"2018/06/01 19:35:00","PALOONA","12.969999",NA,NA,NA
"D","DISPATCH","UNIT_SCADA",1,"2018/06/01 19:35:00","PIONEER","-0.90",NA,NA,NA
"D","DISPATCH","UNIT_SCADA",1,"2018/06/01 19:35:00","PORTWF","3.90",NA,NA,NA
"D","DISPATCH","UNIT_SCADA",1,"2018/06/01 19:35:00","REPULSE","0",NA,NA,NA
"D","DISPATCH","UNIT_SCADA",1,"2018/06/01 19:35:00","ROWALLAN","6.5888",NA,NA,NA
"D","DISPATCH","UNIT_SCADA",1,"2018/06/01 19:35:00","ROYALLA1","0",NA,NA,NA
"D","DISPATCH","UNIT_SCADA",1,"2018/06/01 19:35:00","RPCG","-0.30",NA,NA,NA
"D","DISPATCH","UNIT_SCADA",1,"2018/06/01 19:35:00","RUBICON","0",NA,NA,NA
"D","DISPATCH","UNIT_SCADA",1,"2018/06/01 19:35:00","SMCSF1","0",NA,NA,NA
"D","DISPATCH","UNIT_SCADA",1,"2018/06/01 19:35:00","STARHLWF","1.899446",NA,NA,NA
"D","DISPATCH","UNIT_SCADA",1,"2018/06/01 19:35:00","WAUBRAWF","42.092999",NA,NA,NA
"D","DISPATCH","UNIT_SCADA",1,"2018/06/01 19:35:00","WOOLNTH1","-0.099985",NA,NA,NA
"D","DISPATCH","UNIT_SCADA",1,"2018/06/01 19:35:00","WPWF","0",NA,NA,NA
"D","DISPATCH","UNIT_SCADA",1,"2018/06/01 19:35:00","YAMBUKWF","2.20",NA,NA,NA
"D","DISPATCH","UNIT_SCADA",1,"2018/06/01 19:35:00","YSWF1","1.10",NA,NA,NA
"D","DISPATCH","UNIT_SCADA",1,"2018/06/01 19:40:00","BARCSF1","0.20",NA,NA,NA
"D","DISPATCH","UNIT_SCADA",1,"2018/06/01 19:40:00","BUTLERSG","9.199999",NA,NA,NA
"D","DISPATCH","UNIT_SCADA",1,"2018/06/01 19:40:00","CALL_A_4","0",NA,NA,NA
"D","DISPATCH","UNIT_SCADA",1,"2018/06/01 19:40:00","CAPTL_WF","63.571999",NA,NA,NA
"D","DISPATCH","UNIT_SCADA",1,"2018/06/01 19:40:00","CATHROCK","20.509998",NA,NA,NA
"D","DISPATCH","UNIT_SCADA",1,"2018/06/01 19:40:00","CHALLHWF","4.30",NA,NA,NA
"D","DISPATCH","UNIT_SCADA",1,"2018/06/01 19:40:00","CLOVER","25.280001",NA,NA,NA
"D","DISPATCH","UNIT_SCADA",1,"2018/06/01 19:40:00","CLUNY","9.053330",NA,NA,NA
"D","DISPATCH","UNIT_SCADA",1,"2018/06/01 19:40:00","CNUNDAWF","3.103621",NA,NA,NA
"D","DISPATCH","UNIT_SCADA",1,"2018/06/01 19:40:00","CULLRGWF","3.36",NA,NA,NA
"D","DISPATCH","UNIT_SCADA",1,"2018/06/01 19:40:00","ERGT01","0",NA,NA,NA
"D","DISPATCH","UNIT_SCADA",1,"2018/06/01 19:40:00","GB01","0.048710",NA,NA,NA
"D","DISPATCH","UNIT_SCADA",1,"2018/06/01 19:40:00","GERMCRK","29.50",NA,NA,NA
"D","DISPATCH","UNIT_SCADA",1,"2018/06/01 19:40:00","GRIFSF1","0",NA,NA,NA
"D","DISPATCH","UNIT_SCADA",1,"2018/06/01 19:40:00","HUGSF1","-0.0130",NA,NA,NA
"D","DISPATCH","UNIT_SCADA",1,"2018/06/01 19:40:00","INVICTA","0",NA,NA,NA
"D","DISPATCH","UNIT_SCADA",1,"2018/06/01 19:40:00","LKBONNY1","5.269252",NA,NA,NA
"D","DISPATCH","UNIT_SCADA",1,"2018/06/01 19:40:00","LRSF1","0.0070",NA,NA,NA
"D","DISPATCH","UNIT_SCADA",1,"2018/06/01 19:40:00","MBAHNTH","57.581253",NA,NA,NA
"D","DISPATCH","UNIT_SCADA",1,"2018/06/01 19:40:00","MLSP1","0.274001",NA,NA,NA
"D","DISPATCH","UNIT_SCADA",1,"2018/06/01 19:40:00","MLWF1","1.4850",NA,NA,NA
"D","DISPATCH","UNIT_SCADA",1,"2018/06/01 19:40:00","MTMILLAR","15.656519",NA,NA,NA
"D","DISPATCH","UNIT_SCADA",1,"2018/06/01 19:40:00","PALOONA","12.969999",NA,NA,NA
"D","DISPATCH","UNIT_SCADA",1,"2018/06/01 19:40:00","PIONEER","-0.90",NA,NA,NA
"D","DISPATCH","UNIT_SCADA",1,"2018/06/01 19:40:00","PORTWF","4.50",NA,NA,NA
"D","DISPATCH","UNIT_SCADA",1,"2018/06/01 19:40:00","REPULSE","0",NA,NA,NA
"D","DISPATCH","UNIT_SCADA",1,"2018/06/01 19:40:00","ROWALLAN","6.2622",NA,NA,NA
"D","DISPATCH","UNIT_SCADA",1,"2018/06/01 19:40:00","ROYALLA1","0",NA,NA,NA
"D","DISPATCH","UNIT_SCADA",1,"2018/06/01 19:40:00","RPCG","-0.30",NA,NA,NA
"D","DISPATCH","UNIT_SCADA",1,"2018/06/01 19:40:00","RUBICON","0",NA,NA,NA
"D","DISPATCH","UNIT_SCADA",1,"2018/06/01 19:40:00","SMCSF1","0",NA,NA,NA
"D","DISPATCH","UNIT_SCADA",1,"2018/06/01 19:40:00","STARHLWF","1.899446",NA,NA,NA
"D","DISPATCH","UNIT_SCADA",1,"2018/06/01 19:40:00","WAUBRAWF","41.101002",NA,NA,NA
"D","DISPATCH","UNIT_SCADA",1,"2018/06/01 19:40:00","WOOLNTH1","-0.009985",NA,NA,NA
"D","DISPATCH","UNIT_SCADA",1,"2018/06/01 19:40:00","WPWF","-1",NA,NA,NA
"D","DISPATCH","UNIT_SCADA",1,"2018/06/01 19:40:00","YAMBUKWF","2.10",NA,NA,NA
"D","DISPATCH","UNIT_SCADA",1,"2018/06/01 19:40:00","YSWF1","0.80",NA,NA,NA
"D","DISPATCH","UNIT_SCADA",1,"2018/06/01 19:50:00","BARCSF1","0.20",NA,NA,NA
"D","DISPATCH","UNIT_SCADA",1,"2018/06/01 19:50:00","BUTLERSG","9.199999",NA,NA,NA
"D","DISPATCH","UNIT_SCADA",1,"2018/06/01 19:50:00","CALL_A_4","0",NA,NA,NA
"D","DISPATCH","UNIT_SCADA",1,"2018/06/01 19:50:00","CAPTL_WF","66.2640",NA,NA,NA
"D","DISPATCH","UNIT_SCADA",1,"2018/06/01 19:50:00","CATHROCK","16.299999",NA,NA,NA
"D","DISPATCH","UNIT_SCADA",1,"2018/06/01 19:50:00","CHALLHWF","6.50",NA,NA,NA
"D","DISPATCH","UNIT_SCADA",1,"2018/06/01 19:50:00","CLOVER","25.290001",NA,NA,NA
"D","DISPATCH","UNIT_SCADA",1,"2018/06/01 19:50:00","CLUNY","9.001144",NA,NA,NA
"D","DISPATCH","UNIT_SCADA",1,"2018/06/01 19:50:00","CNUNDAWF","4.204906",NA,NA,NA
"D","DISPATCH","UNIT_SCADA",1,"2018/06/01 19:50:00","CULLRGWF","6.44",NA,NA,NA
"D","DISPATCH","UNIT_SCADA",1,"2018/06/01 19:50:00","ERGT01","0",NA,NA,NA
"D","DISPATCH","UNIT_SCADA",1,"2018/06/01 19:50:00","GB01","0.048710",NA,NA,NA
"D","DISPATCH","UNIT_SCADA",1,"2018/06/01 19:50:00","GERMCRK","30.90",NA,NA,NA
"D","DISPATCH","UNIT_SCADA",1,"2018/06/01 19:50:00","GRIFSF1","0",NA,NA,NA
"D","DISPATCH","UNIT_SCADA",1,"2018/06/01 19:50:00","HUGSF1","-0.0130",NA,NA,NA
"D","DISPATCH","UNIT_SCADA",1,"2018/06/01 19:50:00","INVICTA","0",NA,NA,NA
"D","DISPATCH","UNIT_SCADA",1,"2018/06/01 19:50:00","LKBONNY1","6.251656",NA,NA,NA
"D","DISPATCH","UNIT_SCADA",1,"2018/06/01 19:50:00","LRSF1","0.0070",NA,NA,NA
"D","DISPATCH","UNIT_SCADA",1,"2018/06/01 19:50:00","MBAHNTH","57.581253",NA,NA,NA
"D","DISPATCH","UNIT_SCADA",1,"2018/06/01 19:50:00","MLSP1","0.274001",NA,NA,NA
"D","DISPATCH","UNIT_SCADA",1,"2018/06/01 19:50:00","MLWF1","1.6950",NA,NA,NA
"D","DISPATCH","UNIT_SCADA",1,"2018/06/01 19:50:00","MTMILLAR","18.216330",NA,NA,NA
"D","DISPATCH","UNIT_SCADA",1,"2018/06/01 19:50:00","PALOONA","12.969999",NA,NA,NA
"D","DISPATCH","UNIT_SCADA",1,"2018/06/01 19:50:00","PIONEER","-0.90",NA,NA,NA
"D","DISPATCH","UNIT_SCADA",1,"2018/06/01 19:50:00","PORTWF","6.30",NA,NA,NA
"D","DISPATCH","UNIT_SCADA",1,"2018/06/01 19:50:00","REPULSE","0",NA,NA,NA
"D","DISPATCH","UNIT_SCADA",1,"2018/06/01 19:50:00","ROWALLAN","6.3687",NA,NA,NA
"D","DISPATCH","UNIT_SCADA",1,"2018/06/01 19:50:00","ROYALLA1","0",NA,NA,NA
"D","DISPATCH","UNIT_SCADA",1,"2018/06/01 19:50:00","RPCG","-0.30",NA,NA,NA
"D","DISPATCH","UNIT_SCADA",1,"2018/06/01 19:50:00","RUBICON","0",NA,NA,NA
"D","DISPATCH","UNIT_SCADA",1,"2018/06/01 19:50:00","SMCSF1","0",NA,NA,NA
"D","DISPATCH","UNIT_SCADA",1,"2018/06/01 19:50:00","STARHLWF","1.499563",NA,NA,NA
"D","DISPATCH","UNIT_SCADA",1,"2018/06/01 19:50:00","WAUBRAWF","41.644001",NA,NA,NA
"D","DISPATCH","UNIT_SCADA",1,"2018/06/01 19:50:00","WOOLNTH1","-0.149985",NA,NA,NA
"D","DISPATCH","UNIT_SCADA",1,"2018/06/01 19:50:00","WPWF","-1",NA,NA,NA
"D","DISPATCH","UNIT_SCADA",1,"2018/06/01 19:50:00","YAMBUKWF","1.60",NA,NA,NA
"D","DISPATCH","UNIT_SCADA",1,"2018/06/01 19:50:00","YSWF1","0.80",NA,NA,NA
"D","DISPATCH","UNIT_SCADA",1,"2018/06/01 19:55:00","BARCSF1","0.20",NA,NA,NA
"D","DISPATCH","UNIT_SCADA",1,"2018/06/01 19:55:00","BUTLERSG","9.199999",NA,NA,NA
"D","DISPATCH","UNIT_SCADA",1,"2018/06/01 19:55:00","CALL_A_4","0",NA,NA,NA
"D","DISPATCH","UNIT_SCADA",1,"2018/06/01 19:55:00","CAPTL_WF","67.104004",NA,NA,NA
"D","DISPATCH","UNIT_SCADA",1,"2018/06/01 19:55:00","CATHROCK","15.199999",NA,NA,NA
"D","DISPATCH","UNIT_SCADA",1,"2018/06/01 19:55:00","CHALLHWF","5.50",NA,NA,NA
"D","DISPATCH","UNIT_SCADA",1,"2018/06/01 19:55:00","CLOVER","25.389999",NA,NA,NA
"D","DISPATCH","UNIT_SCADA",1,"2018/06/01 19:55:00","CLUNY","9.001144",NA,NA,NA
"D","DISPATCH","UNIT_SCADA",1,"2018/06/01 19:55:00","CNUNDAWF","3.704321",NA,NA,NA
"D","DISPATCH","UNIT_SCADA",1,"2018/06/01 19:55:00","CULLRGWF","8.74",NA,NA,NA
"D","DISPATCH","UNIT_SCADA",1,"2018/06/01 19:55:00","ERGT01","0",NA,NA,NA
"D","DISPATCH","UNIT_SCADA",1,"2018/06/01 19:55:00","GB01","0.048710",NA,NA,NA
"D","DISPATCH","UNIT_SCADA",1,"2018/06/01 19:55:00","GERMCRK","31.700001",NA,NA,NA
"D","DISPATCH","UNIT_SCADA",1,"2018/06/01 19:55:00","GRIFSF1","0",NA,NA,NA
"D","DISPATCH","UNIT_SCADA",1,"2018/06/01 19:55:00","HUGSF1","-0.0130",NA,NA,NA
"D","DISPATCH","UNIT_SCADA",1,"2018/06/01 19:55:00","INVICTA","0",NA,NA,NA
"D","DISPATCH","UNIT_SCADA",1,"2018/06/01 19:55:00","LKBONNY1","7.055439",NA,NA,NA
"D","DISPATCH","UNIT_SCADA",1,"2018/06/01 19:55:00","LRSF1","0.0070",NA,NA,NA
"D","DISPATCH","UNIT_SCADA",1,"2018/06/01 19:55:00","MBAHNTH","57.581253",NA,NA,NA
"D","DISPATCH","UNIT_SCADA",1,"2018/06/01 19:55:00","MLSP1","0.274001",NA,NA,NA
"D","DISPATCH","UNIT_SCADA",1,"2018/06/01 19:55:00","MLWF1","1.80",NA,NA,NA
"D","DISPATCH","UNIT_SCADA",1,"2018/06/01 19:55:00","MTMILLAR","19.816212",NA,NA,NA
"D","DISPATCH","UNIT_SCADA",1,"2018/06/01 19:55:00","PALOONA","12.969999",NA,NA,NA
"D","DISPATCH","UNIT_SCADA",1,"2018/06/01 19:55:00","PIONEER","-0.90",NA,NA,NA
"D","DISPATCH","UNIT_SCADA",1,"2018/06/01 19:55:00","PORTWF","7.50",NA,NA,NA
"D","DISPATCH","UNIT_SCADA",1,"2018/06/01 19:55:00","REPULSE","0",NA,NA,NA
"D","DISPATCH","UNIT_SCADA",1,"2018/06/01 19:55:00","ROWALLAN","6.5178",NA,NA,NA
"D","DISPATCH","UNIT_SCADA",1,"2018/06/01 19:55:00","ROYALLA1","0",NA,NA,NA
"D","DISPATCH","UNIT_SCADA",1,"2018/06/01 19:55:00","RPCG","-0.30",NA,NA,NA
"D","DISPATCH","UNIT_SCADA",1,"2018/06/01 19:55:00","RUBICON","0",NA,NA,NA
"D","DISPATCH","UNIT_SCADA",1,"2018/06/01 19:55:00","SMCSF1","0",NA,NA,NA
"D","DISPATCH","UNIT_SCADA",1,"2018/06/01 19:55:00","STARHLWF","1.499563",NA,NA,NA
"D","DISPATCH","UNIT_SCADA",1,"2018/06/01 19:55:00","WAUBRAWF","38.4720",NA,NA,NA
"D","DISPATCH","UNIT_SCADA",1,"2018/06/01 19:55:00","WOOLNTH1","-0.089985",NA,NA,NA
"D","DISPATCH","UNIT_SCADA",1,"2018/06/01 19:55:00","WPWF","-1",NA,NA,NA
"D","DISPATCH","UNIT_SCADA",1,"2018/06/01 19:55:00","YAMBUKWF","1.50",NA,NA,NA
"D","DISPATCH","UNIT_SCADA",1,"2018/06/01 19:55:00","YSWF1","0.80",NA,NA,NA
"D","DISPATCH","UNIT_SCADA",1,"2018/06/01 20:00:00","BARCSF1","0.20",NA,NA,NA
"D","DISPATCH","UNIT_SCADA",1,"2018/06/01 20:00:00","BUTLERSG","9.199999",NA,NA,NA
"D","DISPATCH","UNIT_SCADA",1,"2018/06/01 20:00:00","CALL_A_4","0",NA,NA,NA
"D","DISPATCH","UNIT_SCADA",1,"2018/06/01 20:00:00","CAPTL_WF","66.720001",NA,NA,NA
"D","DISPATCH","UNIT_SCADA",1,"2018/06/01 20:00:00","CATHROCK","13.569999",NA,NA,NA
"D","DISPATCH","UNIT_SCADA",1,"2018/06/01 20:00:00","CHALLHWF","4.90",NA,NA,NA
"D","DISPATCH","UNIT_SCADA",1,"2018/06/01 20:00:00","CLOVER","25.33",NA,NA,NA
"D","DISPATCH","UNIT_SCADA",1,"2018/06/01 20:00:00","CLUNY","8.996567",NA,NA,NA
"D","DISPATCH","UNIT_SCADA",1,"2018/06/01 20:00:00","CNUNDAWF","4.104788",NA,NA,NA
"D","DISPATCH","UNIT_SCADA",1,"2018/06/01 20:00:00","CULLRGWF","8.77",NA,NA,NA
"D","DISPATCH","UNIT_SCADA",1,"2018/06/01 20:00:00","ERGT01","0",NA,NA,NA
"D","DISPATCH","UNIT_SCADA",1,"2018/06/01 20:00:00","GB01","0.048710",NA,NA,NA
"D","DISPATCH","UNIT_SCADA",1,"2018/06/01 20:00:00","GERMCRK","31.700001",NA,NA,NA
"D","DISPATCH","UNIT_SCADA",1,"2018/06/01 20:00:00","GRIFSF1","0",NA,NA,NA
"D","DISPATCH","UNIT_SCADA",1,"2018/06/01 20:00:00","HUGSF1","-0.0130",NA,NA,NA
"D","DISPATCH","UNIT_SCADA",1,"2018/06/01 20:00:00","INVICTA","0",NA,NA,NA
"D","DISPATCH","UNIT_SCADA",1,"2018/06/01 20:00:00","LKBONNY1","6.340965",NA,NA,NA
"D","DISPATCH","UNIT_SCADA",1,"2018/06/01 20:00:00","LRSF1","0.0070",NA,NA,NA
"D","DISPATCH","UNIT_SCADA",1,"2018/06/01 20:00:00","MBAHNTH","57.581253",NA,NA,NA
"D","DISPATCH","UNIT_SCADA",1,"2018/06/01 20:00:00","MLSP1","0.274001",NA,NA,NA
"D","DISPATCH","UNIT_SCADA",1,"2018/06/01 20:00:00","MLWF1","2.01",NA,NA,NA
"D","DISPATCH","UNIT_SCADA",1,"2018/06/01 20:00:00","MTMILLAR","20.411518",NA,NA,NA
"D","DISPATCH","UNIT_SCADA",1,"2018/06/01 20:00:00","PALOONA","12.969999",NA,NA,NA
"D","DISPATCH","UNIT_SCADA",1,"2018/06/01 20:00:00","PIONEER","-0.90",NA,NA,NA
"D","DISPATCH","UNIT_SCADA",1,"2018/06/01 20:00:00","PORTWF","9.60",NA,NA,NA
"D","DISPATCH","UNIT_SCADA",1,"2018/06/01 20:00:00","REPULSE","0",NA,NA,NA
"D","DISPATCH","UNIT_SCADA",1,"2018/06/01 20:00:00","ROWALLAN","6.6314",NA,NA,NA
"D","DISPATCH","UNIT_SCADA",1,"2018/06/01 20:00:00","ROYALLA1","0",NA,NA,NA
"D","DISPATCH","UNIT_SCADA",1,"2018/06/01 20:00:00","RPCG","-0.30",NA,NA,NA
"D","DISPATCH","UNIT_SCADA",1,"2018/06/01 20:00:00","RUBICON","0",NA,NA,NA
"D","DISPATCH","UNIT_SCADA",1,"2018/06/01 20:00:00","SMCSF1","0",NA,NA,NA
"D","DISPATCH","UNIT_SCADA",1,"2018/06/01 20:00:00","STARHLWF","1.099679",NA,NA,NA
"D","DISPATCH","UNIT_SCADA",1,"2018/06/01 20:00:00","WAUBRAWF","35.411999",NA,NA,NA
"D","DISPATCH","UNIT_SCADA",1,"2018/06/01 20:00:00","WOOLNTH1","0.190015",NA,NA,NA
"D","DISPATCH","UNIT_SCADA",1,"2018/06/01 20:00:00","WPWF","-1",NA,NA,NA
"D","DISPATCH","UNIT_SCADA",1,"2018/06/01 20:00:00","YAMBUKWF","1.60",NA,NA,NA
"D","DISPATCH","UNIT_SCADA",1,"2018/06/01 20:00:00","YSWF1","0.70",NA,NA,NA
"D","DISPATCH","UNIT_SCADA",1,"2018/06/01 20:05:00","BARCSF1","0.20",NA,NA,NA
"D","DISPATCH","UNIT_SCADA",1,"2018/06/01 20:05:00","BUTLERSG","9.199999",NA,NA,NA
"D","DISPATCH","UNIT_SCADA",1,"2018/06/01 20:05:00","CALL_A_4","0",NA,NA,NA
"D","DISPATCH","UNIT_SCADA",1,"2018/06/01 20:05:00","CAPTL_WF","59.760002",NA,NA,NA
"D","DISPATCH","UNIT_SCADA",1,"2018/06/01 20:05:00","CATHROCK","13.61",NA,NA,NA
"D","DISPATCH","UNIT_SCADA",1,"2018/06/01 20:05:00","CHALLHWF","5.20",NA,NA,NA
"D","DISPATCH","UNIT_SCADA",1,"2018/06/01 20:05:00","CLOVER","23.92",NA,NA,NA
"D","DISPATCH","UNIT_SCADA",1,"2018/06/01 20:05:00","CLUNY","8.996567",NA,NA,NA
"D","DISPATCH","UNIT_SCADA",1,"2018/06/01 20:05:00","CNUNDAWF","3.704321",NA,NA,NA
"D","DISPATCH","UNIT_SCADA",1,"2018/06/01 20:05:00","CULLRGWF","9.28",NA,NA,NA
"D","DISPATCH","UNIT_SCADA",1,"2018/06/01 20:05:00","ERGT01","0",NA,NA,NA
"D","DISPATCH","UNIT_SCADA",1,"2018/06/01 20:05:00","GB01","0.048710",NA,NA,NA
"D","DISPATCH","UNIT_SCADA",1,"2018/06/01 20:05:00","GERMCRK","31.799999",NA,NA,NA
"D","DISPATCH","UNIT_SCADA",1,"2018/06/01 20:05:00","GRIFSF1","0",NA,NA,NA
"D","DISPATCH","UNIT_SCADA",1,"2018/06/01 20:05:00","HUGSF1","-0.0130",NA,NA,NA
"D","DISPATCH","UNIT_SCADA",1,"2018/06/01 20:05:00","INVICTA","0",NA,NA,NA
"D","DISPATCH","UNIT_SCADA",1,"2018/06/01 20:05:00","LKBONNY1","6.162346",NA,NA,NA
"D","DISPATCH","UNIT_SCADA",1,"2018/06/01 20:05:00","LRSF1","0.0070",NA,NA,NA
"D","DISPATCH","UNIT_SCADA",1,"2018/06/01 20:05:00","MBAHNTH","57.581253",NA,NA,NA
"D","DISPATCH","UNIT_SCADA",1,"2018/06/01 20:05:00","MLSP1","0.274001",NA,NA,NA
"D","DISPATCH","UNIT_SCADA",1,"2018/06/01 20:05:00","MLWF1","2.22",NA,NA,NA
"D","DISPATCH","UNIT_SCADA",1,"2018/06/01 20:05:00","MTMILLAR","18.819077",NA,NA,NA
"D","DISPATCH","UNIT_SCADA",1,"2018/06/01 20:05:00","PALOONA","13.08",NA,NA,NA
"D","DISPATCH","UNIT_SCADA",1,"2018/06/01 20:05:00","PIONEER","-0.90",NA,NA,NA
"D","DISPATCH","UNIT_SCADA",1,"2018/06/01 20:05:00","PORTWF","10.50",NA,NA,NA
"D","DISPATCH","UNIT_SCADA",1,"2018/06/01 20:05:00","REPULSE","0",NA,NA,NA
"D","DISPATCH","UNIT_SCADA",1,"2018/06/01 20:05:00","ROWALLAN","6.3687",NA,NA,NA
"D","DISPATCH","UNIT_SCADA",1,"2018/06/01 20:05:00","ROYALLA1","0",NA,NA,NA
"D","DISPATCH","UNIT_SCADA",1,"2018/06/01 20:05:00","RPCG","-0.30",NA,NA,NA
"D","DISPATCH","UNIT_SCADA",1,"2018/06/01 20:05:00","RUBICON","0",NA,NA,NA
"D","DISPATCH","UNIT_SCADA",1,"2018/06/01 20:05:00","SMCSF1","0",NA,NA,NA
"D","DISPATCH","UNIT_SCADA",1,"2018/06/01 20:05:00","STARHLWF","1.099679",NA,NA,NA
"D","DISPATCH","UNIT_SCADA",1,"2018/06/01 20:05:00","WAUBRAWF","32.884998",NA,NA,NA
"D","DISPATCH","UNIT_SCADA",1,"2018/06/01 20:05:00","WOOLNTH1","0.510015",NA,NA,NA
"D","DISPATCH","UNIT_SCADA",1,"2018/06/01 20:05:00","WPWF","-1",NA,NA,NA
"D","DISPATCH","UNIT_SCADA",1,"2018/06/01 20:05:00","YAMBUKWF","1.90",NA,NA,NA
"D","DISPATCH","UNIT_SCADA",1,"2018/06/01 20:05:00","YSWF1","0.70",NA,NA,NA
"D","DISPATCH","UNIT_SCADA",1,"2018/06/01 20:10:00","BARCSF1","0.20",NA,NA,NA
"D","DISPATCH","UNIT_SCADA",1,"2018/06/01 20:10:00","BUTLERSG","9.199999",NA,NA,NA
"D","DISPATCH","UNIT_SCADA",1,"2018/06/01 20:10:00","CALL_A_4","0",NA,NA,NA
"D","DISPATCH","UNIT_SCADA",1,"2018/06/01 20:10:00","CAPTL_WF","55.372002",NA,NA,NA
"D","DISPATCH","UNIT_SCADA",1,"2018/06/01 20:10:00","CATHROCK","12.779999",NA,NA,NA
"D","DISPATCH","UNIT_SCADA",1,"2018/06/01 20:10:00","CHALLHWF","5.50",NA,NA,NA
"D","DISPATCH","UNIT_SCADA",1,"2018/06/01 20:10:00","CLOVER","25.42",NA,NA,NA
"D","DISPATCH","UNIT_SCADA",1,"2018/06/01 20:10:00","CLUNY","8.972763",NA,NA,NA
"D","DISPATCH","UNIT_SCADA",1,"2018/06/01 20:10:00","CNUNDAWF","3.704321",NA,NA,NA
"D","DISPATCH","UNIT_SCADA",1,"2018/06/01 20:10:00","CULLRGWF","10.84",NA,NA,NA
"D","DISPATCH","UNIT_SCADA",1,"2018/06/01 20:10:00","ERGT01","0",NA,NA,NA
"D","DISPATCH","UNIT_SCADA",1,"2018/06/01 20:10:00","GB01","0.048710",NA,NA,NA
"D","DISPATCH","UNIT_SCADA",1,"2018/06/01 20:10:00","GERMCRK","31.90",NA,NA,NA
"D","DISPATCH","UNIT_SCADA",1,"2018/06/01 20:10:00","GRIFSF1","0",NA,NA,NA
"D","DISPATCH","UNIT_SCADA",1,"2018/06/01 20:10:00","HUGSF1","-0.0130",NA,NA,NA
"D","DISPATCH","UNIT_SCADA",1,"2018/06/01 20:10:00","INVICTA","0",NA,NA,NA
"D","DISPATCH","UNIT_SCADA",1,"2018/06/01 20:10:00","LKBONNY1","6.787512",NA,NA,NA
"D","DISPATCH","UNIT_SCADA",1,"2018/06/01 20:10:00","LRSF1","0.0070",NA,NA,NA
"D","DISPATCH","UNIT_SCADA",1,"2018/06/01 20:10:00","MBAHNTH","49.518753",NA,NA,NA
"D","DISPATCH","UNIT_SCADA",1,"2018/06/01 20:10:00","MLSP1","0.274001",NA,NA,NA
"D","DISPATCH","UNIT_SCADA",1,"2018/06/01 20:10:00","MLWF1","2.43",NA,NA,NA
"D","DISPATCH","UNIT_SCADA",1,"2018/06/01 20:10:00","MTMILLAR","18.506542",NA,NA,NA
"D","DISPATCH","UNIT_SCADA",1,"2018/06/01 20:10:00","REPULSE","0",NA,NA,NA
"D","DISPATCH","UNIT_SCADA",1,"2018/06/01 20:10:00","PALOONA","12.889999",NA,NA,NA
"D","DISPATCH","UNIT_SCADA",1,"2018/06/01 20:10:00","PIONEER","-0.90",NA,NA,NA
"D","DISPATCH","UNIT_SCADA",1,"2018/06/01 20:10:00","PORTWF","12.60",NA,NA,NA
"D","DISPATCH","UNIT_SCADA",1,"2018/06/01 20:10:00","ROWALLAN","6.6314",NA,NA,NA
"D","DISPATCH","UNIT_SCADA",1,"2018/06/01 20:10:00","ROYALLA1","0",NA,NA,NA
"D","DISPATCH","UNIT_SCADA",1,"2018/06/01 20:10:00","RPCG","-0.30",NA,NA,NA
"D","DISPATCH","UNIT_SCADA",1,"2018/06/01 20:10:00","RUBICON","0",NA,NA,NA
"D","DISPATCH","UNIT_SCADA",1,"2018/06/01 20:10:00","SMCSF1","0",NA,NA,NA
"D","DISPATCH","UNIT_SCADA",1,"2018/06/01 20:10:00","STARHLWF","1.099679",NA,NA,NA
"D","DISPATCH","UNIT_SCADA",1,"2018/06/01 20:10:00","WAUBRAWF","31.311001",NA,NA,NA
"D","DISPATCH","UNIT_SCADA",1,"2018/06/01 20:10:00","WOOLNTH1","0.720015",NA,NA,NA
"D","DISPATCH","UNIT_SCADA",1,"2018/06/01 20:10:00","WPWF","-1",NA,NA,NA
"D","DISPATCH","UNIT_SCADA",1,"2018/06/01 20:10:00","YAMBUKWF","2.80",NA,NA,NA
"D","DISPATCH","UNIT_SCADA",1,"2018/06/01 20:10:00","YSWF1","0.60",NA,NA,NA
"D","DISPATCH","UNIT_SCADA",1,"2018/06/01 20:15:00","BARCSF1","0.20",NA,NA,NA
"D","DISPATCH","UNIT_SCADA",1,"2018/06/01 20:15:00","BUTLERSG","9.199999",NA,NA,NA
"D","DISPATCH","UNIT_SCADA",1,"2018/06/01 20:15:00","CALL_A_4","0",NA,NA,NA
"D","DISPATCH","UNIT_SCADA",1,"2018/06/01 20:15:00","CAPTL_WF","57.272003",NA,NA,NA
"D","DISPATCH","UNIT_SCADA",1,"2018/06/01 20:15:00","CATHROCK","11.259999",NA,NA,NA
"D","DISPATCH","UNIT_SCADA",1,"2018/06/01 20:30:00","BARCSF1","0.20",NA,NA,NA
"D","DISPATCH","UNIT_SCADA",1,"2018/06/01 20:30:00","BUTLERSG","9.199999",NA,NA,NA
"D","DISPATCH","UNIT_SCADA",1,"2018/06/01 20:30:00","CALL_A_4","0",NA,NA,NA
"D","DISPATCH","UNIT_SCADA",1,"2018/06/01 20:30:00","CAPTL_WF","62.659996",NA,NA,NA
"D","DISPATCH","UNIT_SCADA",1,"2018/06/01 20:30:00","CATHROCK","11.139999",NA,NA,NA
"D","DISPATCH","UNIT_SCADA",1,"2018/06/01 20:30:00","CHALLHWF","7.70",NA,NA,NA
"D","DISPATCH","UNIT_SCADA",1,"2018/06/01 20:30:00","CLOVER","24.120001",NA,NA,NA
"D","DISPATCH","UNIT_SCADA",1,"2018/06/01 20:30:00","CLUNY","9.057908",NA,NA,NA
"D","DISPATCH","UNIT_SCADA",1,"2018/06/01 20:30:00","CNUNDAWF","3.904555",NA,NA,NA
"D","DISPATCH","UNIT_SCADA",1,"2018/06/01 20:30:00","CULLRGWF","8.61",NA,NA,NA
"D","DISPATCH","UNIT_SCADA",1,"2018/06/01 20:30:00","ERGT01","0",NA,NA,NA
"D","DISPATCH","UNIT_SCADA",1,"2018/06/01 20:30:00","GB01","0.048286",NA,NA,NA
"D","DISPATCH","UNIT_SCADA",1,"2018/06/01 20:30:00","GERMCRK","31",NA,NA,NA
"D","DISPATCH","UNIT_SCADA",1,"2018/06/01 20:30:00","GRIFSF1","0",NA,NA,NA
"D","DISPATCH","UNIT_SCADA",1,"2018/06/01 20:30:00","HUGSF1","-0.0130",NA,NA,NA
"D","DISPATCH","UNIT_SCADA",1,"2018/06/01 20:30:00","INVICTA","0",NA,NA,NA
"D","DISPATCH","UNIT_SCADA",1,"2018/06/01 20:30:00","LKBONNY1","5.894418",NA,NA,NA
"D","DISPATCH","UNIT_SCADA",1,"2018/06/01 20:30:00","LRSF1","0.0070",NA,NA,NA
"D","DISPATCH","UNIT_SCADA",1,"2018/06/01 20:30:00","MBAHNTH","53.231247",NA,NA,NA
"D","DISPATCH","UNIT_SCADA",1,"2018/06/01 20:30:00","MLSP1","0.274001",NA,NA,NA
"D","DISPATCH","UNIT_SCADA",1,"2018/06/01 20:30:00","MLWF1","3.0450",NA,NA,NA
"D","DISPATCH","UNIT_SCADA",1,"2018/06/01 20:30:00","MTMILLAR","18.201448",NA,NA,NA
"D","DISPATCH","UNIT_SCADA",1,"2018/06/01 20:30:00","PALOONA","13.03",NA,NA,NA
"D","DISPATCH","UNIT_SCADA",1,"2018/06/01 20:30:00","PIONEER","-0.90",NA,NA,NA
"D","DISPATCH","UNIT_SCADA",1,"2018/06/01 20:30:00","PORTWF","14.70",NA,NA,NA
"D","DISPATCH","UNIT_SCADA",1,"2018/06/01 20:30:00","REPULSE","0",NA,NA,NA
"D","DISPATCH","UNIT_SCADA",1,"2018/06/01 20:30:00","ROWALLAN","6.5391",NA,NA,NA
"D","DISPATCH","UNIT_SCADA",1,"2018/06/01 20:30:00","ROYALLA1","0",NA,NA,NA
"D","DISPATCH","UNIT_SCADA",1,"2018/06/01 20:30:00","RPCG","-0.30",NA,NA,NA
"D","DISPATCH","UNIT_SCADA",1,"2018/06/01 20:30:00","RUBICON","0",NA,NA,NA
"D","DISPATCH","UNIT_SCADA",1,"2018/06/01 20:30:00","SMCSF1","0",NA,NA,NA
"D","DISPATCH","UNIT_SCADA",1,"2018/06/01 20:30:00","STARHLWF","1.099679",NA,NA,NA
"D","DISPATCH","UNIT_SCADA",1,"2018/06/01 20:30:00","WAUBRAWF","30.75",NA,NA,NA
"D","DISPATCH","UNIT_SCADA",1,"2018/06/01 20:30:00","WOOLNTH1","0.870015",NA,NA,NA
"D","DISPATCH","UNIT_SCADA",1,"2018/06/01 20:30:00","WPWF","1",NA,NA,NA
"D","DISPATCH","UNIT_SCADA",1,"2018/06/01 20:30:00","YAMBUKWF","4.50",NA,NA,NA
"D","DISPATCH","UNIT_SCADA",1,"2018/06/01 20:30:00","YSWF1","1.30",NA,NA,NA
"D","DISPATCH","UNIT_SCADA",1,"2018/06/01 20:15:00","CHALLHWF","5.70",NA,NA,NA
"D","DISPATCH","UNIT_SCADA",1,"2018/06/01 20:15:00","CLOVER","25.389999",NA,NA,NA
"D","DISPATCH","UNIT_SCADA",1,"2018/06/01 20:15:00","CLUNY","8.991074",NA,NA,NA
"D","DISPATCH","UNIT_SCADA",1,"2018/06/01 20:15:00","CNUNDAWF","4.104788",NA,NA,NA
"D","DISPATCH","UNIT_SCADA",1,"2018/06/01 20:15:00","CULLRGWF","10.52",NA,NA,NA
"D","DISPATCH","UNIT_SCADA",1,"2018/06/01 20:15:00","ERGT01","0",NA,NA,NA
"D","DISPATCH","UNIT_SCADA",1,"2018/06/01 20:15:00","GB01","0.048710",NA,NA,NA
"D","DISPATCH","UNIT_SCADA",1,"2018/06/01 20:15:00","GERMCRK","31.60",NA,NA,NA
"D","DISPATCH","UNIT_SCADA",1,"2018/06/01 20:15:00","GRIFSF1","0",NA,NA,NA
"D","DISPATCH","UNIT_SCADA",1,"2018/06/01 20:15:00","HUGSF1","-0.0130",NA,NA,NA
"D","DISPATCH","UNIT_SCADA",1,"2018/06/01 20:15:00","INVICTA","0",NA,NA,NA
"D","DISPATCH","UNIT_SCADA",1,"2018/06/01 20:15:00","LKBONNY1","6.966130",NA,NA,NA
"D","DISPATCH","UNIT_SCADA",1,"2018/06/01 20:15:00","LRSF1","0.0070",NA,NA,NA
"D","DISPATCH","UNIT_SCADA",1,"2018/06/01 20:15:00","MBAHNTH","49.518753",NA,NA,NA
"D","DISPATCH","UNIT_SCADA",1,"2018/06/01 20:15:00","MLSP1","0.274001",NA,NA,NA
"D","DISPATCH","UNIT_SCADA",1,"2018/06/01 20:15:00","MLWF1","2.43",NA,NA,NA
"D","DISPATCH","UNIT_SCADA",1,"2018/06/01 20:15:00","MTMILLAR","17.546612",NA,NA,NA
"D","DISPATCH","UNIT_SCADA",1,"2018/06/01 20:15:00","PALOONA","12.889999",NA,NA,NA
"D","DISPATCH","UNIT_SCADA",1,"2018/06/01 20:15:00","PIONEER","-0.90",NA,NA,NA
"D","DISPATCH","UNIT_SCADA",1,"2018/06/01 20:15:00","PORTWF","13.50",NA,NA,NA
"D","DISPATCH","UNIT_SCADA",1,"2018/06/01 20:15:00","REPULSE","0",NA,NA,NA
"D","DISPATCH","UNIT_SCADA",1,"2018/06/01 20:15:00","ROWALLAN","6.6385",NA,NA,NA
"D","DISPATCH","UNIT_SCADA",1,"2018/06/01 20:15:00","ROYALLA1","0",NA,NA,NA
"D","DISPATCH","UNIT_SCADA",1,"2018/06/01 20:15:00","RPCG","-0.30",NA,NA,NA
"D","DISPATCH","UNIT_SCADA",1,"2018/06/01 20:15:00","RUBICON","0",NA,NA,NA
"D","DISPATCH","UNIT_SCADA",1,"2018/06/01 20:15:00","SMCSF1","0",NA,NA,NA
"D","DISPATCH","UNIT_SCADA",1,"2018/06/01 20:15:00","STARHLWF","1.099679",NA,NA,NA
"D","DISPATCH","UNIT_SCADA",1,"2018/06/01 20:15:00","WAUBRAWF","30.686001",NA,NA,NA
"D","DISPATCH","UNIT_SCADA",1,"2018/06/01 20:15:00","WOOLNTH1","0.800015",NA,NA,NA
"D","DISPATCH","UNIT_SCADA",1,"2018/06/01 20:15:00","WPWF","-1",NA,NA,NA
"D","DISPATCH","UNIT_SCADA",1,"2018/06/01 20:15:00","YAMBUKWF","2.80",NA,NA,NA
"D","DISPATCH","UNIT_SCADA",1,"2018/06/01 20:15:00","YSWF1","0.80",NA,NA,NA
"D","DISPATCH","UNIT_SCADA",1,"2018/06/01 20:20:00","BARCSF1","0.20",NA,NA,NA
"D","DISPATCH","UNIT_SCADA",1,"2018/06/01 20:20:00","BUTLERSG","9.199999",NA,NA,NA
"D","DISPATCH","UNIT_SCADA",1,"2018/06/01 20:20:00","CALL_A_4","0",NA,NA,NA
"D","DISPATCH","UNIT_SCADA",1,"2018/06/01 20:20:00","CAPTL_WF","59.772003",NA,NA,NA
"D","DISPATCH","UNIT_SCADA",1,"2018/06/01 20:20:00","CATHROCK","10.65",NA,NA,NA
"D","DISPATCH","UNIT_SCADA",1,"2018/06/01 20:20:00","CHALLHWF","6.30",NA,NA,NA
"D","DISPATCH","UNIT_SCADA",1,"2018/06/01 20:20:00","CLOVER","24.810001",NA,NA,NA
"D","DISPATCH","UNIT_SCADA",1,"2018/06/01 20:20:00","CLUNY","8.981918",NA,NA,NA
"D","DISPATCH","UNIT_SCADA",1,"2018/06/01 20:20:00","CNUNDAWF","3.704321",NA,NA,NA
"D","DISPATCH","UNIT_SCADA",1,"2018/06/01 20:20:00","CULLRGWF","9.59",NA,NA,NA
"D","DISPATCH","UNIT_SCADA",1,"2018/06/01 20:20:00","ERGT01","0",NA,NA,NA
"D","DISPATCH","UNIT_SCADA",1,"2018/06/01 20:20:00","GB01","0.048710",NA,NA,NA
"D","DISPATCH","UNIT_SCADA",1,"2018/06/01 20:20:00","GERMCRK","31",NA,NA,NA
"D","DISPATCH","UNIT_SCADA",1,"2018/06/01 20:20:00","GRIFSF1","0",NA,NA,NA
"D","DISPATCH","UNIT_SCADA",1,"2018/06/01 20:20:00","HUGSF1","-0.0130",NA,NA,NA
"D","DISPATCH","UNIT_SCADA",1,"2018/06/01 20:20:00","INVICTA","0",NA,NA,NA
"D","DISPATCH","UNIT_SCADA",1,"2018/06/01 20:20:00","LKBONNY1","5.894418",NA,NA,NA
"D","DISPATCH","UNIT_SCADA",1,"2018/06/01 20:20:00","LRSF1","0.0070",NA,NA,NA
"D","DISPATCH","UNIT_SCADA",1,"2018/06/01 20:20:00","MBAHNTH","51.300003",NA,NA,NA
"D","DISPATCH","UNIT_SCADA",1,"2018/06/01 20:20:00","MLSP1","0.274001",NA,NA,NA
"D","DISPATCH","UNIT_SCADA",1,"2018/06/01 20:20:00","MLWF1","2.5650",NA,NA,NA
"D","DISPATCH","UNIT_SCADA",1,"2018/06/01 20:20:00","MTMILLAR","17.821941",NA,NA,NA
"D","DISPATCH","UNIT_SCADA",1,"2018/06/01 20:20:00","PALOONA","13.03",NA,NA,NA
"D","DISPATCH","UNIT_SCADA",1,"2018/06/01 20:20:00","PIONEER","-0.90",NA,NA,NA
"D","DISPATCH","UNIT_SCADA",1,"2018/06/01 20:20:00","PORTWF","13.50",NA,NA,NA
"D","DISPATCH","UNIT_SCADA",1,"2018/06/01 20:20:00","REPULSE","0",NA,NA,NA
"D","DISPATCH","UNIT_SCADA",1,"2018/06/01 20:20:00","ROWALLAN","6.6598",NA,NA,NA
"D","DISPATCH","UNIT_SCADA",1,"2018/06/01 20:20:00","ROYALLA1","0",NA,NA,NA
"D","DISPATCH","UNIT_SCADA",1,"2018/06/01 20:20:00","RPCG","-0.30",NA,NA,NA
"D","DISPATCH","UNIT_SCADA",1,"2018/06/01 20:20:00","RUBICON","0",NA,NA,NA
"D","DISPATCH","UNIT_SCADA",1,"2018/06/01 20:20:00","SMCSF1","0",NA,NA,NA
"D","DISPATCH","UNIT_SCADA",1,"2018/06/01 20:20:00","STARHLWF","1.099679",NA,NA,NA
"D","DISPATCH","UNIT_SCADA",1,"2018/06/01 20:20:00","WAUBRAWF","29.0860",NA,NA,NA
"D","DISPATCH","UNIT_SCADA",1,"2018/06/01 20:20:00","WOOLNTH1","0.770015",NA,NA,NA
"D","DISPATCH","UNIT_SCADA",1,"2018/06/01 20:20:00","WPWF","-1",NA,NA,NA
"D","DISPATCH","UNIT_SCADA",1,"2018/06/01 20:20:00","YAMBUKWF","3",NA,NA,NA
"D","DISPATCH","UNIT_SCADA",1,"2018/06/01 20:20:00","YSWF1","1",NA,NA,NA
"D","DISPATCH","UNIT_SCADA",1,"2018/06/01 20:25:00","BARCSF1","0.20",NA,NA,NA
"D","DISPATCH","UNIT_SCADA",1,"2018/06/01 20:25:00","BUTLERSG","9.199999",NA,NA,NA
"D","DISPATCH","UNIT_SCADA",1,"2018/06/01 20:25:00","CALL_A_4","0",NA,NA,NA
"D","DISPATCH","UNIT_SCADA",1,"2018/06/01 20:25:00","CAPTL_WF","62.452003",NA,NA,NA
"D","DISPATCH","UNIT_SCADA",1,"2018/06/01 20:25:00","CATHROCK","10.77",NA,NA,NA
"D","DISPATCH","UNIT_SCADA",1,"2018/06/01 20:25:00","CHALLHWF","6.90",NA,NA,NA
"D","DISPATCH","UNIT_SCADA",1,"2018/06/01 20:25:00","CLOVER","23.939999",NA,NA,NA
"D","DISPATCH","UNIT_SCADA",1,"2018/06/01 20:25:00","CLUNY","8.996567",NA,NA,NA
"D","DISPATCH","UNIT_SCADA",1,"2018/06/01 20:25:00","CNUNDAWF","3.704321",NA,NA,NA
"D","DISPATCH","UNIT_SCADA",1,"2018/06/01 20:25:00","CULLRGWF","6.54",NA,NA,NA
"D","DISPATCH","UNIT_SCADA",1,"2018/06/01 20:25:00","ERGT01","0",NA,NA,NA
"D","DISPATCH","UNIT_SCADA",1,"2018/06/01 20:25:00","GB01","0.048286",NA,NA,NA
"D","DISPATCH","UNIT_SCADA",1,"2018/06/01 20:25:00","GERMCRK","31.299999",NA,NA,NA
"D","DISPATCH","UNIT_SCADA",1,"2018/06/01 20:25:00","GRIFSF1","0",NA,NA,NA
"D","DISPATCH","UNIT_SCADA",1,"2018/06/01 20:25:00","HUGSF1","-0.0130",NA,NA,NA
"D","DISPATCH","UNIT_SCADA",1,"2018/06/01 20:25:00","INVICTA","0",NA,NA,NA
"D","DISPATCH","UNIT_SCADA",1,"2018/06/01 20:25:00","LKBONNY1","6.073037",NA,NA,NA
"D","DISPATCH","UNIT_SCADA",1,"2018/06/01 20:25:00","LRSF1","0.0070",NA,NA,NA
"D","DISPATCH","UNIT_SCADA",1,"2018/06/01 20:25:00","MBAHNTH","53.231247",NA,NA,NA
"D","DISPATCH","UNIT_SCADA",1,"2018/06/01 20:25:00","MLSP1","0.274001",NA,NA,NA
"D","DISPATCH","UNIT_SCADA",1,"2018/06/01 20:25:00","MLWF1","2.7450",NA,NA,NA
"D","DISPATCH","UNIT_SCADA",1,"2018/06/01 20:25:00","MTMILLAR","17.784735",NA,NA,NA
"D","DISPATCH","UNIT_SCADA",1,"2018/06/01 20:25:00","PALOONA","13.03",NA,NA,NA
"D","DISPATCH","UNIT_SCADA",1,"2018/06/01 20:25:00","PIONEER","-0.90",NA,NA,NA
"D","DISPATCH","UNIT_SCADA",1,"2018/06/01 20:25:00","PORTWF","14.10",NA,NA,NA
"D","DISPATCH","UNIT_SCADA",1,"2018/06/01 20:25:00","REPULSE","0",NA,NA,NA
"D","DISPATCH","UNIT_SCADA",1,"2018/06/01 20:25:00","ROWALLAN","6.5249",NA,NA,NA
"D","DISPATCH","UNIT_SCADA",1,"2018/06/01 20:25:00","ROYALLA1","0",NA,NA,NA
"D","DISPATCH","UNIT_SCADA",1,"2018/06/01 20:25:00","RPCG","-0.30",NA,NA,NA
"D","DISPATCH","UNIT_SCADA",1,"2018/06/01 20:25:00","RUBICON","0",NA,NA,NA
"D","DISPATCH","UNIT_SCADA",1,"2018/06/01 20:25:00","SMCSF1","0",NA,NA,NA
"D","DISPATCH","UNIT_SCADA",1,"2018/06/01 20:25:00","STARHLWF","1.099679",NA,NA,NA
"D","DISPATCH","UNIT_SCADA",1,"2018/06/01 20:25:00","WAUBRAWF","28.9820",NA,NA,NA
"D","DISPATCH","UNIT_SCADA",1,"2018/06/01 20:25:00","WOOLNTH1","0.590015",NA,NA,NA
"D","DISPATCH","UNIT_SCADA",1,"2018/06/01 20:25:00","WPWF","0",NA,NA,NA
"D","DISPATCH","UNIT_SCADA",1,"2018/06/01 20:25:00","YAMBUKWF","3.80",NA,NA,NA
"D","DISPATCH","UNIT_SCADA",1,"2018/06/01 20:25:00","YSWF1","1",NA,NA,NA
"D","DISPATCH","UNIT_SCADA",1,"2018/06/01 20:35:00","BARCSF1","0.20",NA,NA,NA
"D","DISPATCH","UNIT_SCADA",1,"2018/06/01 20:35:00","BUTLERSG","9.199999",NA,NA,NA
"D","DISPATCH","UNIT_SCADA",1,"2018/06/01 20:35:00","CALL_A_4","0",NA,NA,NA
"D","DISPATCH","UNIT_SCADA",1,"2018/06/01 20:35:00","CAPTL_WF","63.507996",NA,NA,NA
"D","DISPATCH","UNIT_SCADA",1,"2018/06/01 20:35:00","CATHROCK","11.039999",NA,NA,NA
"D","DISPATCH","UNIT_SCADA",1,"2018/06/01 20:35:00","CHALLHWF","8.10",NA,NA,NA
"D","DISPATCH","UNIT_SCADA",1,"2018/06/01 20:35:00","CLOVER","24.709999",NA,NA,NA
"D","DISPATCH","UNIT_SCADA",1,"2018/06/01 20:35:00","CLUNY","8.877546",NA,NA,NA
"D","DISPATCH","UNIT_SCADA",1,"2018/06/01 20:35:00","CNUNDAWF","3.504088",NA,NA,NA
"D","DISPATCH","UNIT_SCADA",1,"2018/06/01 20:35:00","CULLRGWF","8.82",NA,NA,NA
"D","DISPATCH","UNIT_SCADA",1,"2018/06/01 20:35:00","ERGT01","0",NA,NA,NA
"D","DISPATCH","UNIT_SCADA",1,"2018/06/01 20:35:00","GB01","0.048286",NA,NA,NA
"D","DISPATCH","UNIT_SCADA",1,"2018/06/01 20:35:00","GERMCRK","31.299999",NA,NA,NA
"D","DISPATCH","UNIT_SCADA",1,"2018/06/01 20:35:00","GRIFSF1","0",NA,NA,NA
"D","DISPATCH","UNIT_SCADA",1,"2018/06/01 20:35:00","HUGSF1","-0.0130",NA,NA,NA
"D","DISPATCH","UNIT_SCADA",1,"2018/06/01 20:35:00","INVICTA","0",NA,NA,NA
"D","DISPATCH","UNIT_SCADA",1,"2018/06/01 20:35:00","LKBONNY1","6.073037",NA,NA,NA
"D","DISPATCH","UNIT_SCADA",1,"2018/06/01 20:35:00","LRSF1","0.0070",NA,NA,NA
"D","DISPATCH","UNIT_SCADA",1,"2018/06/01 20:35:00","MBAHNTH","54.356247",NA,NA,NA
"D","DISPATCH","UNIT_SCADA",1,"2018/06/01 20:35:00","MLSP1","0.274001",NA,NA,NA
"D","DISPATCH","UNIT_SCADA",1,"2018/06/01 20:35:00","MLWF1","3.2550",NA,NA,NA
"D","DISPATCH","UNIT_SCADA",1,"2018/06/01 20:35:00","MTMILLAR","17.263842",NA,NA,NA
"D","DISPATCH","UNIT_SCADA",1,"2018/06/01 20:35:00","PALOONA","13.03",NA,NA,NA
"D","DISPATCH","UNIT_SCADA",1,"2018/06/01 20:35:00","PIONEER","-0.90",NA,NA,NA
"D","DISPATCH","UNIT_SCADA",1,"2018/06/01 20:35:00","PORTWF","15.90",NA,NA,NA
"D","DISPATCH","UNIT_SCADA",1,"2018/06/01 20:35:00","REPULSE","0",NA,NA,NA
"D","DISPATCH","UNIT_SCADA",1,"2018/06/01 20:35:00","ROWALLAN","6.4894",NA,NA,NA
"D","DISPATCH","UNIT_SCADA",1,"2018/06/01 20:35:00","ROYALLA1","0",NA,NA,NA
"D","DISPATCH","UNIT_SCADA",1,"2018/06/01 20:35:00","RPCG","-0.30",NA,NA,NA
"D","DISPATCH","UNIT_SCADA",1,"2018/06/01 20:35:00","RUBICON","0",NA,NA,NA
"D","DISPATCH","UNIT_SCADA",1,"2018/06/01 20:35:00","SMCSF1","0",NA,NA,NA
"D","DISPATCH","UNIT_SCADA",1,"2018/06/01 20:35:00","STARHLWF","0.799767",NA,NA,NA
"D","DISPATCH","UNIT_SCADA",1,"2018/06/01 20:35:00","WAUBRAWF","30.10",NA,NA,NA
"D","DISPATCH","UNIT_SCADA",1,"2018/06/01 20:35:00","WOOLNTH1","0.710015",NA,NA,NA
"D","DISPATCH","UNIT_SCADA",1,"2018/06/01 20:35:00","WPWF","0",NA,NA,NA
"D","DISPATCH","UNIT_SCADA",1,"2018/06/01 20:35:00","YAMBUKWF","4.90",NA,NA,NA
"D","DISPATCH","UNIT_SCADA",1,"2018/06/01 20:35:00","YSWF1","1.40",NA,NA,NA
"D","DISPATCH","UNIT_SCADA",1,"2018/06/01 20:40:00","BARCSF1","0.20",NA,NA,NA
"D","DISPATCH","UNIT_SCADA",1,"2018/06/01 20:40:00","BUTLERSG","9.199999",NA,NA,NA
"D","DISPATCH","UNIT_SCADA",1,"2018/06/01 20:40:00","CALL_A_4","0",NA,NA,NA
"D","DISPATCH","UNIT_SCADA",1,"2018/06/01 20:40:00","CAPTL_WF","65.995995",NA,NA,NA
"D","DISPATCH","UNIT_SCADA",1,"2018/06/01 20:40:00","CATHROCK","10.919999",NA,NA,NA
"D","DISPATCH","UNIT_SCADA",1,"2018/06/01 20:40:00","CHALLHWF","8.200001",NA,NA,NA
"D","DISPATCH","UNIT_SCADA",1,"2018/06/01 20:40:00","CLOVER","24.220001",NA,NA,NA
"D","DISPATCH","UNIT_SCADA",1,"2018/06/01 20:40:00","CLUNY","8.862898",NA,NA,NA
"D","DISPATCH","UNIT_SCADA",1,"2018/06/01 20:40:00","CNUNDAWF","3.504088",NA,NA,NA
"D","DISPATCH","UNIT_SCADA",1,"2018/06/01 20:40:00","CULLRGWF","9.09",NA,NA,NA
"D","DISPATCH","UNIT_SCADA",1,"2018/06/01 20:40:00","ERGT01","0",NA,NA,NA
"D","DISPATCH","UNIT_SCADA",1,"2018/06/01 20:40:00","GB01","0.048286",NA,NA,NA
"D","DISPATCH","UNIT_SCADA",1,"2018/06/01 20:40:00","GERMCRK","31.60",NA,NA,NA
"D","DISPATCH","UNIT_SCADA",1,"2018/06/01 20:40:00","GRIFSF1","0",NA,NA,NA
"D","DISPATCH","UNIT_SCADA",1,"2018/06/01 20:40:00","HUGSF1","-0.0130",NA,NA,NA
"D","DISPATCH","UNIT_SCADA",1,"2018/06/01 20:40:00","INVICTA","0",NA,NA,NA
"D","DISPATCH","UNIT_SCADA",1,"2018/06/01 20:40:00","LKBONNY1","5.983727",NA,NA,NA
"D","DISPATCH","UNIT_SCADA",1,"2018/06/01 20:40:00","LRSF1","0.0070",NA,NA,NA
"D","DISPATCH","UNIT_SCADA",1,"2018/06/01 20:40:00","MBAHNTH","56.362503",NA,NA,NA
"D","DISPATCH","UNIT_SCADA",1,"2018/06/01 20:40:00","MLSP1","0.274001",NA,NA,NA
"D","DISPATCH","UNIT_SCADA",1,"2018/06/01 20:40:00","MLWF1","3.2550",NA,NA,NA
"D","DISPATCH","UNIT_SCADA",1,"2018/06/01 20:40:00","MTMILLAR","16.363443",NA,NA,NA
"D","DISPATCH","UNIT_SCADA",1,"2018/06/01 20:40:00","PALOONA","12.75",NA,NA,NA
"D","DISPATCH","UNIT_SCADA",1,"2018/06/01 20:40:00","PIONEER","-0.90",NA,NA,NA
"D","DISPATCH","UNIT_SCADA",1,"2018/06/01 20:40:00","PORTWF","16.799999",NA,NA,NA
"D","DISPATCH","UNIT_SCADA",1,"2018/06/01 20:40:00","REPULSE","0",NA,NA,NA
"D","DISPATCH","UNIT_SCADA",1,"2018/06/01 20:40:00","ROWALLAN","6.0989",NA,NA,NA
"D","DISPATCH","UNIT_SCADA",1,"2018/06/01 20:40:00","ROYALLA1","0",NA,NA,NA
"D","DISPATCH","UNIT_SCADA",1,"2018/06/01 20:40:00","RPCG","-0.30",NA,NA,NA
"D","DISPATCH","UNIT_SCADA",1,"2018/06/01 20:40:00","RUBICON","0",NA,NA,NA
"D","DISPATCH","UNIT_SCADA",1,"2018/06/01 20:40:00","SMCSF1","0",NA,NA,NA
"D","DISPATCH","UNIT_SCADA",1,"2018/06/01 20:40:00","STARHLWF","0.799767",NA,NA,NA
"D","DISPATCH","UNIT_SCADA",1,"2018/06/01 20:40:00","WAUBRAWF","28.830999",NA,NA,NA
"D","DISPATCH","UNIT_SCADA",1,"2018/06/01 20:40:00","WOOLNTH1","0.800015",NA,NA,NA
"D","DISPATCH","UNIT_SCADA",1,"2018/06/01 20:40:00","WPWF","0",NA,NA,NA
"D","DISPATCH","UNIT_SCADA",1,"2018/06/01 20:40:00","YAMBUKWF","5",NA,NA,NA
"D","DISPATCH","UNIT_SCADA",1,"2018/06/01 20:40:00","YSWF1","1.40",NA,NA,NA
"D","DISPATCH","UNIT_SCADA",1,"2018/06/01 20:45:00","BARCSF1","0.20",NA,NA,NA
"D","DISPATCH","UNIT_SCADA",1,"2018/06/01 20:45:00","BUTLERSG","9.199999",NA,NA,NA
"D","DISPATCH","UNIT_SCADA",1,"2018/06/01 20:45:00","CALL_A_4","0",NA,NA,NA
"D","DISPATCH","UNIT_SCADA",1,"2018/06/01 20:45:00","CAPTL_WF","68.739998",NA,NA,NA
"D","DISPATCH","UNIT_SCADA",1,"2018/06/01 20:45:00","CATHROCK","10.509999",NA,NA,NA
"D","DISPATCH","UNIT_SCADA",1,"2018/06/01 20:45:00","CHALLHWF","9",NA,NA,NA
"D","DISPATCH","UNIT_SCADA",1,"2018/06/01 20:45:00","CLOVER","24.530001",NA,NA,NA
"D","DISPATCH","UNIT_SCADA",1,"2018/06/01 20:45:00","CLUNY","8.972763",NA,NA,NA
"D","DISPATCH","UNIT_SCADA",1,"2018/06/01 20:45:00","CNUNDAWF","3.504088",NA,NA,NA
"D","DISPATCH","UNIT_SCADA",1,"2018/06/01 20:45:00","CULLRGWF","11.64",NA,NA,NA
"D","DISPATCH","UNIT_SCADA",1,"2018/06/01 20:45:00","ERGT01","0",NA,NA,NA
"D","DISPATCH","UNIT_SCADA",1,"2018/06/01 20:45:00","GB01","0.048286",NA,NA,NA
"D","DISPATCH","UNIT_SCADA",1,"2018/06/01 20:45:00","GERMCRK","32.700001",NA,NA,NA
"D","DISPATCH","UNIT_SCADA",1,"2018/06/01 20:45:00","GRIFSF1","0",NA,NA,NA
"D","DISPATCH","UNIT_SCADA",1,"2018/06/01 20:45:00","HUGSF1","-0.0130",NA,NA,NA
"D","DISPATCH","UNIT_SCADA",1,"2018/06/01 20:45:00","INVICTA","0",NA,NA,NA
"D","DISPATCH","UNIT_SCADA",1,"2018/06/01 20:45:00","LKBONNY1","6.251656",NA,NA,NA
"D","DISPATCH","UNIT_SCADA",1,"2018/06/01 20:45:00","LRSF1","0.0070",NA,NA,NA
"D","DISPATCH","UNIT_SCADA",1,"2018/06/01 20:45:00","MBAHNTH","56.362503",NA,NA,NA
"D","DISPATCH","UNIT_SCADA",1,"2018/06/01 20:45:00","MLSP1","0.274001",NA,NA,NA
"D","DISPATCH","UNIT_SCADA",1,"2018/06/01 20:45:00","MLWF1","2.9550",NA,NA,NA
"D","DISPATCH","UNIT_SCADA",1,"2018/06/01 20:45:00","MTMILLAR","16.207176",NA,NA,NA
"D","DISPATCH","UNIT_SCADA",1,"2018/06/01 20:45:00","PALOONA","12.469999",NA,NA,NA
"D","DISPATCH","UNIT_SCADA",1,"2018/06/01 20:45:00","PIONEER","-0.90",NA,NA,NA
"D","DISPATCH","UNIT_SCADA",1,"2018/06/01 20:45:00","PORTWF","15.60",NA,NA,NA
"D","DISPATCH","UNIT_SCADA",1,"2018/06/01 20:45:00","REPULSE","0",NA,NA,NA
"D","DISPATCH","UNIT_SCADA",1,"2018/06/01 20:45:00","ROWALLAN","6.6811",NA,NA,NA
"D","DISPATCH","UNIT_SCADA",1,"2018/06/01 20:45:00","ROYALLA1","0",NA,NA,NA
"D","DISPATCH","UNIT_SCADA",1,"2018/06/01 20:45:00","RPCG","-0.30",NA,NA,NA
"D","DISPATCH","UNIT_SCADA",1,"2018/06/01 20:45:00","RUBICON","0",NA,NA,NA
"D","DISPATCH","UNIT_SCADA",1,"2018/06/01 20:45:00","SMCSF1","0",NA,NA,NA
"D","DISPATCH","UNIT_SCADA",1,"2018/06/01 20:45:00","STARHLWF","1.199650",NA,NA,NA
"D","DISPATCH","UNIT_SCADA",1,"2018/06/01 20:45:00","WAUBRAWF","26.7850",NA,NA,NA
"D","DISPATCH","UNIT_SCADA",1,"2018/06/01 20:45:00","WOOLNTH1","0.950015",NA,NA,NA
"D","DISPATCH","UNIT_SCADA",1,"2018/06/01 20:45:00","WPWF","0",NA,NA,NA
"D","DISPATCH","UNIT_SCADA",1,"2018/06/01 20:45:00","YAMBUKWF","6.10",NA,NA,NA
"D","DISPATCH","UNIT_SCADA",1,"2018/06/01 20:45:00","YSWF1","1.60",NA,NA,NA
"D","DISPATCH","UNIT_SCADA",1,"2018/06/01 20:50:00","BARCSF1","0.20",NA,NA,NA
"D","DISPATCH","UNIT_SCADA",1,"2018/06/01 20:50:00","BUTLERSG","9.199999",NA,NA,NA
"D","DISPATCH","UNIT_SCADA",1,"2018/06/01 20:50:00","CALL_A_4","0",NA,NA,NA
"D","DISPATCH","UNIT_SCADA",1,"2018/06/01 20:50:00","CAPTL_WF","66.851997",NA,NA,NA
"D","DISPATCH","UNIT_SCADA",1,"2018/06/01 20:50:00","CATHROCK","11.499999",NA,NA,NA
"D","DISPATCH","UNIT_SCADA",1,"2018/06/01 20:50:00","CHALLHWF","8.80",NA,NA,NA
"D","DISPATCH","UNIT_SCADA",1,"2018/06/01 20:50:00","CLOVER","24.09",NA,NA,NA
"D","DISPATCH","UNIT_SCADA",1,"2018/06/01 20:50:00","CLUNY","8.948958",NA,NA,NA
"D","DISPATCH","UNIT_SCADA",1,"2018/06/01 20:50:00","CNUNDAWF","3.103621",NA,NA,NA
"D","DISPATCH","UNIT_SCADA",1,"2018/06/01 20:50:00","CULLRGWF","12.72",NA,NA,NA
"D","DISPATCH","UNIT_SCADA",1,"2018/06/01 20:50:00","ERGT01","0",NA,NA,NA
"D","DISPATCH","UNIT_SCADA",1,"2018/06/01 20:50:00","GB01","0.048286",NA,NA,NA
"D","DISPATCH","UNIT_SCADA",1,"2018/06/01 20:50:00","GERMCRK","33.200001",NA,NA,NA
"D","DISPATCH","UNIT_SCADA",1,"2018/06/01 20:50:00","GRIFSF1","0",NA,NA,NA
"D","DISPATCH","UNIT_SCADA",1,"2018/06/01 20:50:00","HUGSF1","-0.0130",NA,NA,NA
"D","DISPATCH","UNIT_SCADA",1,"2018/06/01 20:50:00","INVICTA","0",NA,NA,NA
"D","DISPATCH","UNIT_SCADA",1,"2018/06/01 20:50:00","LKBONNY1","6.340965",NA,NA,NA
"D","DISPATCH","UNIT_SCADA",1,"2018/06/01 20:50:00","MLWF1","3.0750",NA,NA,NA
"D","DISPATCH","UNIT_SCADA",1,"2018/06/01 20:50:00","LRSF1","0.0070",NA,NA,NA
"D","DISPATCH","UNIT_SCADA",1,"2018/06/01 20:50:00","MBAHNTH","56.362503",NA,NA,NA
"D","DISPATCH","UNIT_SCADA",1,"2018/06/01 20:50:00","MLSP1","0.274001",NA,NA,NA
"D","DISPATCH","UNIT_SCADA",1,"2018/06/01 20:50:00","MTMILLAR","15.418397",NA,NA,NA
"D","DISPATCH","UNIT_SCADA",1,"2018/06/01 20:50:00","PALOONA","12.71",NA,NA,NA
"D","DISPATCH","UNIT_SCADA",1,"2018/06/01 20:50:00","PIONEER","-0.90",NA,NA,NA
"D","DISPATCH","UNIT_SCADA",1,"2018/06/01 20:50:00","PORTWF","15.30",NA,NA,NA
"D","DISPATCH","UNIT_SCADA",1,"2018/06/01 20:50:00","REPULSE","0",NA,NA,NA
"D","DISPATCH","UNIT_SCADA",1,"2018/06/01 20:50:00","ROWALLAN","6.4042",NA,NA,NA
"D","DISPATCH","UNIT_SCADA",1,"2018/06/01 20:50:00","ROYALLA1","0",NA,NA,NA
"D","DISPATCH","UNIT_SCADA",1,"2018/06/01 20:50:00","RPCG","-0.30",NA,NA,NA
"D","DISPATCH","UNIT_SCADA",1,"2018/06/01 20:50:00","RUBICON","0",NA,NA,NA
"D","DISPATCH","UNIT_SCADA",1,"2018/06/01 20:50:00","SMCSF1","0",NA,NA,NA
"D","DISPATCH","UNIT_SCADA",1,"2018/06/01 20:50:00","STARHLWF","0.799767",NA,NA,NA
"D","DISPATCH","UNIT_SCADA",1,"2018/06/01 20:50:00","WAUBRAWF","25.2820",NA,NA,NA
"D","DISPATCH","UNIT_SCADA",1,"2018/06/01 20:50:00","WOOLNTH1","0.890015",NA,NA,NA
"D","DISPATCH","UNIT_SCADA",1,"2018/06/01 20:50:00","WPWF","1",NA,NA,NA
"D","DISPATCH","UNIT_SCADA",1,"2018/06/01 20:50:00","YAMBUKWF","7",NA,NA,NA
"D","DISPATCH","UNIT_SCADA",1,"2018/06/01 20:50:00","YSWF1","1.30",NA,NA,NA
"D","DISPATCH","UNIT_SCADA",1,"2018/06/01 20:55:00","BARCSF1","0.20",NA,NA,NA
"D","DISPATCH","UNIT_SCADA",1,"2018/06/01 20:55:00","BUTLERSG","9.199999",NA,NA,NA
"D","DISPATCH","UNIT_SCADA",1,"2018/06/01 20:55:00","CALL_A_4","0",NA,NA,NA
"D","DISPATCH","UNIT_SCADA",1,"2018/06/01 20:55:00","CAPTL_WF","69.011993",NA,NA,NA
"D","DISPATCH","UNIT_SCADA",1,"2018/06/01 20:55:00","CATHROCK","14.849999",NA,NA,NA
"D","DISPATCH","UNIT_SCADA",1,"2018/06/01 20:55:00","CHALLHWF","8.20",NA,NA,NA
"D","DISPATCH","UNIT_SCADA",1,"2018/06/01 20:55:00","CLOVER","21.360001",NA,NA,NA
"D","DISPATCH","UNIT_SCADA",1,"2018/06/01 20:55:00","CLUNY","8.996567",NA,NA,NA
"D","DISPATCH","UNIT_SCADA",1,"2018/06/01 20:55:00","CNUNDAWF","3.103621",NA,NA,NA
"D","DISPATCH","UNIT_SCADA",1,"2018/06/01 20:55:00","CULLRGWF","11.64",NA,NA,NA
"D","DISPATCH","UNIT_SCADA",1,"2018/06/01 20:55:00","ERGT01","0",NA,NA,NA
"D","DISPATCH","UNIT_SCADA",1,"2018/06/01 20:55:00","GB01","0.048286",NA,NA,NA
"D","DISPATCH","UNIT_SCADA",1,"2018/06/01 20:55:00","GERMCRK","33.099998",NA,NA,NA
"D","DISPATCH","UNIT_SCADA",1,"2018/06/01 20:55:00","GRIFSF1","0",NA,NA,NA
"D","DISPATCH","UNIT_SCADA",1,"2018/06/01 20:55:00","HUGSF1","-0.0130",NA,NA,NA
"D","DISPATCH","UNIT_SCADA",1,"2018/06/01 20:55:00","INVICTA","0",NA,NA,NA
"D","DISPATCH","UNIT_SCADA",1,"2018/06/01 20:55:00","LKBONNY1","6.876821",NA,NA,NA
"D","DISPATCH","UNIT_SCADA",1,"2018/06/01 20:55:00","LRSF1","0.0070",NA,NA,NA
"D","DISPATCH","UNIT_SCADA",1,"2018/06/01 20:55:00","MBAHNTH","56.362503",NA,NA,NA
"D","DISPATCH","UNIT_SCADA",1,"2018/06/01 21:10:00","BARCSF1","0.20",NA,NA,NA
"D","DISPATCH","UNIT_SCADA",1,"2018/06/01 21:10:00","BUTLERSG","9.199999",NA,NA,NA
"D","DISPATCH","UNIT_SCADA",1,"2018/06/01 21:10:00","CALL_A_4","0",NA,NA,NA
"D","DISPATCH","UNIT_SCADA",1,"2018/06/01 21:10:00","CAPTL_WF","60.952003",NA,NA,NA
"D","DISPATCH","UNIT_SCADA",1,"2018/06/01 21:10:00","CATHROCK","19.389999",NA,NA,NA
"D","DISPATCH","UNIT_SCADA",1,"2018/06/01 21:10:00","CLOVER","23.380001",NA,NA,NA
"D","DISPATCH","UNIT_SCADA",1,"2018/06/01 21:10:00","CLUNY","9.0103",NA,NA,NA
"D","DISPATCH","UNIT_SCADA",1,"2018/06/01 21:10:00","CNUNDAWF","1.902219",NA,NA,NA
"D","DISPATCH","UNIT_SCADA",1,"2018/06/01 21:10:00","CULLRGWF","12.26",NA,NA,NA
"D","DISPATCH","UNIT_SCADA",1,"2018/06/01 21:10:00","ERGT01","0",NA,NA,NA
"D","DISPATCH","UNIT_SCADA",1,"2018/06/01 21:10:00","GB01","0.047638",NA,NA,NA
"D","DISPATCH","UNIT_SCADA",1,"2018/06/01 21:10:00","GERMCRK","33.599998",NA,NA,NA
"D","DISPATCH","UNIT_SCADA",1,"2018/06/01 21:10:00","GRIFSF1","0",NA,NA,NA
"D","DISPATCH","UNIT_SCADA",1,"2018/06/01 21:10:00","HUGSF1","-0.0130",NA,NA,NA
"D","DISPATCH","UNIT_SCADA",1,"2018/06/01 21:10:00","INVICTA","0",NA,NA,NA
"D","DISPATCH","UNIT_SCADA",1,"2018/06/01 21:10:00","LKBONNY1","5.179943",NA,NA,NA
"D","DISPATCH","UNIT_SCADA",1,"2018/06/01 21:10:00","LRSF1","0.0070",NA,NA,NA
"D","DISPATCH","UNIT_SCADA",1,"2018/06/01 21:10:00","MBAHNTH","56.362503",NA,NA,NA
"D","DISPATCH","UNIT_SCADA",1,"2018/06/01 21:10:00","MLSP1","0.274001",NA,NA,NA
"D","DISPATCH","UNIT_SCADA",1,"2018/06/01 21:10:00","MTMILLAR","14.160815",NA,NA,NA
"D","DISPATCH","UNIT_SCADA",1,"2018/06/01 21:10:00","PALOONA","13",NA,NA,NA
"D","DISPATCH","UNIT_SCADA",1,"2018/06/01 21:10:00","PIONEER","-0.90",NA,NA,NA
"D","DISPATCH","UNIT_SCADA",1,"2018/06/01 21:10:00","PORTWF","13",NA,NA,NA
"D","DISPATCH","UNIT_SCADA",1,"2018/06/01 21:10:00","REPULSE","0",NA,NA,NA
"D","DISPATCH","UNIT_SCADA",1,"2018/06/01 21:10:00","ROWALLAN","6.6456",NA,NA,NA
"D","DISPATCH","UNIT_SCADA",1,"2018/06/01 21:10:00","ROYALLA1","0",NA,NA,NA
"D","DISPATCH","UNIT_SCADA",1,"2018/06/01 21:10:00","RPCG","-0.30",NA,NA,NA
"D","DISPATCH","UNIT_SCADA",1,"2018/06/01 21:10:00","RUBICON","0",NA,NA,NA
"D","DISPATCH","UNIT_SCADA",1,"2018/06/01 21:10:00","SMCSF1","0",NA,NA,NA
"D","DISPATCH","UNIT_SCADA",1,"2018/06/01 21:10:00","STARHLWF","1.199650",NA,NA,NA
"D","DISPATCH","UNIT_SCADA",1,"2018/06/01 21:10:00","WAUBRAWF","23.261999",NA,NA,NA
"D","DISPATCH","UNIT_SCADA",1,"2018/06/01 21:10:00","WOOLNTH1","-0.359985",NA,NA,NA
"D","DISPATCH","UNIT_SCADA",1,"2018/06/01 21:10:00","WPWF","2",NA,NA,NA
"D","DISPATCH","UNIT_SCADA",1,"2018/06/01 21:10:00","YSWF1","1.10",NA,NA,NA
"D","DISPATCH","UNIT_SCADA",1,"2018/06/01 20:55:00","MLSP1","0.274001",NA,NA,NA
"D","DISPATCH","UNIT_SCADA",1,"2018/06/01 20:55:00","MLWF1","4.1550",NA,NA,NA
"D","DISPATCH","UNIT_SCADA",1,"2018/06/01 20:55:00","MTMILLAR","14.622177",NA,NA,NA
"D","DISPATCH","UNIT_SCADA",1,"2018/06/01 20:55:00","PALOONA","13",NA,NA,NA
"D","DISPATCH","UNIT_SCADA",1,"2018/06/01 20:55:00","PIONEER","-0.90",NA,NA,NA
"D","DISPATCH","UNIT_SCADA",1,"2018/06/01 20:55:00","PORTWF","14.70",NA,NA,NA
"D","DISPATCH","UNIT_SCADA",1,"2018/06/01 20:55:00","REPULSE","0",NA,NA,NA
"D","DISPATCH","UNIT_SCADA",1,"2018/06/01 20:55:00","ROWALLAN","6.3758",NA,NA,NA
"D","DISPATCH","UNIT_SCADA",1,"2018/06/01 20:55:00","ROYALLA1","0",NA,NA,NA
"D","DISPATCH","UNIT_SCADA",1,"2018/06/01 20:55:00","RPCG","-0.30",NA,NA,NA
"D","DISPATCH","UNIT_SCADA",1,"2018/06/01 20:55:00","RUBICON","0",NA,NA,NA
"D","DISPATCH","UNIT_SCADA",1,"2018/06/01 20:55:00","SMCSF1","0",NA,NA,NA
"D","DISPATCH","UNIT_SCADA",1,"2018/06/01 20:55:00","STARHLWF","0.799767",NA,NA,NA
"D","DISPATCH","UNIT_SCADA",1,"2018/06/01 20:55:00","WAUBRAWF","23.523001",NA,NA,NA
"D","DISPATCH","UNIT_SCADA",1,"2018/06/01 20:55:00","WOOLNTH1","0.870015",NA,NA,NA
"D","DISPATCH","UNIT_SCADA",1,"2018/06/01 20:55:00","WPWF","0",NA,NA,NA
"D","DISPATCH","UNIT_SCADA",1,"2018/06/01 20:55:00","YAMBUKWF","7.20",NA,NA,NA
"D","DISPATCH","UNIT_SCADA",1,"2018/06/01 20:55:00","YSWF1","1.30",NA,NA,NA
"D","DISPATCH","UNIT_SCADA",1,"2018/06/01 21:00:00","BARCSF1","0.20",NA,NA,NA
"D","DISPATCH","UNIT_SCADA",1,"2018/06/01 21:00:00","BUTLERSG","9.199999",NA,NA,NA
"D","DISPATCH","UNIT_SCADA",1,"2018/06/01 21:00:00","CALL_A_4","0",NA,NA,NA
"D","DISPATCH","UNIT_SCADA",1,"2018/06/01 21:00:00","CAPTL_WF","62.660004",NA,NA,NA
"D","DISPATCH","UNIT_SCADA",1,"2018/06/01 21:00:00","CATHROCK","16.939999",NA,NA,NA
"D","DISPATCH","UNIT_SCADA",1,"2018/06/01 21:00:00","CHALLHWF","7",NA,NA,NA
"D","DISPATCH","UNIT_SCADA",1,"2018/06/01 21:00:00","CLOVER","23.360001",NA,NA,NA
"D","DISPATCH","UNIT_SCADA",1,"2018/06/01 21:00:00","CLUNY","8.981918",NA,NA,NA
"D","DISPATCH","UNIT_SCADA",1,"2018/06/01 21:00:00","CNUNDAWF","2.703153",NA,NA,NA
"D","DISPATCH","UNIT_SCADA",1,"2018/06/01 21:00:00","CULLRGWF","10.08",NA,NA,NA
"D","DISPATCH","UNIT_SCADA",1,"2018/06/01 21:00:00","ERGT01","0",NA,NA,NA
"D","DISPATCH","UNIT_SCADA",1,"2018/06/01 21:00:00","GB01","0.048286",NA,NA,NA
"D","DISPATCH","UNIT_SCADA",1,"2018/06/01 21:00:00","GERMCRK","33.299999",NA,NA,NA
"D","DISPATCH","UNIT_SCADA",1,"2018/06/01 21:00:00","GRIFSF1","0",NA,NA,NA
"D","DISPATCH","UNIT_SCADA",1,"2018/06/01 21:00:00","HUGSF1","-0.0130",NA,NA,NA
"D","DISPATCH","UNIT_SCADA",1,"2018/06/01 21:00:00","INVICTA","0",NA,NA,NA
"D","DISPATCH","UNIT_SCADA",1,"2018/06/01 21:00:00","LKBONNY1","6.340965",NA,NA,NA
"D","DISPATCH","UNIT_SCADA",1,"2018/06/01 21:00:00","LRSF1","0.0070",NA,NA,NA
"D","DISPATCH","UNIT_SCADA",1,"2018/06/01 21:00:00","MBAHNTH","56.362503",NA,NA,NA
"D","DISPATCH","UNIT_SCADA",1,"2018/06/01 21:00:00","MLSP1","0.274001",NA,NA,NA
"D","DISPATCH","UNIT_SCADA",1,"2018/06/01 21:00:00","MLWF1","4.5750",NA,NA,NA
"D","DISPATCH","UNIT_SCADA",1,"2018/06/01 21:00:00","MTMILLAR","14.532881",NA,NA,NA
"D","DISPATCH","UNIT_SCADA",1,"2018/06/01 21:00:00","PALOONA","13",NA,NA,NA
"D","DISPATCH","UNIT_SCADA",1,"2018/06/01 21:00:00","PIONEER","-0.90",NA,NA,NA
"D","DISPATCH","UNIT_SCADA",1,"2018/06/01 21:00:00","PORTWF","13.50",NA,NA,NA
"D","DISPATCH","UNIT_SCADA",1,"2018/06/01 21:00:00","REPULSE","0",NA,NA,NA
"D","DISPATCH","UNIT_SCADA",1,"2018/06/01 21:00:00","ROWALLAN","6.39",NA,NA,NA
"D","DISPATCH","UNIT_SCADA",1,"2018/06/01 21:00:00","ROYALLA1","0",NA,NA,NA
"D","DISPATCH","UNIT_SCADA",1,"2018/06/01 21:00:00","RPCG","-0.30",NA,NA,NA
"D","DISPATCH","UNIT_SCADA",1,"2018/06/01 21:00:00","RUBICON","0",NA,NA,NA
"D","DISPATCH","UNIT_SCADA",1,"2018/06/01 21:00:00","SMCSF1","0",NA,NA,NA
"D","DISPATCH","UNIT_SCADA",1,"2018/06/01 21:00:00","STARHLWF","1.199650",NA,NA,NA
"D","DISPATCH","UNIT_SCADA",1,"2018/06/01 21:00:00","WAUBRAWF","22.299999",NA,NA,NA
"D","DISPATCH","UNIT_SCADA",1,"2018/06/01 21:00:00","WOOLNTH1","0.510015",NA,NA,NA
"D","DISPATCH","UNIT_SCADA",1,"2018/06/01 21:00:00","WPWF","0",NA,NA,NA
"D","DISPATCH","UNIT_SCADA",1,"2018/06/01 21:00:00","YAMBUKWF","9",NA,NA,NA
"D","DISPATCH","UNIT_SCADA",1,"2018/06/01 21:00:00","YSWF1","1.10",NA,NA,NA
"D","DISPATCH","UNIT_SCADA",1,"2018/06/01 21:05:00","BARCSF1","0.20",NA,NA,NA
"D","DISPATCH","UNIT_SCADA",1,"2018/06/01 21:05:00","BUTLERSG","9.099998",NA,NA,NA
"D","DISPATCH","UNIT_SCADA",1,"2018/06/01 21:05:00","CALL_A_4","0",NA,NA,NA
"D","DISPATCH","UNIT_SCADA",1,"2018/06/01 21:05:00","CAPTL_WF","62.784004",NA,NA,NA
"D","DISPATCH","UNIT_SCADA",1,"2018/06/01 21:05:00","CATHROCK","17.199999",NA,NA,NA
"D","DISPATCH","UNIT_SCADA",1,"2018/06/01 21:05:00","CHALLHWF","6.80",NA,NA,NA
"D","DISPATCH","UNIT_SCADA",1,"2018/06/01 21:05:00","CLOVER","24.690001",NA,NA,NA
"D","DISPATCH","UNIT_SCADA",1,"2018/06/01 21:05:00","CLUNY","8.929732",NA,NA,NA
"D","DISPATCH","UNIT_SCADA",1,"2018/06/01 21:05:00","CNUNDAWF","1.902219",NA,NA,NA
"D","DISPATCH","UNIT_SCADA",1,"2018/06/01 21:05:00","CULLRGWF","10.80",NA,NA,NA
"D","DISPATCH","UNIT_SCADA",1,"2018/06/01 21:05:00","ERGT01","0",NA,NA,NA
"D","DISPATCH","UNIT_SCADA",1,"2018/06/01 21:05:00","GB01","0.048286",NA,NA,NA
"D","DISPATCH","UNIT_SCADA",1,"2018/06/01 21:05:00","GERMCRK","33.50",NA,NA,NA
"D","DISPATCH","UNIT_SCADA",1,"2018/06/01 21:05:00","GRIFSF1","0",NA,NA,NA
"D","DISPATCH","UNIT_SCADA",1,"2018/06/01 21:05:00","HUGSF1","-0.0130",NA,NA,NA
"D","DISPATCH","UNIT_SCADA",1,"2018/06/01 21:05:00","INVICTA","0",NA,NA,NA
"D","DISPATCH","UNIT_SCADA",1,"2018/06/01 21:05:00","LKBONNY1","6.162346",NA,NA,NA
"D","DISPATCH","UNIT_SCADA",1,"2018/06/01 21:05:00","LRSF1","0.0070",NA,NA,NA
"D","DISPATCH","UNIT_SCADA",1,"2018/06/01 21:05:00","MBAHNTH","56.362503",NA,NA,NA
"D","DISPATCH","UNIT_SCADA",1,"2018/06/01 21:05:00","MLSP1","0.274001",NA,NA,NA
"D","DISPATCH","UNIT_SCADA",1,"2018/06/01 21:05:00","MLWF1","5.2050",NA,NA,NA
"D","DISPATCH","UNIT_SCADA",1,"2018/06/01 21:05:00","MTMILLAR","14.942153",NA,NA,NA
"D","DISPATCH","UNIT_SCADA",1,"2018/06/01 21:05:00","PALOONA","13",NA,NA,NA
"D","DISPATCH","UNIT_SCADA",1,"2018/06/01 21:05:00","PIONEER","-0.90",NA,NA,NA
"D","DISPATCH","UNIT_SCADA",1,"2018/06/01 21:05:00","PORTWF","13.50",NA,NA,NA
"D","DISPATCH","UNIT_SCADA",1,"2018/06/01 21:05:00","REPULSE","0",NA,NA,NA
"D","DISPATCH","UNIT_SCADA",1,"2018/06/01 21:05:00","ROWALLAN","6.1841",NA,NA,NA
"D","DISPATCH","UNIT_SCADA",1,"2018/06/01 21:05:00","ROYALLA1","0",NA,NA,NA
"D","DISPATCH","UNIT_SCADA",1,"2018/06/01 21:05:00","RPCG","-0.30",NA,NA,NA
"D","DISPATCH","UNIT_SCADA",1,"2018/06/01 21:05:00","RUBICON","0",NA,NA,NA
"D","DISPATCH","UNIT_SCADA",1,"2018/06/01 21:05:00","SMCSF1","0",NA,NA,NA
"D","DISPATCH","UNIT_SCADA",1,"2018/06/01 21:05:00","STARHLWF","1.199650",NA,NA,NA
"D","DISPATCH","UNIT_SCADA",1,"2018/06/01 21:05:00","WAUBRAWF","21.797001",NA,NA,NA
"D","DISPATCH","UNIT_SCADA",1,"2018/06/01 21:05:00","WOOLNTH1","0.250015",NA,NA,NA
"D","DISPATCH","UNIT_SCADA",1,"2018/06/01 21:05:00","WPWF","1",NA,NA,NA
"D","DISPATCH","UNIT_SCADA",1,"2018/06/01 21:05:00","YAMBUKWF","9.20",NA,NA,NA
"D","DISPATCH","UNIT_SCADA",1,"2018/06/01 21:05:00","YSWF1","1.30",NA,NA,NA
"D","DISPATCH","UNIT_SCADA",1,"2018/06/01 21:15:00","BARCSF1","0.20",NA,NA,NA
"D","DISPATCH","UNIT_SCADA",1,"2018/06/01 21:15:00","BUTLERSG","9.199999",NA,NA,NA
"D","DISPATCH","UNIT_SCADA",1,"2018/06/01 21:15:00","CALL_A_4","0",NA,NA,NA
"D","DISPATCH","UNIT_SCADA",1,"2018/06/01 21:15:00","CAPTL_WF","62.259995",NA,NA,NA
"D","DISPATCH","UNIT_SCADA",1,"2018/06/01 21:15:00","CATHROCK","20.999998",NA,NA,NA
"D","DISPATCH","UNIT_SCADA",1,"2018/06/01 21:15:00","CHALLHWF","5.90",NA,NA,NA
"D","DISPATCH","UNIT_SCADA",1,"2018/06/01 21:15:00","CLOVER","23.530001",NA,NA,NA
"D","DISPATCH","UNIT_SCADA",1,"2018/06/01 21:15:00","CLUNY","8.929732",NA,NA,NA
"D","DISPATCH","UNIT_SCADA",1,"2018/06/01 21:15:00","CNUNDAWF","1.902219",NA,NA,NA
"D","DISPATCH","UNIT_SCADA",1,"2018/06/01 21:15:00","CULLRGWF","14.61",NA,NA,NA
"D","DISPATCH","UNIT_SCADA",1,"2018/06/01 21:15:00","ERGT01","0",NA,NA,NA
"D","DISPATCH","UNIT_SCADA",1,"2018/06/01 21:15:00","GB01","0.047638",NA,NA,NA
"D","DISPATCH","UNIT_SCADA",1,"2018/06/01 21:15:00","GERMCRK","34.099998",NA,NA,NA
"D","DISPATCH","UNIT_SCADA",1,"2018/06/01 21:15:00","GRIFSF1","0",NA,NA,NA
"D","DISPATCH","UNIT_SCADA",1,"2018/06/01 21:15:00","HUGSF1","-0.0130",NA,NA,NA
"D","DISPATCH","UNIT_SCADA",1,"2018/06/01 21:15:00","INVICTA","0",NA,NA,NA
"D","DISPATCH","UNIT_SCADA",1,"2018/06/01 21:15:00","LKBONNY1","4.286849",NA,NA,NA
"D","DISPATCH","UNIT_SCADA",1,"2018/06/01 21:15:00","LRSF1","0.0070",NA,NA,NA
"D","DISPATCH","UNIT_SCADA",1,"2018/06/01 21:15:00","MBAHNTH","56.362503",NA,NA,NA
"D","DISPATCH","UNIT_SCADA",1,"2018/06/01 21:15:00","MLSP1","0.274001",NA,NA,NA
"D","DISPATCH","UNIT_SCADA",1,"2018/06/01 21:15:00","MLWF1","6.06",NA,NA,NA
"D","DISPATCH","UNIT_SCADA",1,"2018/06/01 21:15:00","MTMILLAR","14.614736",NA,NA,NA
"D","DISPATCH","UNIT_SCADA",1,"2018/06/01 21:15:00","PALOONA","13",NA,NA,NA
"D","DISPATCH","UNIT_SCADA",1,"2018/06/01 21:15:00","PIONEER","-0.90",NA,NA,NA
"D","DISPATCH","UNIT_SCADA",1,"2018/06/01 21:15:00","PORTWF","11.80",NA,NA,NA
"D","DISPATCH","UNIT_SCADA",1,"2018/06/01 21:15:00","REPULSE","0",NA,NA,NA
"D","DISPATCH","UNIT_SCADA",1,"2018/06/01 21:15:00","ROWALLAN","6.4823",NA,NA,NA
"D","DISPATCH","UNIT_SCADA",1,"2018/06/01 21:15:00","ROYALLA1","0",NA,NA,NA
"D","DISPATCH","UNIT_SCADA",1,"2018/06/01 21:15:00","RPCG","-0.30",NA,NA,NA
"D","DISPATCH","UNIT_SCADA",1,"2018/06/01 21:15:00","RUBICON","0",NA,NA,NA
"D","DISPATCH","UNIT_SCADA",1,"2018/06/01 21:15:00","SMCSF1","0",NA,NA,NA
"D","DISPATCH","UNIT_SCADA",1,"2018/06/01 21:15:00","STARHLWF","1.199650",NA,NA,NA
"D","DISPATCH","UNIT_SCADA",1,"2018/06/01 21:15:00","WAUBRAWF","24.292999",NA,NA,NA
"D","DISPATCH","UNIT_SCADA",1,"2018/06/01 21:15:00","WOOLNTH1","-0.669985",NA,NA,NA
"D","DISPATCH","UNIT_SCADA",1,"2018/06/01 21:15:00","WPWF","4",NA,NA,NA
"D","DISPATCH","UNIT_SCADA",1,"2018/06/01 21:15:00","YAMBUKWF","10.10",NA,NA,NA
"D","DISPATCH","UNIT_SCADA",1,"2018/06/01 21:15:00","YSWF1","1",NA,NA,NA
"D","DISPATCH","UNIT_SCADA",1,"2018/06/01 21:20:00","BARCSF1","0.20",NA,NA,NA
"D","DISPATCH","UNIT_SCADA",1,"2018/06/01 21:20:00","BUTLERSG","9.199999",NA,NA,NA
"D","DISPATCH","UNIT_SCADA",1,"2018/06/01 21:20:00","CALL_A_4","0",NA,NA,NA
"D","DISPATCH","UNIT_SCADA",1,"2018/06/01 21:20:00","CAPTL_WF","61.211998",NA,NA,NA
"D","DISPATCH","UNIT_SCADA",1,"2018/06/01 21:20:00","CATHROCK","21.689999",NA,NA,NA
"D","DISPATCH","UNIT_SCADA",1,"2018/06/01 21:20:00","CHALLHWF","6.20",NA,NA,NA
"D","DISPATCH","UNIT_SCADA",1,"2018/06/01 21:20:00","CLOVER","23.299999",NA,NA,NA
"D","DISPATCH","UNIT_SCADA",1,"2018/06/01 21:20:00","CLUNY","8.862898",NA,NA,NA
"D","DISPATCH","UNIT_SCADA",1,"2018/06/01 21:20:00","CNUNDAWF","1.902219",NA,NA,NA
"D","DISPATCH","UNIT_SCADA",1,"2018/06/01 21:20:00","CULLRGWF","16.709999",NA,NA,NA
"D","DISPATCH","UNIT_SCADA",1,"2018/06/01 21:20:00","ERGT01","0",NA,NA,NA
"D","DISPATCH","UNIT_SCADA",1,"2018/06/01 21:20:00","GB01","0.047638",NA,NA,NA
"D","DISPATCH","UNIT_SCADA",1,"2018/06/01 21:20:00","GERMCRK","33.299999",NA,NA,NA
"D","DISPATCH","UNIT_SCADA",1,"2018/06/01 21:20:00","GRIFSF1","0",NA,NA,NA
"D","DISPATCH","UNIT_SCADA",1,"2018/06/01 21:20:00","HUGSF1","-0.0130",NA,NA,NA
"D","DISPATCH","UNIT_SCADA",1,"2018/06/01 21:20:00","INVICTA","0",NA,NA,NA
"D","DISPATCH","UNIT_SCADA",1,"2018/06/01 21:20:00","LKBONNY1","4.108231",NA,NA,NA
"D","DISPATCH","UNIT_SCADA",1,"2018/06/01 21:20:00","LRSF1","0.0070",NA,NA,NA
"D","DISPATCH","UNIT_SCADA",1,"2018/06/01 21:20:00","MBAHNTH","56.362503",NA,NA,NA
"D","DISPATCH","UNIT_SCADA",1,"2018/06/01 21:20:00","MLSP1","0.274001",NA,NA,NA
"D","DISPATCH","UNIT_SCADA",1,"2018/06/01 21:20:00","MLWF1","6.36",NA,NA,NA
"D","DISPATCH","UNIT_SCADA",1,"2018/06/01 21:20:00","MTMILLAR","15.016566",NA,NA,NA
"D","DISPATCH","UNIT_SCADA",1,"2018/06/01 21:20:00","PALOONA","12.969999",NA,NA,NA
"D","DISPATCH","UNIT_SCADA",1,"2018/06/01 21:20:00","PIONEER","-0.90",NA,NA,NA
"D","DISPATCH","UNIT_SCADA",1,"2018/06/01 21:20:00","PORTWF","11.20",NA,NA,NA
"D","DISPATCH","UNIT_SCADA",1,"2018/06/01 21:20:00","REPULSE","0",NA,NA,NA
"D","DISPATCH","UNIT_SCADA",1,"2018/06/01 21:20:00","ROWALLAN","6.4539",NA,NA,NA
"D","DISPATCH","UNIT_SCADA",1,"2018/06/01 21:20:00","ROYALLA1","0",NA,NA,NA
"D","DISPATCH","UNIT_SCADA",1,"2018/06/01 21:20:00","RPCG","-0.30",NA,NA,NA
"D","DISPATCH","UNIT_SCADA",1,"2018/06/01 21:20:00","RUBICON","0",NA,NA,NA
"D","DISPATCH","UNIT_SCADA",1,"2018/06/01 21:20:00","SMCSF1","0",NA,NA,NA
"D","DISPATCH","UNIT_SCADA",1,"2018/06/01 21:20:00","STARHLWF","1.199650",NA,NA,NA
"D","DISPATCH","UNIT_SCADA",1,"2018/06/01 21:20:00","WAUBRAWF","26.502001",NA,NA,NA
"D","DISPATCH","UNIT_SCADA",1,"2018/06/01 21:20:00","WOOLNTH1","-0.469985",NA,NA,NA
"D","DISPATCH","UNIT_SCADA",1,"2018/06/01 21:20:00","WPWF","5",NA,NA,NA
"D","DISPATCH","UNIT_SCADA",1,"2018/06/01 21:20:00","YAMBUKWF","10.60",NA,NA,NA
"D","DISPATCH","UNIT_SCADA",1,"2018/06/01 21:20:00","YSWF1","1",NA,NA,NA
"D","DISPATCH","UNIT_SCADA",1,"2018/06/01 21:25:00","BARCSF1","0.20",NA,NA,NA
"D","DISPATCH","UNIT_SCADA",1,"2018/06/01 21:25:00","BUTLERSG","9.199999",NA,NA,NA
"D","DISPATCH","UNIT_SCADA",1,"2018/06/01 21:25:00","CALL_A_4","0",NA,NA,NA
"D","DISPATCH","UNIT_SCADA",1,"2018/06/01 21:25:00","CAPTL_WF","56.424004",NA,NA,NA
"D","DISPATCH","UNIT_SCADA",1,"2018/06/01 21:25:00","CATHROCK","23.089998",NA,NA,NA
"D","DISPATCH","UNIT_SCADA",1,"2018/06/01 21:25:00","CHALLHWF","5.20",NA,NA,NA
"D","DISPATCH","UNIT_SCADA",1,"2018/06/01 21:25:00","CLOVER","17.310001",NA,NA,NA
"D","DISPATCH","UNIT_SCADA",1,"2018/06/01 21:25:00","CLUNY","8.901350",NA,NA,NA
"D","DISPATCH","UNIT_SCADA",1,"2018/06/01 21:25:00","CNUNDAWF","1.201401",NA,NA,NA
"D","DISPATCH","UNIT_SCADA",1,"2018/06/01 21:25:00","CULLRGWF","16.68",NA,NA,NA
"D","DISPATCH","UNIT_SCADA",1,"2018/06/01 21:25:00","ERGT01","0",NA,NA,NA
"D","DISPATCH","UNIT_SCADA",1,"2018/06/01 21:25:00","GB01","0.047638",NA,NA,NA
"D","DISPATCH","UNIT_SCADA",1,"2018/06/01 21:25:00","GERMCRK","32.799999",NA,NA,NA
"D","DISPATCH","UNIT_SCADA",1,"2018/06/01 21:25:00","GRIFSF1","0",NA,NA,NA
"D","DISPATCH","UNIT_SCADA",1,"2018/06/01 21:25:00","HUGSF1","-0.0130",NA,NA,NA
"D","DISPATCH","UNIT_SCADA",1,"2018/06/01 21:25:00","INVICTA","0",NA,NA,NA
"D","DISPATCH","UNIT_SCADA",1,"2018/06/01 21:25:00","LKBONNY1","2.947209",NA,NA,NA
"D","DISPATCH","UNIT_SCADA",1,"2018/06/01 21:25:00","LRSF1","0.0070",NA,NA,NA
"D","DISPATCH","UNIT_SCADA",1,"2018/06/01 21:25:00","MBAHNTH","56.362503",NA,NA,NA
"D","DISPATCH","UNIT_SCADA",1,"2018/06/01 21:25:00","MLSP1","0.274001",NA,NA,NA
"D","DISPATCH","UNIT_SCADA",1,"2018/06/01 21:25:00","MLWF1","6.3750",NA,NA,NA
"D","DISPATCH","UNIT_SCADA",1,"2018/06/01 21:25:00","MTMILLAR","14.517999",NA,NA,NA
"D","DISPATCH","UNIT_SCADA",1,"2018/06/01 21:25:00","PALOONA","12.969999",NA,NA,NA
"D","DISPATCH","UNIT_SCADA",1,"2018/06/01 21:25:00","PIONEER","-0.90",NA,NA,NA
"D","DISPATCH","UNIT_SCADA",1,"2018/06/01 21:25:00","PORTWF","10.90",NA,NA,NA
"D","DISPATCH","UNIT_SCADA",1,"2018/06/01 21:25:00","REPULSE","0",NA,NA,NA
"D","DISPATCH","UNIT_SCADA",1,"2018/06/01 21:25:00","ROWALLAN","6.5675",NA,NA,NA
"D","DISPATCH","UNIT_SCADA",1,"2018/06/01 21:25:00","ROYALLA1","0",NA,NA,NA
"D","DISPATCH","UNIT_SCADA",1,"2018/06/01 21:25:00","RPCG","-0.30",NA,NA,NA
"D","DISPATCH","UNIT_SCADA",1,"2018/06/01 21:25:00","RUBICON","0",NA,NA,NA
"D","DISPATCH","UNIT_SCADA",1,"2018/06/01 21:25:00","SMCSF1","0",NA,NA,NA
"D","DISPATCH","UNIT_SCADA",1,"2018/06/01 21:25:00","STARHLWF","1.199650",NA,NA,NA
"D","DISPATCH","UNIT_SCADA",1,"2018/06/01 21:25:00","WAUBRAWF","28.198999",NA,NA,NA
"D","DISPATCH","UNIT_SCADA",1,"2018/06/01 21:25:00","WOOLNTH1","-0.529985",NA,NA,NA
"D","DISPATCH","UNIT_SCADA",1,"2018/06/01 21:25:00","WPWF","5",NA,NA,NA
"D","DISPATCH","UNIT_SCADA",1,"2018/06/01 21:25:00","YAMBUKWF","10.60",NA,NA,NA
"D","DISPATCH","UNIT_SCADA",1,"2018/06/01 21:25:00","YSWF1","1.10",NA,NA,NA
"D","DISPATCH","UNIT_SCADA",1,"2018/06/01 21:30:00","BARCSF1","0.20",NA,NA,NA
"D","DISPATCH","UNIT_SCADA",1,"2018/06/01 21:30:00","BUTLERSG","9.199999",NA,NA,NA
"D","DISPATCH","UNIT_SCADA",1,"2018/06/01 21:30:00","CALL_A_4","0",NA,NA,NA
"D","DISPATCH","UNIT_SCADA",1,"2018/06/01 21:30:00","CAPTL_WF","58.400002",NA,NA,NA
"D","DISPATCH","UNIT_SCADA",1,"2018/06/01 21:30:00","CATHROCK","23.739998",NA,NA,NA
"D","DISPATCH","UNIT_SCADA",1,"2018/06/01 21:30:00","CHALLHWF","5.20",NA,NA,NA
"D","DISPATCH","UNIT_SCADA",1,"2018/06/01 21:30:00","CLOVER","10.24",NA,NA,NA
"D","DISPATCH","UNIT_SCADA",1,"2018/06/01 21:30:00","CLUNY","8.977341",NA,NA,NA
"D","DISPATCH","UNIT_SCADA",1,"2018/06/01 21:30:00","CNUNDAWF","1.201401",NA,NA,NA
"D","DISPATCH","UNIT_SCADA",1,"2018/06/01 21:30:00","CULLRGWF","16.84",NA,NA,NA
"D","DISPATCH","UNIT_SCADA",1,"2018/06/01 21:30:00","ERGT01","0",NA,NA,NA
"D","DISPATCH","UNIT_SCADA",1,"2018/06/01 21:30:00","GB01","0.047638",NA,NA,NA
"D","DISPATCH","UNIT_SCADA",1,"2018/06/01 21:30:00","GERMCRK","32.50",NA,NA,NA
"D","DISPATCH","UNIT_SCADA",1,"2018/06/01 21:30:00","GRIFSF1","0",NA,NA,NA
"D","DISPATCH","UNIT_SCADA",1,"2018/06/01 21:30:00","LRSF1","0.0070",NA,NA,NA
"D","DISPATCH","UNIT_SCADA",1,"2018/06/01 21:30:00","HUGSF1","-0.0130",NA,NA,NA
"D","DISPATCH","UNIT_SCADA",1,"2018/06/01 21:30:00","INVICTA","0",NA,NA,NA
"D","DISPATCH","UNIT_SCADA",1,"2018/06/01 21:30:00","LKBONNY1","2.143425",NA,NA,NA
"D","DISPATCH","UNIT_SCADA",1,"2018/06/01 21:30:00","MBAHNTH","56.362503",NA,NA,NA
"D","DISPATCH","UNIT_SCADA",1,"2018/06/01 21:30:00","MLSP1","0.274001",NA,NA,NA
"D","DISPATCH","UNIT_SCADA",1,"2018/06/01 21:30:00","MLWF1","6.3750",NA,NA,NA
"D","DISPATCH","UNIT_SCADA",1,"2018/06/01 21:30:00","MTMILLAR","13.319947",NA,NA,NA
"D","DISPATCH","UNIT_SCADA",1,"2018/06/01 21:30:00","PALOONA","12.969999",NA,NA,NA
"D","DISPATCH","UNIT_SCADA",1,"2018/06/01 21:30:00","PIONEER","-0.90",NA,NA,NA
"D","DISPATCH","UNIT_SCADA",1,"2018/06/01 21:30:00","PORTWF","11.80",NA,NA,NA
"D","DISPATCH","UNIT_SCADA",1,"2018/06/01 21:30:00","REPULSE","0",NA,NA,NA
"D","DISPATCH","UNIT_SCADA",1,"2018/06/01 21:30:00","ROWALLAN","6.3190",NA,NA,NA
"D","DISPATCH","UNIT_SCADA",1,"2018/06/01 21:30:00","ROYALLA1","0",NA,NA,NA
"D","DISPATCH","UNIT_SCADA",1,"2018/06/01 21:30:00","RPCG","-0.30",NA,NA,NA
"D","DISPATCH","UNIT_SCADA",1,"2018/06/01 21:30:00","RUBICON","0",NA,NA,NA
"D","DISPATCH","UNIT_SCADA",1,"2018/06/01 21:30:00","SMCSF1","0",NA,NA,NA
"D","DISPATCH","UNIT_SCADA",1,"2018/06/01 21:30:00","STARHLWF","1.199650",NA,NA,NA
"D","DISPATCH","UNIT_SCADA",1,"2018/06/01 21:30:00","WAUBRAWF","29.5560",NA,NA,NA
"D","DISPATCH","UNIT_SCADA",1,"2018/06/01 21:30:00","WOOLNTH1","-0.509985",NA,NA,NA
"D","DISPATCH","UNIT_SCADA",1,"2018/06/01 21:30:00","WPWF","6",NA,NA,NA
"D","DISPATCH","UNIT_SCADA",1,"2018/06/01 21:30:00","YAMBUKWF","9.80",NA,NA,NA
"D","DISPATCH","UNIT_SCADA",1,"2018/06/01 21:30:00","YSWF1","1.10",NA,NA,NA
"D","DISPATCH","UNIT_SCADA",1,"2018/06/01 21:35:00","BARCSF1","0.20",NA,NA,NA
"D","DISPATCH","UNIT_SCADA",1,"2018/06/01 21:35:00","BUTLERSG","9.199999",NA,NA,NA
"D","DISPATCH","UNIT_SCADA",1,"2018/06/01 21:35:00","CALL_A_4","0",NA,NA,NA
"D","DISPATCH","UNIT_SCADA",1,"2018/06/01 21:35:00","CAPTL_WF","63.771996",NA,NA,NA
"D","DISPATCH","UNIT_SCADA",1,"2018/06/01 21:35:00","CATHROCK","23.309999",NA,NA,NA
"D","DISPATCH","UNIT_SCADA",1,"2018/06/01 21:35:00","CHALLHWF","4.70",NA,NA,NA
"D","DISPATCH","UNIT_SCADA",1,"2018/06/01 21:35:00","CLOVER","9.69",NA,NA,NA
"D","DISPATCH","UNIT_SCADA",1,"2018/06/01 21:35:00","CLUNY","9.034104",NA,NA,NA
"D","DISPATCH","UNIT_SCADA",1,"2018/06/01 21:35:00","CNUNDAWF","0.901051",NA,NA,NA
"D","DISPATCH","UNIT_SCADA",1,"2018/06/01 21:35:00","CULLRGWF","17.129999",NA,NA,NA
"D","DISPATCH","UNIT_SCADA",1,"2018/06/01 21:35:00","ERGT01","0",NA,NA,NA
"D","DISPATCH","UNIT_SCADA",1,"2018/06/01 21:35:00","GB01","0.047638",NA,NA,NA
"D","DISPATCH","UNIT_SCADA",1,"2018/06/01 21:35:00","GERMCRK","33.50",NA,NA,NA
"D","DISPATCH","UNIT_SCADA",1,"2018/06/01 21:35:00","GRIFSF1","0",NA,NA,NA
"D","DISPATCH","UNIT_SCADA",1,"2018/06/01 21:35:00","HUGSF1","-0.0130",NA,NA,NA
"D","DISPATCH","UNIT_SCADA",1,"2018/06/01 21:35:00","INVICTA","0",NA,NA,NA
"D","DISPATCH","UNIT_SCADA",1,"2018/06/01 21:35:00","LKBONNY1","2.322043",NA,NA,NA
"D","DISPATCH","UNIT_SCADA",1,"2018/06/01 21:35:00","LRSF1","0.0070",NA,NA,NA
"D","DISPATCH","UNIT_SCADA",1,"2018/06/01 21:35:00","MBAHNTH","56.362503",NA,NA,NA
"D","DISPATCH","UNIT_SCADA",1,"2018/06/01 21:35:00","MLSP1","0.274001",NA,NA,NA
"D","DISPATCH","UNIT_SCADA",1,"2018/06/01 21:35:00","MLWF1","6.0450",NA,NA,NA
"D","DISPATCH","UNIT_SCADA",1,"2018/06/01 21:35:00","MTMILLAR","13.632483",NA,NA,NA
"D","DISPATCH","UNIT_SCADA",1,"2018/06/01 21:35:00","PALOONA","12.969999",NA,NA,NA
"D","DISPATCH","UNIT_SCADA",1,"2018/06/01 21:35:00","PIONEER","-0.90",NA,NA,NA
"D","DISPATCH","UNIT_SCADA",1,"2018/06/01 21:35:00","PORTWF","13.30",NA,NA,NA
"D","DISPATCH","UNIT_SCADA",1,"2018/06/01 21:35:00","REPULSE","0",NA,NA,NA
"D","DISPATCH","UNIT_SCADA",1,"2018/06/01 21:35:00","ROWALLAN","6.3971",NA,NA,NA
"D","DISPATCH","UNIT_SCADA",1,"2018/06/01 21:35:00","ROYALLA1","0",NA,NA,NA
"D","DISPATCH","UNIT_SCADA",1,"2018/06/01 21:35:00","RPCG","-0.30",NA,NA,NA
"D","DISPATCH","UNIT_SCADA",1,"2018/06/01 21:35:00","RUBICON","0",NA,NA,NA
"D","DISPATCH","UNIT_SCADA",1,"2018/06/01 21:35:00","SMCSF1","0",NA,NA,NA
"D","DISPATCH","UNIT_SCADA",1,"2018/06/01 21:35:00","STARHLWF","1.099679",NA,NA,NA
"D","DISPATCH","UNIT_SCADA",1,"2018/06/01 21:35:00","WAUBRAWF","30.6630",NA,NA,NA
"D","DISPATCH","UNIT_SCADA",1,"2018/06/01 21:35:00","WOOLNTH1","-0.339985",NA,NA,NA
"D","DISPATCH","UNIT_SCADA",1,"2018/06/01 21:35:00","WPWF","8",NA,NA,NA
"D","DISPATCH","UNIT_SCADA",1,"2018/06/01 21:35:00","YAMBUKWF","9.30",NA,NA,NA
"D","DISPATCH","UNIT_SCADA",1,"2018/06/01 21:50:00","BARCSF1","0.20",NA,NA,NA
"D","DISPATCH","UNIT_SCADA",1,"2018/06/01 21:50:00","BUTLERSG","9.199999",NA,NA,NA
"D","DISPATCH","UNIT_SCADA",1,"2018/06/01 21:50:00","CALL_A_4","0",NA,NA,NA
"D","DISPATCH","UNIT_SCADA",1,"2018/06/01 21:50:00","CAPTL_WF","56.891998",NA,NA,NA
"D","DISPATCH","UNIT_SCADA",1,"2018/06/01 21:50:00","CATHROCK","23.789999",NA,NA,NA
"D","DISPATCH","UNIT_SCADA",1,"2018/06/01 21:50:00","CLOVER","9.84",NA,NA,NA
"D","DISPATCH","UNIT_SCADA",1,"2018/06/01 21:50:00","CLUNY","9.038682",NA,NA,NA
"D","DISPATCH","UNIT_SCADA",1,"2018/06/01 21:50:00","CNUNDAWF","1.301518",NA,NA,NA
"D","DISPATCH","UNIT_SCADA",1,"2018/06/01 21:50:00","CULLRGWF","17.030001",NA,NA,NA
"D","DISPATCH","UNIT_SCADA",1,"2018/06/01 21:50:00","ERGT01","0",NA,NA,NA
"D","DISPATCH","UNIT_SCADA",1,"2018/06/01 21:50:00","GB01","0.047638",NA,NA,NA
"D","DISPATCH","UNIT_SCADA",1,"2018/06/01 21:50:00","GERMCRK","34",NA,NA,NA
"D","DISPATCH","UNIT_SCADA",1,"2018/06/01 21:50:00","GRIFSF1","0",NA,NA,NA
"D","DISPATCH","UNIT_SCADA",1,"2018/06/01 21:50:00","HUGSF1","-0.0130",NA,NA,NA
"D","DISPATCH","UNIT_SCADA",1,"2018/06/01 21:50:00","INVICTA","0",NA,NA,NA
"D","DISPATCH","UNIT_SCADA",1,"2018/06/01 21:50:00","LKBONNY1","2.411353",NA,NA,NA
"D","DISPATCH","UNIT_SCADA",1,"2018/06/01 21:50:00","LRSF1","0.0070",NA,NA,NA
"D","DISPATCH","UNIT_SCADA",1,"2018/06/01 21:50:00","MBAHNTH","56.362503",NA,NA,NA
"D","DISPATCH","UNIT_SCADA",1,"2018/06/01 21:50:00","MLSP1","0.274001",NA,NA,NA
"D","DISPATCH","UNIT_SCADA",1,"2018/06/01 21:50:00","MLWF1","5.8350",NA,NA,NA
"D","DISPATCH","UNIT_SCADA",1,"2018/06/01 21:50:00","MTMILLAR","13.424126",NA,NA,NA
"D","DISPATCH","UNIT_SCADA",1,"2018/06/01 21:50:00","PALOONA","13.15",NA,NA,NA
"D","DISPATCH","UNIT_SCADA",1,"2018/06/01 21:50:00","PIONEER","-0.90",NA,NA,NA
"D","DISPATCH","UNIT_SCADA",1,"2018/06/01 21:50:00","PORTWF","16.299999",NA,NA,NA
"D","DISPATCH","UNIT_SCADA",1,"2018/06/01 21:50:00","REPULSE","0",NA,NA,NA
"D","DISPATCH","UNIT_SCADA",1,"2018/06/01 21:50:00","ROWALLAN","6.3971",NA,NA,NA
"D","DISPATCH","UNIT_SCADA",1,"2018/06/01 21:50:00","ROYALLA1","0",NA,NA,NA
"D","DISPATCH","UNIT_SCADA",1,"2018/06/01 21:50:00","RPCG","-0.30",NA,NA,NA
"D","DISPATCH","UNIT_SCADA",1,"2018/06/01 21:50:00","RUBICON","0",NA,NA,NA
"D","DISPATCH","UNIT_SCADA",1,"2018/06/01 21:50:00","SMCSF1","0",NA,NA,NA
"D","DISPATCH","UNIT_SCADA",1,"2018/06/01 21:50:00","STARHLWF","1.499563",NA,NA,NA
"D","DISPATCH","UNIT_SCADA",1,"2018/06/01 21:50:00","WAUBRAWF","34.02",NA,NA,NA
"D","DISPATCH","UNIT_SCADA",1,"2018/06/01 21:50:00","WOOLNTH1","0.560015",NA,NA,NA
"D","DISPATCH","UNIT_SCADA",1,"2018/06/01 21:50:00","WPWF","8",NA,NA,NA
"D","DISPATCH","UNIT_SCADA",1,"2018/06/01 21:50:00","YAMBUKWF","8.50",NA,NA,NA
"D","DISPATCH","UNIT_SCADA",1,"2018/06/01 21:50:00","YSWF1","1.50",NA,NA,NA
"D","DISPATCH","UNIT_SCADA",1,"2018/06/01 21:35:00","YSWF1","1.10",NA,NA,NA
"D","DISPATCH","UNIT_SCADA",1,"2018/06/01 21:40:00","BARCSF1","0.20",NA,NA,NA
"D","DISPATCH","UNIT_SCADA",1,"2018/06/01 21:40:00","BUTLERSG","9.199999",NA,NA,NA
"D","DISPATCH","UNIT_SCADA",1,"2018/06/01 21:40:00","CALL_A_4","0",NA,NA,NA
"D","DISPATCH","UNIT_SCADA",1,"2018/06/01 21:40:00","CAPTL_WF","65.339996",NA,NA,NA
"D","DISPATCH","UNIT_SCADA",1,"2018/06/01 21:40:00","CATHROCK","23.089998",NA,NA,NA
"D","DISPATCH","UNIT_SCADA",1,"2018/06/01 21:40:00","CLOVER","9.44",NA,NA,NA
"D","DISPATCH","UNIT_SCADA",1,"2018/06/01 21:40:00","CLUNY","9.044175",NA,NA,NA
"D","DISPATCH","UNIT_SCADA",1,"2018/06/01 21:40:00","CNUNDAWF","0.901051",NA,NA,NA
"D","DISPATCH","UNIT_SCADA",1,"2018/06/01 21:40:00","CULLRGWF","18.65",NA,NA,NA
"D","DISPATCH","UNIT_SCADA",1,"2018/06/01 21:40:00","ERGT01","0",NA,NA,NA
"D","DISPATCH","UNIT_SCADA",1,"2018/06/01 21:40:00","GB01","0.047638",NA,NA,NA
"D","DISPATCH","UNIT_SCADA",1,"2018/06/01 21:40:00","GERMCRK","33.900002",NA,NA,NA
"D","DISPATCH","UNIT_SCADA",1,"2018/06/01 21:40:00","GRIFSF1","0",NA,NA,NA
"D","DISPATCH","UNIT_SCADA",1,"2018/06/01 21:40:00","HUGSF1","-0.0130",NA,NA,NA
"D","DISPATCH","UNIT_SCADA",1,"2018/06/01 21:40:00","INVICTA","0",NA,NA,NA
"D","DISPATCH","UNIT_SCADA",1,"2018/06/01 21:40:00","LKBONNY1","2.143425",NA,NA,NA
"D","DISPATCH","UNIT_SCADA",1,"2018/06/01 21:40:00","LRSF1","0.0070",NA,NA,NA
"D","DISPATCH","UNIT_SCADA",1,"2018/06/01 21:40:00","MBAHNTH","56.362503",NA,NA,NA
"D","DISPATCH","UNIT_SCADA",1,"2018/06/01 21:40:00","MLSP1","0.274001",NA,NA,NA
"D","DISPATCH","UNIT_SCADA",1,"2018/06/01 21:40:00","MTMILLAR","14.324525",NA,NA,NA
"D","DISPATCH","UNIT_SCADA",1,"2018/06/01 21:40:00","PALOONA","12.969999",NA,NA,NA
"D","DISPATCH","UNIT_SCADA",1,"2018/06/01 21:40:00","PIONEER","-0.90",NA,NA,NA
"D","DISPATCH","UNIT_SCADA",1,"2018/06/01 21:40:00","PORTWF","14.20",NA,NA,NA
"D","DISPATCH","UNIT_SCADA",1,"2018/06/01 21:40:00","REPULSE","0",NA,NA,NA
"D","DISPATCH","UNIT_SCADA",1,"2018/06/01 21:40:00","ROWALLAN","6.5320",NA,NA,NA
"D","DISPATCH","UNIT_SCADA",1,"2018/06/01 21:40:00","ROYALLA1","0",NA,NA,NA
"D","DISPATCH","UNIT_SCADA",1,"2018/06/01 21:40:00","RPCG","-0.30",NA,NA,NA
"D","DISPATCH","UNIT_SCADA",1,"2018/06/01 21:40:00","RUBICON","0",NA,NA,NA
"D","DISPATCH","UNIT_SCADA",1,"2018/06/01 21:40:00","SMCSF1","0",NA,NA,NA
"D","DISPATCH","UNIT_SCADA",1,"2018/06/01 21:40:00","STARHLWF","1.099679",NA,NA,NA
"D","DISPATCH","UNIT_SCADA",1,"2018/06/01 21:40:00","WAUBRAWF","29.978001",NA,NA,NA
"D","DISPATCH","UNIT_SCADA",1,"2018/06/01 21:40:00","WOOLNTH1","-0.109985",NA,NA,NA
"D","DISPATCH","UNIT_SCADA",1,"2018/06/01 21:40:00","WPWF","7",NA,NA,NA
"D","DISPATCH","UNIT_SCADA",1,"2018/06/01 21:40:00","YSWF1","1.20",NA,NA,NA
"D","DISPATCH","UNIT_SCADA",1,"2018/06/01 21:45:00","BARCSF1","0.20",NA,NA,NA
"D","DISPATCH","UNIT_SCADA",1,"2018/06/01 21:45:00","BUTLERSG","9.199999",NA,NA,NA
"D","DISPATCH","UNIT_SCADA",1,"2018/06/01 21:45:00","CALL_A_4","0",NA,NA,NA
"D","DISPATCH","UNIT_SCADA",1,"2018/06/01 21:45:00","CAPTL_WF","57.727997",NA,NA,NA
"D","DISPATCH","UNIT_SCADA",1,"2018/06/01 21:45:00","CATHROCK","22.949999",NA,NA,NA
"D","DISPATCH","UNIT_SCADA",1,"2018/06/01 21:45:00","CLOVER","9.23",NA,NA,NA
"D","DISPATCH","UNIT_SCADA",1,"2018/06/01 21:45:00","CLUNY","9.014877",NA,NA,NA
"D","DISPATCH","UNIT_SCADA",1,"2018/06/01 21:45:00","CNUNDAWF","0.901051",NA,NA,NA
"D","DISPATCH","UNIT_SCADA",1,"2018/06/01 21:45:00","CULLRGWF","16.469999",NA,NA,NA
"D","DISPATCH","UNIT_SCADA",1,"2018/06/01 21:45:00","ERGT01","0",NA,NA,NA
"D","DISPATCH","UNIT_SCADA",1,"2018/06/01 21:45:00","GB01","0.047638",NA,NA,NA
"D","DISPATCH","UNIT_SCADA",1,"2018/06/01 21:45:00","GERMCRK","33.799999",NA,NA,NA
"D","DISPATCH","UNIT_SCADA",1,"2018/06/01 21:45:00","GRIFSF1","0",NA,NA,NA
"D","DISPATCH","UNIT_SCADA",1,"2018/06/01 21:45:00","HUGSF1","-0.0130",NA,NA,NA
"D","DISPATCH","UNIT_SCADA",1,"2018/06/01 21:45:00","INVICTA","0",NA,NA,NA
"D","DISPATCH","UNIT_SCADA",1,"2018/06/01 21:45:00","LKBONNY1","2.054115",NA,NA,NA
"D","DISPATCH","UNIT_SCADA",1,"2018/06/01 21:45:00","LRSF1","0.0070",NA,NA,NA
"D","DISPATCH","UNIT_SCADA",1,"2018/06/01 21:45:00","MBAHNTH","56.362503",NA,NA,NA
"D","DISPATCH","UNIT_SCADA",1,"2018/06/01 21:45:00","MLSP1","0.274001",NA,NA,NA
"D","DISPATCH","UNIT_SCADA",1,"2018/06/01 21:45:00","MLWF1","5.6250",NA,NA,NA
"D","DISPATCH","UNIT_SCADA",1,"2018/06/01 21:45:00","MTMILLAR","14.942153",NA,NA,NA
"D","DISPATCH","UNIT_SCADA",1,"2018/06/01 21:45:00","PALOONA","12.969999",NA,NA,NA
"D","DISPATCH","UNIT_SCADA",1,"2018/06/01 21:45:00","PIONEER","-0.90",NA,NA,NA
"D","DISPATCH","UNIT_SCADA",1,"2018/06/01 21:45:00","PORTWF","16",NA,NA,NA
"D","DISPATCH","UNIT_SCADA",1,"2018/06/01 21:45:00","REPULSE","0",NA,NA,NA
"D","DISPATCH","UNIT_SCADA",1,"2018/06/01 21:45:00","ROWALLAN","6.5959",NA,NA,NA
"D","DISPATCH","UNIT_SCADA",1,"2018/06/01 21:45:00","ROYALLA1","0",NA,NA,NA
"D","DISPATCH","UNIT_SCADA",1,"2018/06/01 21:45:00","RPCG","-0.30",NA,NA,NA
"D","DISPATCH","UNIT_SCADA",1,"2018/06/01 21:45:00","RUBICON","0",NA,NA,NA
"D","DISPATCH","UNIT_SCADA",1,"2018/06/01 21:45:00","SMCSF1","0",NA,NA,NA
"D","DISPATCH","UNIT_SCADA",1,"2018/06/01 21:45:00","STARHLWF","1.499563",NA,NA,NA
"D","DISPATCH","UNIT_SCADA",1,"2018/06/01 21:45:00","WAUBRAWF","32.237999",NA,NA,NA
"D","DISPATCH","UNIT_SCADA",1,"2018/06/01 21:45:00","WOOLNTH1","0.530015",NA,NA,NA
"D","DISPATCH","UNIT_SCADA",1,"2018/06/01 21:45:00","WPWF","7",NA,NA,NA
"D","DISPATCH","UNIT_SCADA",1,"2018/06/01 21:45:00","YAMBUKWF","8.30",NA,NA,NA
"D","DISPATCH","UNIT_SCADA",1,"2018/06/01 21:45:00","YSWF1","1.40",NA,NA,NA
"D","DISPATCH","UNIT_SCADA",1,"2018/06/01 21:55:00","BARCSF1","0.20",NA,NA,NA
"D","DISPATCH","UNIT_SCADA",1,"2018/06/01 21:55:00","BUTLERSG","9.199999",NA,NA,NA
"D","DISPATCH","UNIT_SCADA",1,"2018/06/01 21:55:00","CALL_A_4","0",NA,NA,NA
"D","DISPATCH","UNIT_SCADA",1,"2018/06/01 21:55:00","CAPTL_WF","59.052002",NA,NA,NA
"D","DISPATCH","UNIT_SCADA",1,"2018/06/01 21:55:00","CATHROCK","25.789999",NA,NA,NA
"D","DISPATCH","UNIT_SCADA",1,"2018/06/01 21:55:00","CLOVER","10.10",NA,NA,NA
"D","DISPATCH","UNIT_SCADA",1,"2018/06/01 21:55:00","CLUNY","9.034104",NA,NA,NA
"D","DISPATCH","UNIT_SCADA",1,"2018/06/01 21:55:00","CNUNDAWF","1.301518",NA,NA,NA
"D","DISPATCH","UNIT_SCADA",1,"2018/06/01 21:55:00","CULLRGWF","17.73",NA,NA,NA
"D","DISPATCH","UNIT_SCADA",1,"2018/06/01 21:55:00","ERGT01","0",NA,NA,NA
"D","DISPATCH","UNIT_SCADA",1,"2018/06/01 21:55:00","GB01","0.049503",NA,NA,NA
"D","DISPATCH","UNIT_SCADA",1,"2018/06/01 21:55:00","GERMCRK","33.400002",NA,NA,NA
"D","DISPATCH","UNIT_SCADA",1,"2018/06/01 21:55:00","GRIFSF1","0",NA,NA,NA
"D","DISPATCH","UNIT_SCADA",1,"2018/06/01 21:55:00","HUGSF1","-0.0130",NA,NA,NA
"D","DISPATCH","UNIT_SCADA",1,"2018/06/01 21:55:00","INVICTA","0",NA,NA,NA
"D","DISPATCH","UNIT_SCADA",1,"2018/06/01 21:55:00","LKBONNY1","2.322043",NA,NA,NA
"D","DISPATCH","UNIT_SCADA",1,"2018/06/01 21:55:00","LRSF1","0.0070",NA,NA,NA
"D","DISPATCH","UNIT_SCADA",1,"2018/06/01 21:55:00","MBAHNTH","48.1875",NA,NA,NA
"D","DISPATCH","UNIT_SCADA",1,"2018/06/01 21:55:00","MLSP1","0.274001",NA,NA,NA
"D","DISPATCH","UNIT_SCADA",1,"2018/06/01 21:55:00","MLWF1","5.0250",NA,NA,NA
"D","DISPATCH","UNIT_SCADA",1,"2018/06/01 21:55:00","MTMILLAR","12.278164",NA,NA,NA
"D","DISPATCH","UNIT_SCADA",1,"2018/06/01 21:55:00","PALOONA","12.96",NA,NA,NA
"D","DISPATCH","UNIT_SCADA",1,"2018/06/01 21:55:00","PIONEER","-0.90",NA,NA,NA
"D","DISPATCH","UNIT_SCADA",1,"2018/06/01 21:55:00","PORTWF","15.90",NA,NA,NA
"D","DISPATCH","UNIT_SCADA",1,"2018/06/01 21:55:00","REPULSE","0",NA,NA,NA
"D","DISPATCH","UNIT_SCADA",1,"2018/06/01 21:55:00","ROWALLAN","6.4823",NA,NA,NA
"D","DISPATCH","UNIT_SCADA",1,"2018/06/01 21:55:00","ROYALLA1","0",NA,NA,NA
"D","DISPATCH","UNIT_SCADA",1,"2018/06/01 21:55:00","RPCG","-0.30",NA,NA,NA
"D","DISPATCH","UNIT_SCADA",1,"2018/06/01 21:55:00","RUBICON","0",NA,NA,NA
"D","DISPATCH","UNIT_SCADA",1,"2018/06/01 21:55:00","SMCSF1","0",NA,NA,NA
"D","DISPATCH","UNIT_SCADA",1,"2018/06/01 21:55:00","STARHLWF","1.499563",NA,NA,NA
"D","DISPATCH","UNIT_SCADA",1,"2018/06/01 21:55:00","WAUBRAWF","36.77",NA,NA,NA
"D","DISPATCH","UNIT_SCADA",1,"2018/06/01 21:55:00","WOOLNTH1","0.410015",NA,NA,NA
"D","DISPATCH","UNIT_SCADA",1,"2018/06/01 21:55:00","WPWF","9",NA,NA,NA
"D","DISPATCH","UNIT_SCADA",1,"2018/06/01 21:55:00","YSWF1","1.60",NA,NA,NA
"D","DISPATCH","UNIT_SCADA",1,"2018/06/01 22:00:00","BARCSF1","0.20",NA,NA,NA
"D","DISPATCH","UNIT_SCADA",1,"2018/06/01 22:00:00","BUTLERSG","9.099998",NA,NA,NA
"D","DISPATCH","UNIT_SCADA",1,"2018/06/01 22:00:00","CALL_A_4","0",NA,NA,NA
"D","DISPATCH","UNIT_SCADA",1,"2018/06/01 22:00:00","CAPTL_WF","57.604004",NA,NA,NA
"D","DISPATCH","UNIT_SCADA",1,"2018/06/01 22:00:00","CATHROCK","27.069998",NA,NA,NA
"D","DISPATCH","UNIT_SCADA",1,"2018/06/01 22:00:00","CLOVER","9.53",NA,NA,NA
"D","DISPATCH","UNIT_SCADA",1,"2018/06/01 22:00:00","CLUNY","8.991074",NA,NA,NA
"D","DISPATCH","UNIT_SCADA",1,"2018/06/01 22:00:00","CNUNDAWF","1.701985",NA,NA,NA
"D","DISPATCH","UNIT_SCADA",1,"2018/06/01 22:00:00","CULLRGWF","20.610001",NA,NA,NA
"D","DISPATCH","UNIT_SCADA",1,"2018/06/01 22:00:00","ERGT01","0",NA,NA,NA
"D","DISPATCH","UNIT_SCADA",1,"2018/06/01 22:00:00","GB01","0.049503",NA,NA,NA
"D","DISPATCH","UNIT_SCADA",1,"2018/06/01 22:00:00","GERMCRK","34",NA,NA,NA
"D","DISPATCH","UNIT_SCADA",1,"2018/06/01 22:00:00","GRIFSF1","0",NA,NA,NA
"D","DISPATCH","UNIT_SCADA",1,"2018/06/01 22:00:00","HUGSF1","-0.0130",NA,NA,NA
"D","DISPATCH","UNIT_SCADA",1,"2018/06/01 22:00:00","INVICTA","0",NA,NA,NA
"D","DISPATCH","UNIT_SCADA",1,"2018/06/01 22:00:00","LKBONNY1","2.500662",NA,NA,NA
"D","DISPATCH","UNIT_SCADA",1,"2018/06/01 22:00:00","LRSF1","0.0070",NA,NA,NA
"D","DISPATCH","UNIT_SCADA",1,"2018/06/01 22:00:00","MBAHNTH","49.3125",NA,NA,NA
"D","DISPATCH","UNIT_SCADA",1,"2018/06/01 22:00:00","MLSP1","0.274001",NA,NA,NA
"D","DISPATCH","UNIT_SCADA",1,"2018/06/01 22:00:00","MLWF1","4.6050",NA,NA,NA
"D","DISPATCH","UNIT_SCADA",1,"2018/06/01 22:00:00","MTMILLAR","12.069807",NA,NA,NA
"D","DISPATCH","UNIT_SCADA",1,"2018/06/01 22:00:00","PALOONA","13.099999",NA,NA,NA
"D","DISPATCH","UNIT_SCADA",1,"2018/06/01 22:00:00","PIONEER","-0.90",NA,NA,NA
"D","DISPATCH","UNIT_SCADA",1,"2018/06/01 22:00:00","PORTWF","17.10",NA,NA,NA
"D","DISPATCH","UNIT_SCADA",1,"2018/06/01 22:00:00","REPULSE","0",NA,NA,NA
"D","DISPATCH","UNIT_SCADA",1,"2018/06/01 22:00:00","ROWALLAN","6.3048",NA,NA,NA
"D","DISPATCH","UNIT_SCADA",1,"2018/06/01 22:00:00","ROYALLA1","0",NA,NA,NA
"D","DISPATCH","UNIT_SCADA",1,"2018/06/01 22:00:00","RPCG","-0.30",NA,NA,NA
"D","DISPATCH","UNIT_SCADA",1,"2018/06/01 22:00:00","RUBICON","0",NA,NA,NA
"D","DISPATCH","UNIT_SCADA",1,"2018/06/01 22:00:00","SMCSF1","0",NA,NA,NA
"D","DISPATCH","UNIT_SCADA",1,"2018/06/01 22:00:00","STARHLWF","1.499563",NA,NA,NA
"D","DISPATCH","UNIT_SCADA",1,"2018/06/01 22:00:00","WAUBRAWF","36.571999",NA,NA,NA
"D","DISPATCH","UNIT_SCADA",1,"2018/06/01 22:00:00","WOOLNTH1","0.590015",NA,NA,NA
"D","DISPATCH","UNIT_SCADA",1,"2018/06/01 22:00:00","WPWF","10",NA,NA,NA
"D","DISPATCH","UNIT_SCADA",1,"2018/06/01 22:00:00","YAMBUKWF","9",NA,NA,NA
"D","DISPATCH","UNIT_SCADA",1,"2018/06/01 22:00:00","YSWF1","1.60",NA,NA,NA
"D","DISPATCH","UNIT_SCADA",1,"2018/06/01 22:05:00","BARCSF1","0.20",NA,NA,NA
"D","DISPATCH","UNIT_SCADA",1,"2018/06/01 22:05:00","BUTLERSG","9.199999",NA,NA,NA
"D","DISPATCH","UNIT_SCADA",1,"2018/06/01 22:05:00","CALL_A_4","0",NA,NA,NA
"D","DISPATCH","UNIT_SCADA",1,"2018/06/01 22:05:00","CAPTL_WF","48.300003",NA,NA,NA
"D","DISPATCH","UNIT_SCADA",1,"2018/06/01 22:05:00","CATHROCK","27.929998",NA,NA,NA
"D","DISPATCH","UNIT_SCADA",1,"2018/06/01 22:05:00","CHALLHWF","4.30",NA,NA,NA
"D","DISPATCH","UNIT_SCADA",1,"2018/06/01 22:05:00","CLOVER","9.13",NA,NA,NA
"D","DISPATCH","UNIT_SCADA",1,"2018/06/01 22:05:00","CLUNY","8.991074",NA,NA,NA
"D","DISPATCH","UNIT_SCADA",1,"2018/06/01 22:05:00","CNUNDAWF","1.301518",NA,NA,NA
"D","DISPATCH","UNIT_SCADA",1,"2018/06/01 22:05:00","CULLRGWF","19.08",NA,NA,NA
"D","DISPATCH","UNIT_SCADA",1,"2018/06/01 22:05:00","ERGT01","0",NA,NA,NA
"D","DISPATCH","UNIT_SCADA",1,"2018/06/01 22:05:00","GB01","0.049503",NA,NA,NA
"D","DISPATCH","UNIT_SCADA",1,"2018/06/01 22:05:00","GERMCRK","34.400002",NA,NA,NA
"D","DISPATCH","UNIT_SCADA",1,"2018/06/01 22:05:00","GRIFSF1","0",NA,NA,NA
"D","DISPATCH","UNIT_SCADA",1,"2018/06/01 22:05:00","HUGSF1","-0.0130",NA,NA,NA
"D","DISPATCH","UNIT_SCADA",1,"2018/06/01 22:05:00","INVICTA","0",NA,NA,NA
"D","DISPATCH","UNIT_SCADA",1,"2018/06/01 22:05:00","LKBONNY1","2.054115",NA,NA,NA
"D","DISPATCH","UNIT_SCADA",1,"2018/06/01 22:05:00","LRSF1","0.0070",NA,NA,NA
"D","DISPATCH","UNIT_SCADA",1,"2018/06/01 22:05:00","MBAHNTH","53.681259",NA,NA,NA
"D","DISPATCH","UNIT_SCADA",1,"2018/06/01 22:05:00","MLSP1","0.274001",NA,NA,NA
"D","DISPATCH","UNIT_SCADA",1,"2018/06/01 22:05:00","MLWF1","4.59",NA,NA,NA
"D","DISPATCH","UNIT_SCADA",1,"2018/06/01 22:05:00","MTMILLAR","12.077249",NA,NA,NA
"D","DISPATCH","UNIT_SCADA",1,"2018/06/01 22:05:00","PALOONA","12.90",NA,NA,NA
"D","DISPATCH","UNIT_SCADA",1,"2018/06/01 22:05:00","PIONEER","-0.90",NA,NA,NA
"D","DISPATCH","UNIT_SCADA",1,"2018/06/01 22:05:00","PORTWF","16.50",NA,NA,NA
"D","DISPATCH","UNIT_SCADA",1,"2018/06/01 22:05:00","REPULSE","0",NA,NA,NA
"D","DISPATCH","UNIT_SCADA",1,"2018/06/01 22:05:00","ROWALLAN","6.6030",NA,NA,NA
"D","DISPATCH","UNIT_SCADA",1,"2018/06/01 22:05:00","ROYALLA1","0",NA,NA,NA
"D","DISPATCH","UNIT_SCADA",1,"2018/06/01 22:05:00","RPCG","-0.30",NA,NA,NA
"D","DISPATCH","UNIT_SCADA",1,"2018/06/01 22:05:00","RUBICON","0",NA,NA,NA
"D","DISPATCH","UNIT_SCADA",1,"2018/06/01 22:05:00","SMCSF1","0",NA,NA,NA
"D","DISPATCH","UNIT_SCADA",1,"2018/06/01 22:05:00","STARHLWF","1.099679",NA,NA,NA
"D","DISPATCH","UNIT_SCADA",1,"2018/06/01 22:05:00","WAUBRAWF","35.9450",NA,NA,NA
"D","DISPATCH","UNIT_SCADA",1,"2018/06/01 22:05:00","WOOLNTH1","0.530015",NA,NA,NA
"D","DISPATCH","UNIT_SCADA",1,"2018/06/01 22:05:00","WPWF","10",NA,NA,NA
"D","DISPATCH","UNIT_SCADA",1,"2018/06/01 22:05:00","YAMBUKWF","9.60",NA,NA,NA
"D","DISPATCH","UNIT_SCADA",1,"2018/06/01 22:05:00","YSWF1","1.50",NA,NA,NA
"D","DISPATCH","UNIT_SCADA",1,"2018/06/01 22:10:00","BARCSF1","0.20",NA,NA,NA
"D","DISPATCH","UNIT_SCADA",1,"2018/06/01 22:10:00","BUTLERSG","9.199999",NA,NA,NA
"D","DISPATCH","UNIT_SCADA",1,"2018/06/01 22:10:00","CALL_A_4","0",NA,NA,NA
"D","DISPATCH","UNIT_SCADA",1,"2018/06/01 22:10:00","CAPTL_WF","46.931999",NA,NA,NA
"D","DISPATCH","UNIT_SCADA",1,"2018/06/01 22:10:00","CATHROCK","29.359999",NA,NA,NA
"D","DISPATCH","UNIT_SCADA",1,"2018/06/01 22:10:00","CHALLHWF","3.80",NA,NA,NA
"D","DISPATCH","UNIT_SCADA",1,"2018/06/01 22:10:00","CLOVER","9.93",NA,NA,NA
"D","DISPATCH","UNIT_SCADA",1,"2018/06/01 22:10:00","CLUNY","9.0103",NA,NA,NA
"D","DISPATCH","UNIT_SCADA",1,"2018/06/01 22:10:00","CNUNDAWF","1.301518",NA,NA,NA
"D","DISPATCH","UNIT_SCADA",1,"2018/06/01 22:10:00","CULLRGWF","14.91",NA,NA,NA
"D","DISPATCH","UNIT_SCADA",1,"2018/06/01 22:10:00","ERGT01","0",NA,NA,NA
"D","DISPATCH","UNIT_SCADA",1,"2018/06/01 22:10:00","GB01","0.049503",NA,NA,NA
"D","DISPATCH","UNIT_SCADA",1,"2018/06/01 22:10:00","GERMCRK","34.200001",NA,NA,NA
"D","DISPATCH","UNIT_SCADA",1,"2018/06/01 22:10:00","GRIFSF1","0",NA,NA,NA
"D","DISPATCH","UNIT_SCADA",1,"2018/06/01 22:10:00","HUGSF1","-0.0130",NA,NA,NA
"D","DISPATCH","UNIT_SCADA",1,"2018/06/01 22:10:00","INVICTA","0",NA,NA,NA
"D","DISPATCH","UNIT_SCADA",1,"2018/06/01 22:10:00","MLSP1","0.274001",NA,NA,NA
"D","DISPATCH","UNIT_SCADA",1,"2018/06/01 22:10:00","LKBONNY1","1.875497",NA,NA,NA
"D","DISPATCH","UNIT_SCADA",1,"2018/06/01 22:10:00","LRSF1","0.0070",NA,NA,NA
"D","DISPATCH","UNIT_SCADA",1,"2018/06/01 22:10:00","MBAHNTH","53.681259",NA,NA,NA
"D","DISPATCH","UNIT_SCADA",1,"2018/06/01 22:10:00","MLWF1","4.38",NA,NA,NA
"D","DISPATCH","UNIT_SCADA",1,"2018/06/01 22:10:00","MTMILLAR","11.943305",NA,NA,NA
"D","DISPATCH","UNIT_SCADA",1,"2018/06/01 22:10:00","PALOONA","13.04",NA,NA,NA
"D","DISPATCH","UNIT_SCADA",1,"2018/06/01 22:10:00","PIONEER","-0.90",NA,NA,NA
"D","DISPATCH","UNIT_SCADA",1,"2018/06/01 22:10:00","PORTWF","16.50",NA,NA,NA
"D","DISPATCH","UNIT_SCADA",1,"2018/06/01 22:10:00","REPULSE","0",NA,NA,NA
"D","DISPATCH","UNIT_SCADA",1,"2018/06/01 22:10:00","ROWALLAN","6.6385",NA,NA,NA
"D","DISPATCH","UNIT_SCADA",1,"2018/06/01 22:10:00","ROYALLA1","0",NA,NA,NA
"D","DISPATCH","UNIT_SCADA",1,"2018/06/01 22:10:00","RPCG","-0.30",NA,NA,NA
"D","DISPATCH","UNIT_SCADA",1,"2018/06/01 22:10:00","RUBICON","0",NA,NA,NA
"D","DISPATCH","UNIT_SCADA",1,"2018/06/01 22:10:00","SMCSF1","0",NA,NA,NA
"D","DISPATCH","UNIT_SCADA",1,"2018/06/01 22:10:00","STARHLWF","1.099679",NA,NA,NA
"D","DISPATCH","UNIT_SCADA",1,"2018/06/01 22:10:00","WAUBRAWF","34.0760",NA,NA,NA
"D","DISPATCH","UNIT_SCADA",1,"2018/06/01 22:10:00","WOOLNTH1","0.470015",NA,NA,NA
"D","DISPATCH","UNIT_SCADA",1,"2018/06/01 22:10:00","WPWF","11",NA,NA,NA
"D","DISPATCH","UNIT_SCADA",1,"2018/06/01 22:10:00","YAMBUKWF","10.20",NA,NA,NA
"D","DISPATCH","UNIT_SCADA",1,"2018/06/01 22:10:00","YSWF1","1.70",NA,NA,NA
"D","DISPATCH","UNIT_SCADA",1,"2018/06/01 22:15:00","BARCSF1","0.20",NA,NA,NA
"D","DISPATCH","UNIT_SCADA",1,"2018/06/01 22:15:00","BUTLERSG","9.199999",NA,NA,NA
"D","DISPATCH","UNIT_SCADA",1,"2018/06/01 22:15:00","CALL_A_4","0",NA,NA,NA
"D","DISPATCH","UNIT_SCADA",1,"2018/06/01 22:15:00","CAPTL_WF","40.959999",NA,NA,NA
"D","DISPATCH","UNIT_SCADA",1,"2018/06/01 22:15:00","CATHROCK","29.689999",NA,NA,NA
"D","DISPATCH","UNIT_SCADA",1,"2018/06/01 22:15:00","CHALLHWF","3.20",NA,NA,NA
"D","DISPATCH","UNIT_SCADA",1,"2018/06/01 22:15:00","CLOVER","6.06",NA,NA,NA
"D","DISPATCH","UNIT_SCADA",1,"2018/06/01 22:15:00","CLUNY","9.062486",NA,NA,NA
"D","DISPATCH","UNIT_SCADA",1,"2018/06/01 22:15:00","CNUNDAWF","1.301518",NA,NA,NA
"D","DISPATCH","UNIT_SCADA",1,"2018/06/01 22:15:00","CULLRGWF","13.04",NA,NA,NA
"D","DISPATCH","UNIT_SCADA",1,"2018/06/01 22:15:00","ERGT01","0",NA,NA,NA
"D","DISPATCH","UNIT_SCADA",1,"2018/06/01 22:15:00","GB01","0.049503",NA,NA,NA
"D","DISPATCH","UNIT_SCADA",1,"2018/06/01 22:15:00","GERMCRK","33.799999",NA,NA,NA
"D","DISPATCH","UNIT_SCADA",1,"2018/06/01 22:15:00","GRIFSF1","0",NA,NA,NA
"D","DISPATCH","UNIT_SCADA",1,"2018/06/01 22:15:00","HUGSF1","-0.0130",NA,NA,NA
"D","DISPATCH","UNIT_SCADA",1,"2018/06/01 22:15:00","INVICTA","0",NA,NA,NA
"D","DISPATCH","UNIT_SCADA",1,"2018/06/01 22:15:00","LKBONNY1","1.964806",NA,NA,NA
"D","DISPATCH","UNIT_SCADA",1,"2018/06/01 22:15:00","LRSF1","0.0070",NA,NA,NA
"D","DISPATCH","UNIT_SCADA",1,"2018/06/01 22:15:00","MBAHNTH","53.681259",NA,NA,NA
"D","DISPATCH","UNIT_SCADA",1,"2018/06/01 22:15:00","MLSP1","0.274001",NA,NA,NA
"D","DISPATCH","UNIT_SCADA",1,"2018/06/01 22:15:00","MLWF1","4.56",NA,NA,NA
"D","DISPATCH","UNIT_SCADA",1,"2018/06/01 22:15:00","MTMILLAR","11.281028",NA,NA,NA
"D","DISPATCH","UNIT_SCADA",1,"2018/06/01 22:15:00","PALOONA","13.04",NA,NA,NA
"D","DISPATCH","UNIT_SCADA",1,"2018/06/01 22:15:00","PIONEER","-0.90",NA,NA,NA
"D","DISPATCH","UNIT_SCADA",1,"2018/06/01 22:15:00","PORTWF","16.799999",NA,NA,NA
"D","DISPATCH","UNIT_SCADA",1,"2018/06/01 22:15:00","REPULSE","0",NA,NA,NA
"D","DISPATCH","UNIT_SCADA",1,"2018/06/01 22:15:00","ROWALLAN","6.6314",NA,NA,NA
"D","DISPATCH","UNIT_SCADA",1,"2018/06/01 22:15:00","ROYALLA1","0",NA,NA,NA
"D","DISPATCH","UNIT_SCADA",1,"2018/06/01 22:15:00","RPCG","-0.30",NA,NA,NA
"D","DISPATCH","UNIT_SCADA",1,"2018/06/01 22:15:00","RUBICON","0",NA,NA,NA
"D","DISPATCH","UNIT_SCADA",1,"2018/06/01 22:15:00","SMCSF1","0",NA,NA,NA
"D","DISPATCH","UNIT_SCADA",1,"2018/06/01 22:15:00","STARHLWF","1.099679",NA,NA,NA
"D","DISPATCH","UNIT_SCADA",1,"2018/06/01 22:15:00","WAUBRAWF","34.162998",NA,NA,NA
"D","DISPATCH","UNIT_SCADA",1,"2018/06/01 22:15:00","WOOLNTH1","0.460015",NA,NA,NA
"D","DISPATCH","UNIT_SCADA",1,"2018/06/01 22:15:00","WPWF","11",NA,NA,NA
"D","DISPATCH","UNIT_SCADA",1,"2018/06/01 22:15:00","YAMBUKWF","9.60",NA,NA,NA
"D","DISPATCH","UNIT_SCADA",1,"2018/06/01 22:15:00","YSWF1","1.50",NA,NA,NA
"D","DISPATCH","UNIT_SCADA",1,"2018/06/01 22:20:00","BARCSF1","0.20",NA,NA,NA
"D","DISPATCH","UNIT_SCADA",1,"2018/06/01 22:20:00","BUTLERSG","9.199999",NA,NA,NA
"D","DISPATCH","UNIT_SCADA",1,"2018/06/01 22:20:00","CALL_A_4","0",NA,NA,NA
"D","DISPATCH","UNIT_SCADA",1,"2018/06/01 22:20:00","CAPTL_WF","41.160004",NA,NA,NA
"D","DISPATCH","UNIT_SCADA",1,"2018/06/01 22:20:00","CATHROCK","32.269997",NA,NA,NA
"D","DISPATCH","UNIT_SCADA",1,"2018/06/01 22:20:00","CHALLHWF","2.30",NA,NA,NA
"D","DISPATCH","UNIT_SCADA",1,"2018/06/01 22:20:00","CLOVER","0.27",NA,NA,NA
"D","DISPATCH","UNIT_SCADA",1,"2018/06/01 22:20:00","CLUNY","9.067979",NA,NA,NA
"D","DISPATCH","UNIT_SCADA",1,"2018/06/01 22:20:00","CNUNDAWF","1.301518",NA,NA,NA
"D","DISPATCH","UNIT_SCADA",1,"2018/06/01 22:20:00","CULLRGWF","13.50",NA,NA,NA
"D","DISPATCH","UNIT_SCADA",1,"2018/06/01 22:20:00","ERGT01","0",NA,NA,NA
"D","DISPATCH","UNIT_SCADA",1,"2018/06/01 22:20:00","GB01","0.049503",NA,NA,NA
"D","DISPATCH","UNIT_SCADA",1,"2018/06/01 22:20:00","GERMCRK","34",NA,NA,NA
"D","DISPATCH","UNIT_SCADA",1,"2018/06/01 22:20:00","GRIFSF1","0",NA,NA,NA
"D","DISPATCH","UNIT_SCADA",1,"2018/06/01 22:20:00","HUGSF1","-0.0130",NA,NA,NA
"D","DISPATCH","UNIT_SCADA",1,"2018/06/01 22:20:00","INVICTA","0",NA,NA,NA
"D","DISPATCH","UNIT_SCADA",1,"2018/06/01 22:20:00","LKBONNY1","1.696878",NA,NA,NA
"D","DISPATCH","UNIT_SCADA",1,"2018/06/01 22:20:00","LRSF1","0.0070",NA,NA,NA
"D","DISPATCH","UNIT_SCADA",1,"2018/06/01 22:20:00","MBAHNTH","53.681259",NA,NA,NA
"D","DISPATCH","UNIT_SCADA",1,"2018/06/01 22:20:00","MLSP1","0.274001",NA,NA,NA
"D","DISPATCH","UNIT_SCADA",1,"2018/06/01 22:20:00","MLWF1","4.38",NA,NA,NA
"D","DISPATCH","UNIT_SCADA",1,"2018/06/01 22:35:00","BARCSF1","0.20",NA,NA,NA
"D","DISPATCH","UNIT_SCADA",1,"2018/06/01 22:35:00","BUTLERSG","9.199999",NA,NA,NA
"D","DISPATCH","UNIT_SCADA",1,"2018/06/01 22:35:00","CALL_A_4","0",NA,NA,NA
"D","DISPATCH","UNIT_SCADA",1,"2018/06/01 22:35:00","CAPTL_WF","45.475998",NA,NA,NA
"D","DISPATCH","UNIT_SCADA",1,"2018/06/01 22:35:00","CATHROCK","34.419998",NA,NA,NA
"D","DISPATCH","UNIT_SCADA",1,"2018/06/01 22:35:00","CLOVER","-0.01",NA,NA,NA
"D","DISPATCH","UNIT_SCADA",1,"2018/06/01 22:35:00","CLUNY","9.091783",NA,NA,NA
"D","DISPATCH","UNIT_SCADA",1,"2018/06/01 22:35:00","CNUNDAWF","1.401635",NA,NA,NA
"D","DISPATCH","UNIT_SCADA",1,"2018/06/01 22:35:00","CULLRGWF","13.79",NA,NA,NA
"D","DISPATCH","UNIT_SCADA",1,"2018/06/01 22:35:00","ERGT01","0",NA,NA,NA
"D","DISPATCH","UNIT_SCADA",1,"2018/06/01 22:35:00","GB01","0.049503",NA,NA,NA
"D","DISPATCH","UNIT_SCADA",1,"2018/06/01 22:35:00","GERMCRK","34.099998",NA,NA,NA
"D","DISPATCH","UNIT_SCADA",1,"2018/06/01 22:35:00","GRIFSF1","0",NA,NA,NA
"D","DISPATCH","UNIT_SCADA",1,"2018/06/01 22:35:00","HUGSF1","-0.0130",NA,NA,NA
"D","DISPATCH","UNIT_SCADA",1,"2018/06/01 22:35:00","INVICTA","0",NA,NA,NA
"D","DISPATCH","UNIT_SCADA",1,"2018/06/01 22:35:00","LKBONNY1","1.696878",NA,NA,NA
"D","DISPATCH","UNIT_SCADA",1,"2018/06/01 22:35:00","LRSF1","0.0070",NA,NA,NA
"D","DISPATCH","UNIT_SCADA",1,"2018/06/01 22:35:00","MBAHNTH","52.462494",NA,NA,NA
"D","DISPATCH","UNIT_SCADA",1,"2018/06/01 22:35:00","MLSP1","0.274001",NA,NA,NA
"D","DISPATCH","UNIT_SCADA",1,"2018/06/01 22:35:00","MLWF1","4.2750",NA,NA,NA
"D","DISPATCH","UNIT_SCADA",1,"2018/06/01 22:35:00","MTMILLAR","12.538610",NA,NA,NA
"D","DISPATCH","UNIT_SCADA",1,"2018/06/01 22:35:00","PALOONA","12.96",NA,NA,NA
"D","DISPATCH","UNIT_SCADA",1,"2018/06/01 22:35:00","PIONEER","-0.90",NA,NA,NA
"D","DISPATCH","UNIT_SCADA",1,"2018/06/01 22:35:00","PORTWF","16.50",NA,NA,NA
"D","DISPATCH","UNIT_SCADA",1,"2018/06/01 22:35:00","REPULSE","0",NA,NA,NA
"D","DISPATCH","UNIT_SCADA",1,"2018/06/01 22:35:00","ROWALLAN","6.5959",NA,NA,NA
"D","DISPATCH","UNIT_SCADA",1,"2018/06/01 22:35:00","ROYALLA1","0",NA,NA,NA
"D","DISPATCH","UNIT_SCADA",1,"2018/06/01 22:35:00","RPCG","-0.30",NA,NA,NA
"D","DISPATCH","UNIT_SCADA",1,"2018/06/01 22:35:00","RUBICON","0",NA,NA,NA
"D","DISPATCH","UNIT_SCADA",1,"2018/06/01 22:35:00","SMCSF1","0",NA,NA,NA
"D","DISPATCH","UNIT_SCADA",1,"2018/06/01 22:35:00","STARHLWF","1.799475",NA,NA,NA
"D","DISPATCH","UNIT_SCADA",1,"2018/06/01 22:35:00","WAUBRAWF","30.962999",NA,NA,NA
"D","DISPATCH","UNIT_SCADA",1,"2018/06/01 22:35:00","WOOLNTH1","0.160015",NA,NA,NA
"D","DISPATCH","UNIT_SCADA",1,"2018/06/01 22:35:00","WPWF","10",NA,NA,NA
"D","DISPATCH","UNIT_SCADA",1,"2018/06/01 22:35:00","YAMBUKWF","8.50",NA,NA,NA
"D","DISPATCH","UNIT_SCADA",1,"2018/06/01 22:35:00","YSWF1","1.70",NA,NA,NA
"D","DISPATCH","UNIT_SCADA",1,"2018/06/01 22:20:00","MTMILLAR","10.864315",NA,NA,NA
"D","DISPATCH","UNIT_SCADA",1,"2018/06/01 22:20:00","PALOONA","13.04",NA,NA,NA
"D","DISPATCH","UNIT_SCADA",1,"2018/06/01 22:20:00","PIONEER","-0.90",NA,NA,NA
"D","DISPATCH","UNIT_SCADA",1,"2018/06/01 22:20:00","PORTWF","16.200001",NA,NA,NA
"D","DISPATCH","UNIT_SCADA",1,"2018/06/01 22:20:00","REPULSE","0",NA,NA,NA
"D","DISPATCH","UNIT_SCADA",1,"2018/06/01 22:20:00","ROWALLAN","6.4255",NA,NA,NA
"D","DISPATCH","UNIT_SCADA",1,"2018/06/01 22:20:00","ROYALLA1","0",NA,NA,NA
"D","DISPATCH","UNIT_SCADA",1,"2018/06/01 22:20:00","RPCG","-0.30",NA,NA,NA
"D","DISPATCH","UNIT_SCADA",1,"2018/06/01 22:20:00","RUBICON","0",NA,NA,NA
"D","DISPATCH","UNIT_SCADA",1,"2018/06/01 22:20:00","SMCSF1","0",NA,NA,NA
"D","DISPATCH","UNIT_SCADA",1,"2018/06/01 22:20:00","STARHLWF","1.499563",NA,NA,NA
"D","DISPATCH","UNIT_SCADA",1,"2018/06/01 22:20:00","WAUBRAWF","33.807999",NA,NA,NA
"D","DISPATCH","UNIT_SCADA",1,"2018/06/01 22:20:00","WOOLNTH1","0.520015",NA,NA,NA
"D","DISPATCH","UNIT_SCADA",1,"2018/06/01 22:20:00","WPWF","11",NA,NA,NA
"D","DISPATCH","UNIT_SCADA",1,"2018/06/01 22:20:00","YAMBUKWF","9.20",NA,NA,NA
"D","DISPATCH","UNIT_SCADA",1,"2018/06/01 22:20:00","YSWF1","1.80",NA,NA,NA
"D","DISPATCH","UNIT_SCADA",1,"2018/06/01 22:25:00","BARCSF1","0.20",NA,NA,NA
"D","DISPATCH","UNIT_SCADA",1,"2018/06/01 22:25:00","BUTLERSG","9.199999",NA,NA,NA
"D","DISPATCH","UNIT_SCADA",1,"2018/06/01 22:25:00","CALL_A_4","0",NA,NA,NA
"D","DISPATCH","UNIT_SCADA",1,"2018/06/01 22:25:00","CAPTL_WF","48.687996",NA,NA,NA
"D","DISPATCH","UNIT_SCADA",1,"2018/06/01 22:25:00","CATHROCK","33.48",NA,NA,NA
"D","DISPATCH","UNIT_SCADA",1,"2018/06/01 22:25:00","CHALLHWF","1.90",NA,NA,NA
"D","DISPATCH","UNIT_SCADA",1,"2018/06/01 22:25:00","CLOVER","0",NA,NA,NA
"D","DISPATCH","UNIT_SCADA",1,"2018/06/01 22:25:00","CLUNY","9.048753",NA,NA,NA
"D","DISPATCH","UNIT_SCADA",1,"2018/06/01 22:25:00","CNUNDAWF","0.901051",NA,NA,NA
"D","DISPATCH","UNIT_SCADA",1,"2018/06/01 22:25:00","CULLRGWF","14.72",NA,NA,NA
"D","DISPATCH","UNIT_SCADA",1,"2018/06/01 22:25:00","ERGT01","0",NA,NA,NA
"D","DISPATCH","UNIT_SCADA",1,"2018/06/01 22:25:00","GB01","0.049503",NA,NA,NA
"D","DISPATCH","UNIT_SCADA",1,"2018/06/01 22:25:00","GERMCRK","34.200001",NA,NA,NA
"D","DISPATCH","UNIT_SCADA",1,"2018/06/01 22:25:00","GRIFSF1","0",NA,NA,NA
"D","DISPATCH","UNIT_SCADA",1,"2018/06/01 22:25:00","HUGSF1","-0.0130",NA,NA,NA
"D","DISPATCH","UNIT_SCADA",1,"2018/06/01 22:25:00","INVICTA","0",NA,NA,NA
"D","DISPATCH","UNIT_SCADA",1,"2018/06/01 22:25:00","LKBONNY1","1.786187",NA,NA,NA
"D","DISPATCH","UNIT_SCADA",1,"2018/06/01 22:25:00","LRSF1","0.0070",NA,NA,NA
"D","DISPATCH","UNIT_SCADA",1,"2018/06/01 22:25:00","MBAHNTH","53.681259",NA,NA,NA
"D","DISPATCH","UNIT_SCADA",1,"2018/06/01 22:25:00","MLSP1","0.274001",NA,NA,NA
"D","DISPATCH","UNIT_SCADA",1,"2018/06/01 22:25:00","MLWF1","4.29",NA,NA,NA
"D","DISPATCH","UNIT_SCADA",1,"2018/06/01 22:25:00","MTMILLAR","11.214056",NA,NA,NA
"D","DISPATCH","UNIT_SCADA",1,"2018/06/01 22:25:00","PALOONA","13.04",NA,NA,NA
"D","DISPATCH","UNIT_SCADA",1,"2018/06/01 22:25:00","PIONEER","-0.90",NA,NA,NA
"D","DISPATCH","UNIT_SCADA",1,"2018/06/01 22:25:00","PORTWF","16.50",NA,NA,NA
"D","DISPATCH","UNIT_SCADA",1,"2018/06/01 22:25:00","REPULSE","0",NA,NA,NA
"D","DISPATCH","UNIT_SCADA",1,"2018/06/01 22:25:00","ROWALLAN","6.4610",NA,NA,NA
"D","DISPATCH","UNIT_SCADA",1,"2018/06/01 22:25:00","ROYALLA1","0",NA,NA,NA
"D","DISPATCH","UNIT_SCADA",1,"2018/06/01 22:25:00","RPCG","-0.30",NA,NA,NA
"D","DISPATCH","UNIT_SCADA",1,"2018/06/01 22:25:00","RUBICON","0",NA,NA,NA
"D","DISPATCH","UNIT_SCADA",1,"2018/06/01 22:25:00","SMCSF1","0",NA,NA,NA
"D","DISPATCH","UNIT_SCADA",1,"2018/06/01 22:25:00","STARHLWF","1.499563",NA,NA,NA
"D","DISPATCH","UNIT_SCADA",1,"2018/06/01 22:25:00","WAUBRAWF","32.948002",NA,NA,NA
"D","DISPATCH","UNIT_SCADA",1,"2018/06/01 22:25:00","WOOLNTH1","0.420015",NA,NA,NA
"D","DISPATCH","UNIT_SCADA",1,"2018/06/01 22:25:00","WPWF","10",NA,NA,NA
"D","DISPATCH","UNIT_SCADA",1,"2018/06/01 22:25:00","YAMBUKWF","9.30",NA,NA,NA
"D","DISPATCH","UNIT_SCADA",1,"2018/06/01 22:25:00","YSWF1","1.90",NA,NA,NA
"D","DISPATCH","UNIT_SCADA",1,"2018/06/01 22:30:00","BARCSF1","0.20",NA,NA,NA
"D","DISPATCH","UNIT_SCADA",1,"2018/06/01 22:30:00","BUTLERSG","9.199999",NA,NA,NA
"D","DISPATCH","UNIT_SCADA",1,"2018/06/01 22:30:00","CALL_A_4","0",NA,NA,NA
"D","DISPATCH","UNIT_SCADA",1,"2018/06/01 22:30:00","CAPTL_WF","46.860001",NA,NA,NA
"D","DISPATCH","UNIT_SCADA",1,"2018/06/01 22:30:00","CATHROCK","35.07",NA,NA,NA
"D","DISPATCH","UNIT_SCADA",1,"2018/06/01 22:30:00","CHALLHWF","2.40",NA,NA,NA
"D","DISPATCH","UNIT_SCADA",1,"2018/06/01 22:30:00","CLOVER","-0.02",NA,NA,NA
"D","DISPATCH","UNIT_SCADA",1,"2018/06/01 22:30:00","CLUNY","9.038682",NA,NA,NA
"D","DISPATCH","UNIT_SCADA",1,"2018/06/01 22:30:00","CNUNDAWF","1.401635",NA,NA,NA
"D","DISPATCH","UNIT_SCADA",1,"2018/06/01 22:30:00","CULLRGWF","13.70",NA,NA,NA
"D","DISPATCH","UNIT_SCADA",1,"2018/06/01 22:30:00","ERGT01","0",NA,NA,NA
"D","DISPATCH","UNIT_SCADA",1,"2018/06/01 22:30:00","GB01","0.049503",NA,NA,NA
"D","DISPATCH","UNIT_SCADA",1,"2018/06/01 22:30:00","GERMCRK","34.299999",NA,NA,NA
"D","DISPATCH","UNIT_SCADA",1,"2018/06/01 22:30:00","GRIFSF1","0",NA,NA,NA
"D","DISPATCH","UNIT_SCADA",1,"2018/06/01 22:30:00","HUGSF1","-0.0130",NA,NA,NA
"D","DISPATCH","UNIT_SCADA",1,"2018/06/01 22:30:00","INVICTA","0",NA,NA,NA
"D","DISPATCH","UNIT_SCADA",1,"2018/06/01 22:30:00","LKBONNY1","1.786187",NA,NA,NA
"D","DISPATCH","UNIT_SCADA",1,"2018/06/01 22:30:00","LRSF1","0.0070",NA,NA,NA
"D","DISPATCH","UNIT_SCADA",1,"2018/06/01 22:30:00","MBAHNTH","53.681259",NA,NA,NA
"D","DISPATCH","UNIT_SCADA",1,"2018/06/01 22:30:00","MLSP1","0.274001",NA,NA,NA
"D","DISPATCH","UNIT_SCADA",1,"2018/06/01 22:30:00","MLWF1","4.1850",NA,NA,NA
"D","DISPATCH","UNIT_SCADA",1,"2018/06/01 22:30:00","MTMILLAR","12.040042",NA,NA,NA
"D","DISPATCH","UNIT_SCADA",1,"2018/06/01 22:30:00","PALOONA","13.04",NA,NA,NA
"D","DISPATCH","UNIT_SCADA",1,"2018/06/01 22:30:00","PIONEER","-0.90",NA,NA,NA
"D","DISPATCH","UNIT_SCADA",1,"2018/06/01 22:30:00","PORTWF","16.50",NA,NA,NA
"D","DISPATCH","UNIT_SCADA",1,"2018/06/01 22:30:00","REPULSE","0",NA,NA,NA
"D","DISPATCH","UNIT_SCADA",1,"2018/06/01 22:30:00","ROWALLAN","6.39",NA,NA,NA
